timestamp	ch1	ch2	ch3
00:00:00.000	1.306960	1.329670	1.339194
00:00:00.000	1.280586	1.319414	1.315018
00:00:00.001	1.290110	1.326007	1.315018
00:00:00.001	1.312088	1.326007	1.332601
00:00:00.001	1.285714	1.320147	1.338462
00:00:00.002	1.289377	1.323077	1.323810
00:00:00.002	1.320147	1.321612	1.320879
00:00:00.003	1.341392	1.317216	1.305495
00:00:00.003	1.334066	1.315018	1.318681
00:00:00.003	1.306227	1.310623	1.355311
00:00:00.004	1.339194	1.325275	1.340659
00:00:00.004	1.340659	1.315751	1.304762
00:00:00.004	1.300366	1.310623	1.300366
00:00:00.005	1.295971	1.311355	1.295238
00:00:00.005	1.349451	1.312821	1.312821
00:00:00.005	1.382418	1.321612	1.342857
00:00:00.006	1.349451	1.314286	1.305495
00:00:00.006	1.268132	1.319414	1.312088
00:00:00.006	1.197070	1.314286	1.312821
00:00:00.007	1.249084	1.304762	1.300366
00:00:00.007	1.286447	1.323077	1.327473
00:00:00.008	1.308425	1.319414	1.331868
00:00:00.008	1.319414	1.312088	1.309158
00:00:00.008	1.347253	1.320147	1.315751
00:00:00.009	1.394872	1.322344	1.312821
00:00:00.009	1.443223	1.334066	1.335531
00:00:00.009	1.227839	1.323810	1.306960
00:00:00.010	1.194872	1.307692	1.305495
00:00:00.010	1.301099	1.320147	1.320879
00:00:00.010	1.320879	1.333333	1.320147
00:00:00.011	1.328205	1.336264	1.323077
00:00:00.011	1.317949	1.318681	1.317949
00:00:00.012	1.313553	1.322344	1.320147
00:00:00.012	1.328938	1.328938	1.327473
00:00:00.012	1.320147	1.284249	1.318681
00:00:00.013	1.302564	1.247619	1.312088
00:00:00.013	1.317949	1.271795	1.326007
00:00:00.013	1.313553	1.297436	1.329670
00:00:00.014	1.313553	1.322344	1.326007
00:00:00.014	1.322344	1.344322	1.317949
00:00:00.015	1.296703	1.364835	1.304762
00:00:00.015	1.303297	1.415385	1.320879
00:00:00.015	1.312088	1.414652	1.319414
00:00:00.015	1.307692	1.379487	1.323810
00:00:00.016	1.309890	1.319414	1.327473
00:00:00.016	1.284982	1.295238	1.315018
00:00:00.017	1.304762	1.304029	1.326740
00:00:00.017	1.315751	1.304029	1.328205
00:00:00.017	1.306227	1.292308	1.306960
00:00:00.022	1.326007	1.304029	1.310623
00:00:00.050	1.344322	1.306227	1.311355
00:00:00.050	1.339194	1.316484	1.320147
00:00:00.052	1.337729	1.310623	1.328205
00:00:00.052	1.326007	1.303297	1.317949
00:00:00.052	1.323077	1.304029	1.293773
00:00:00.052	1.315751	1.320147	1.280586
00:00:00.052	1.293773	1.327473	1.297436
00:00:00.052	1.304762	1.326740	1.350916
00:00:00.053	1.326740	1.317949	1.372161
00:00:00.053	1.321612	1.320879	1.358242
00:00:00.053	1.328205	1.323810	1.346520
00:00:00.054	1.333333	1.310623	1.331136
00:00:00.054	1.309158	1.316484	1.303297
00:00:00.054	1.279853	1.317216	1.286447
00:00:00.057	1.304762	1.318681	1.312821
00:00:00.057	1.309158	1.315018	1.299634
00:00:00.057	1.301099	1.323077	1.308425
00:00:00.057	1.308425	1.325275	1.299634
00:00:00.057	1.339927	1.316484	1.317216
00:00:00.057	1.339927	1.315018	1.367766
00:00:00.057	1.328938	1.327473	1.370696
00:00:00.057	1.300366	1.327473	1.323810
00:00:00.058	1.304762	1.323810	1.273993
00:00:00.058	1.315018	1.317949	1.260806
00:00:00.058	1.323810	1.321612	1.299634
00:00:00.059	1.344322	1.320879	1.339927
00:00:00.059	1.347253	1.309890	1.369231
00:00:00.060	1.312088	1.315751	1.341392
00:00:00.060	1.295238	1.314286	1.355311
00:00:00.060	1.243223	1.326007	1.347253
00:00:00.061	1.256410	1.328938	1.320147
00:00:00.061	1.287912	1.318681	1.302564
00:00:00.061	1.300366	1.310623	1.294505
00:00:00.062	1.331868	1.323810	1.300366
00:00:00.062	1.353114	1.315751	1.299634
00:00:00.062	1.376557	1.327473	1.315018
00:00:00.063	1.342125	1.320147	1.307692
00:00:00.063	1.301099	1.312821	1.296703
00:00:00.063	1.295971	1.319414	1.312821
00:00:00.064	1.292308	1.325275	1.311355
00:00:00.064	1.269597	1.318681	1.312821
00:00:00.065	1.296703	1.319414	1.321612
00:00:00.065	1.320879	1.326740	1.342125
00:00:00.065	1.295238	1.312088	1.336264
00:00:00.066	1.291575	1.318681	1.323810
00:00:00.066	1.310623	1.324542	1.322344
00:00:00.066	1.348718	1.318681	1.311355
00:00:00.068	1.358242	1.320147	1.312821
00:00:00.068	1.321612	1.308425	1.315018
00:00:00.068	1.356044	1.321612	1.326740
00:00:00.100	1.323810	1.315751	1.312821
00:00:00.100	1.319414	1.322344	1.318681
00:00:00.100	1.309890	1.323810	1.315018
00:00:00.101	1.303297	1.326007	1.323077
00:00:00.101	1.306960	1.326740	1.320879
00:00:00.101	1.291575	1.314286	1.319414
00:00:00.102	1.297436	1.315018	1.323077
00:00:00.102	1.312088	1.319414	1.320879
00:00:00.102	1.334066	1.326740	1.320879
00:00:00.103	1.305495	1.308425	1.291575
00:00:00.103	1.286447	1.320879	1.326007
00:00:00.104	1.273993	1.323810	1.329670
00:00:00.104	1.294505	1.323077	1.326007
00:00:00.104	1.306960	1.323810	1.328938
00:00:00.105	1.278388	1.306960	1.311355
00:00:00.105	1.332601	1.332601	1.332601
00:00:00.105	1.367766	1.325275	1.328205
00:00:00.106	1.348718	1.316484	1.327473
00:00:00.106	1.304762	1.308425	1.300366
00:00:00.106	1.303297	1.316484	1.302564
00:00:00.107	1.329670	1.331868	1.317949
00:00:00.107	1.306227	1.317216	1.312821
00:00:00.107	1.335531	1.323077	1.334066
00:00:00.108	1.305495	1.317949	1.323810
00:00:00.108	1.276923	1.312088	1.309158
00:00:00.109	1.278388	1.321612	1.306960
00:00:00.109	1.268864	1.312821	1.298901
00:00:00.109	1.267399	1.312821	1.308425
00:00:00.110	1.304762	1.318681	1.319414
00:00:00.110	1.328938	1.323077	1.330403
00:00:00.110	1.352381	1.317949	1.352381
00:00:00.111	1.410989	1.310623	1.342857
00:00:00.111	1.424176	1.308425	1.326740
00:00:00.111	1.255678	1.318681	1.328938
00:00:00.112	1.257875	1.326007	1.326740
00:00:00.112	1.293040	1.331868	1.306227
00:00:00.112	1.265201	1.321612	1.298168
00:00:00.113	1.276190	1.328938	1.308425
00:00:00.113	1.325275	1.336264	1.317216
00:00:00.116	1.338462	1.326740	1.334066
00:00:00.116	1.308425	1.317949	1.339927
00:00:00.116	1.315018	1.307692	1.327473
00:00:00.116	1.323810	1.314286	1.331136
00:00:00.116	1.312088	1.324542	1.322344
00:00:00.116	1.301832	1.321612	1.308425
00:00:00.116	1.312088	1.317949	1.294505
00:00:00.116	1.325275	1.308425	1.302564
00:00:00.116	1.337729	1.320147	1.306960
00:00:00.118	1.339194	1.322344	1.323077
00:00:00.118	1.321612	1.318681	1.309158
00:00:00.149	1.314286	1.312088	1.313553
00:00:00.152	1.318681	1.322344	1.345055
00:00:00.152	1.320147	1.320147	1.328205
00:00:00.152	1.321612	1.323077	1.332601
00:00:00.152	1.320879	1.320147	1.334066
00:00:00.152	1.300366	1.315018	1.308425
00:00:00.152	1.301832	1.323077	1.310623
00:00:00.152	1.288645	1.312821	1.311355
00:00:00.152	1.290842	1.314286	1.312088
00:00:00.153	1.285714	1.317949	1.323810
00:00:00.153	1.290842	1.319414	1.328938
00:00:00.153	1.320879	1.315018	1.316484
00:00:00.154	1.331136	1.314286	1.279853
00:00:00.154	1.339927	1.316484	1.301832
00:00:00.154	1.327473	1.300366	1.323810
00:00:00.155	1.301832	1.302564	1.314286
00:00:00.155	1.302564	1.312821	1.304762
00:00:00.155	1.309158	1.328205	1.320147
00:00:00.156	1.331868	1.338462	1.405861
00:00:00.156	1.339927	1.342125	1.372161
00:00:00.157	1.326740	1.330403	1.353114
00:00:00.157	1.332601	1.342125	1.361905
00:00:00.157	1.307692	1.329670	1.327473
00:00:00.158	1.298901	1.322344	1.302564
00:00:00.158	1.305495	1.323810	1.312821
00:00:00.158	1.307692	1.317216	1.311355
00:00:00.159	1.302564	1.317216	1.319414
00:00:00.159	1.300366	1.320879	1.306227
00:00:00.159	1.298901	1.321612	1.281319
00:00:00.160	1.265201	1.319414	1.271795
00:00:00.160	1.252747	1.307692	1.276923
00:00:00.160	1.279121	1.317216	1.304029
00:00:00.161	1.317949	1.315751	1.315018
00:00:00.161	1.360440	1.312088	1.345788
00:00:00.162	1.405861	1.327473	1.400733
00:00:00.162	1.397070	1.317949	1.353846
00:00:00.162	1.376557	1.323077	1.329670
00:00:00.163	1.332601	1.314286	1.300366
00:00:00.163	1.281319	1.308425	1.295971
00:00:00.163	1.287912	1.325275	1.318681
00:00:00.164	1.287912	1.328205	1.318681
00:00:00.164	1.289377	1.315018	1.306227
00:00:00.164	1.293773	1.310623	1.320147
00:00:00.165	1.307692	1.324542	1.314286
00:00:00.165	1.315018	1.328938	1.317216
00:00:00.165	1.329670	1.317949	1.312821
00:00:00.166	1.323810	1.309158	1.309158
00:00:00.166	1.309158	1.323077	1.326740
00:00:00.167	1.321612	1.323077	1.328205
00:00:00.167	1.315751	1.325275	1.326007
00:00:00.199	1.309158	1.323077	1.315751
00:00:00.199	1.298901	1.320879	1.319414
00:00:00.200	1.305495	1.324542	1.320879
00:00:00.200	1.291575	1.318681	1.310623
00:00:00.201	1.304762	1.320147	1.309890
00:00:00.201	1.301099	1.315751	1.318681
00:00:00.201	1.311355	1.312088	1.321612
00:00:00.202	1.328938	1.317216	1.317949
00:00:00.202	1.320147	1.315751	1.311355
00:00:00.202	1.302564	1.318681	1.317949
00:00:00.203	1.297436	1.315018	1.316484
00:00:00.204	1.309158	1.324542	1.330403
00:00:00.204	1.303297	1.323810	1.330403
00:00:00.204	1.261538	1.309890	1.323810
00:00:00.204	1.276923	1.306960	1.305495
00:00:00.204	1.326740	1.271795	1.323810
00:00:00.205	1.350916	1.264469	1.337729
00:00:00.205	1.339927	1.267399	1.314286
00:00:00.206	1.372161	1.305495	1.315018
00:00:00.206	1.373626	1.326007	1.312088
00:00:00.206	1.336264	1.347985	1.315751
00:00:00.207	1.359707	1.383883	1.323077
00:00:00.207	1.347253	1.419780	1.326007
00:00:00.207	1.309158	1.436630	1.333333
00:00:00.208	1.295971	1.403663	1.334066
00:00:00.208	1.208059	1.312821	1.307692
00:00:00.208	1.221245	1.289377	1.312088
00:00:00.209	1.284982	1.298901	1.320879
00:00:00.209	1.321612	1.302564	1.317216
00:00:00.211	1.324542	1.296703	1.309158
00:00:00.212	1.312088	1.295238	1.304762
00:00:00.212	1.312088	1.301832	1.317949
00:00:00.213	1.313553	1.308425	1.322344
00:00:00.213	1.314286	1.297436	1.315751
00:00:00.213	1.307692	1.304029	1.311355
00:00:00.213	1.303297	1.317216	1.323810
00:00:00.213	1.304029	1.320879	1.329670
00:00:00.213	1.320147	1.313553	1.318681
00:00:00.214	1.326007	1.313553	1.317949
00:00:00.214	1.362637	1.323077	1.317216
00:00:00.214	1.375824	1.315018	1.313553
00:00:00.214	1.271795	1.320879	1.327473
00:00:00.214	1.249817	1.316484	1.328938
00:00:00.218	1.301099	1.306227	1.335531
00:00:00.218	1.331868	1.320879	1.347253
00:00:00.218	1.330403	1.324542	1.319414
00:00:00.218	1.308425	1.315018	1.294505
00:00:00.218	1.304762	1.310623	1.290110
00:00:00.218	1.310623	1.318681	1.313553
00:00:00.218	1.321612	1.319414	1.313553
00:00:00.250	1.325275	1.324542	1.312088
00:00:00.250	1.317216	1.320147	1.326007
00:00:00.250	1.313553	1.323810	1.336264
00:00:00.250	1.298901	1.321612	1.311355
00:00:00.250	1.296703	1.326007	1.317216
00:00:00.251	1.307692	1.321612	1.317216
00:00:00.251	1.308425	1.320879	1.308425
00:00:00.251	1.306227	1.306960	1.307692
00:00:00.252	1.302564	1.313553	1.315751
00:00:00.252	1.346520	1.325275	1.353114
00:00:00.252	1.360440	1.322344	1.356777
00:00:00.253	1.332601	1.319414	1.334066
00:00:00.253	1.304762	1.314286	1.317216
00:00:00.254	1.306960	1.323077	1.296703
00:00:00.254	1.317949	1.329670	1.317949
00:00:00.254	1.293773	1.314286	1.293040
00:00:00.255	1.297436	1.318681	1.306227
00:00:00.255	1.306227	1.321612	1.323077
00:00:00.256	1.317949	1.317216	1.350916
00:00:00.256	1.318681	1.315018	1.338462
00:00:00.256	1.317949	1.322344	1.322344
00:00:00.256	1.317949	1.323077	1.315018
00:00:00.257	1.304762	1.320879	1.318681
00:00:00.257	1.310623	1.324542	1.309158
00:00:00.257	1.312088	1.317216	1.309158
00:00:00.258	1.300366	1.309890	1.283516
00:00:00.258	1.310623	1.315751	1.304029
00:00:00.259	1.312088	1.326007	1.309158
00:00:00.259	1.309158	1.323077	1.316484
00:00:00.259	1.309158	1.323810	1.315018
00:00:00.260	1.317949	1.315018	1.313553
00:00:00.260	1.335531	1.328205	1.351648
00:00:00.260	1.338462	1.317949	1.386081
00:00:00.261	1.326007	1.326007	1.347253
00:00:00.261	1.298901	1.307692	1.309890
00:00:00.261	1.303297	1.323077	1.315751
00:00:00.262	1.301832	1.313553	1.307692
00:00:00.262	1.305495	1.302564	1.300366
00:00:00.263	1.306227	1.309890	1.319414
00:00:00.263	1.318681	1.313553	1.313553
00:00:00.263	1.305495	1.309890	1.295971
00:00:00.264	1.307692	1.320147	1.319414
00:00:00.264	1.318681	1.322344	1.311355
00:00:00.264	1.317949	1.335531	1.317216
00:00:00.265	1.306227	1.328205	1.315018
00:00:00.265	1.307692	1.330403	1.328205
00:00:00.265	1.306960	1.324542	1.311355
00:00:00.266	1.289377	1.307692	1.300366
00:00:00.266	1.311355	1.312821	1.317949
00:00:00.266	1.309890	1.312821	1.320879
00:00:00.299	1.344322	1.318681	1.323810
00:00:00.299	1.331868	1.315751	1.298901
00:00:00.299	1.326740	1.315018	1.295238
00:00:00.300	1.320879	1.320147	1.285714
00:00:00.300	1.314286	1.314286	1.305495
00:00:00.300	1.296703	1.310623	1.344322
00:00:00.301	1.293040	1.323077	1.345055
00:00:00.301	1.287179	1.314286	1.319414
00:00:00.302	1.341392	1.319414	1.338462
00:00:00.302	1.339194	1.323810	1.337729
00:00:00.302	1.287179	1.323077	1.321612
00:00:00.303	1.288645	1.320147	1.311355
00:00:00.303	1.309158	1.324542	1.323810
00:00:00.303	1.307692	1.317949	1.314286
00:00:00.304	1.307692	1.315018	1.321612
00:00:00.304	1.341392	1.323077	1.309890
00:00:00.304	1.362637	1.318681	1.309158
00:00:00.305	1.282784	1.309890	1.311355
00:00:00.305	1.286447	1.328938	1.305495
00:00:00.305	1.300366	1.321612	1.290110
00:00:00.307	1.307692	1.309890	1.299634
00:00:00.307	1.328938	1.320147	1.322344
00:00:00.307	1.325275	1.315018	1.323077
00:00:00.307	1.305495	1.324542	1.345055
00:00:00.307	1.332601	1.325275	1.350183
00:00:00.310	1.354579	1.315751	1.347253
00:00:00.310	1.328205	1.306960	1.335531
00:00:00.310	1.312821	1.327473	1.326007
00:00:00.310	1.306227	1.324542	1.312821
00:00:00.310	1.289377	1.313553	1.305495
00:00:00.310	1.295238	1.323810	1.299634
00:00:00.310	1.308425	1.321612	1.312088
00:00:00.310	1.306227	1.319414	1.307692
00:00:00.310	1.291575	1.306960	1.281319
00:00:00.314	1.317949	1.329670	1.370696
00:00:00.314	1.283516	1.326007	1.339927
00:00:00.314	1.288645	1.322344	1.305495
00:00:00.314	1.287179	1.312821	1.284982
00:00:00.314	1.298901	1.312821	1.282784
00:00:00.314	1.372161	1.321612	1.312821
00:00:00.314	1.406593	1.319414	1.341392
00:00:00.314	1.365568	1.315018	1.350916
00:00:00.314	1.374359	1.329670	1.367766
00:00:00.314	1.342857	1.323810	1.369963
00:00:00.314	1.260806	1.320147	1.331868
00:00:00.315	1.209524	1.310623	1.300366
00:00:00.315	1.261538	1.323810	1.318681
00:00:00.316	1.302564	1.323810	1.308425
00:00:00.316	1.309890	1.319414	1.296703
00:00:00.316	1.284982	1.312821	1.295238
00:00:00.348	1.276190	1.312821	1.283516
00:00:00.349	1.304762	1.320879	1.284982
00:00:00.349	1.311355	1.317216	1.292308
00:00:00.350	1.339927	1.321612	1.290110
00:00:00.350	1.323810	1.320147	1.352381
00:00:00.350	1.321612	1.328205	1.355311
00:00:00.351	1.335531	1.319414	1.336996
00:00:00.351	1.342125	1.326007	1.339927
00:00:00.351	1.315018	1.315751	1.347253
00:00:00.352	1.361905	1.319414	1.393407
00:00:00.352	1.346520	1.317216	1.353114
00:00:00.352	1.331136	1.326007	1.309158
00:00:00.353	1.315018	1.319414	1.308425
00:00:00.353	1.312821	1.323810	1.317949
00:00:00.353	1.305495	1.315751	1.304762
00:00:00.354	1.298168	1.317216	1.298168
00:00:00.354	1.289377	1.311355	1.290842
00:00:00.355	1.290842	1.322344	1.307692
00:00:00.355	1.288645	1.316484	1.305495
00:00:00.355	1.309158	1.327473	1.320147
00:00:00.356	1.317216	1.323077	1.312821
00:00:00.356	1.323077	1.325275	1.311355
00:00:00.356	1.312088	1.312821	1.306227
00:00:00.357	1.334066	1.320147	1.339194
00:00:00.357	1.318681	1.317949	1.334066
00:00:00.357	1.293040	1.312088	1.312821
00:00:00.358	1.293773	1.324542	1.319414
00:00:00.358	1.291575	1.322344	1.320147
00:00:00.358	1.298168	1.312821	1.310623
00:00:00.359	1.309890	1.315751	1.312821
00:00:00.359	1.315018	1.320147	1.316484
00:00:00.360	1.317216	1.318681	1.312821
00:00:00.361	1.311355	1.317949	1.315751
00:00:00.361	1.316484	1.323077	1.320879
00:00:00.361	1.308425	1.316484	1.330403
00:00:00.361	1.320879	1.303297	1.323810
00:00:00.361	1.312821	1.310623	1.317216
00:00:00.362	1.320147	1.309890	1.313553
00:00:00.362	1.325275	1.322344	1.321612
00:00:00.362	1.306227	1.282051	1.314286
00:00:00.363	1.344322	1.273993	1.332601
00:00:00.363	1.334066	1.296703	1.333333
00:00:00.363	1.320147	1.317949	1.325275
00:00:00.364	1.320879	1.331136	1.317216
00:00:00.364	1.321612	1.349451	1.318681
00:00:00.365	1.309158	1.372894	1.319414
00:00:00.365	1.307692	1.412454	1.322344
00:00:00.365	1.317216	1.418315	1.326007
00:00:00.366	1.289377	1.371429	1.320147
00:00:00.366	1.282051	1.306227	1.315018
00:00:00.398	1.306227	1.303297	1.327473
00:00:00.399	1.342857	1.296703	1.315751
00:00:00.399	1.364835	1.299634	1.317949
00:00:00.399	1.372161	1.308425	1.314286
00:00:00.400	1.216117	1.309158	1.304029
00:00:00.400	1.252015	1.307692	1.298901
00:00:00.400	1.294505	1.306960	1.320879
00:00:00.401	1.313553	1.311355	1.327473
00:00:00.401	1.310623	1.316484	1.323810
00:00:00.401	1.326740	1.314286	1.335531
00:00:00.403	1.353114	1.312088	1.344322
00:00:00.403	1.315018	1.311355	1.342125
00:00:00.403	1.285714	1.317216	1.344322
00:00:00.403	1.273260	1.317949	1.317949
00:00:00.403	1.276190	1.315751	1.314286
00:00:00.406	1.293773	1.312088	1.303297
00:00:00.406	1.332601	1.320879	1.319414
00:00:00.406	1.369231	1.308425	1.316484
00:00:00.406	1.366300	1.314286	1.314286
00:00:00.406	1.371429	1.308425	1.313553
00:00:00.406	1.358974	1.323810	1.320147
00:00:00.406	1.328938	1.325275	1.303297
00:00:00.406	1.306227	1.320147	1.282784
00:00:00.406	1.290842	1.319414	1.290110
00:00:00.410	1.290842	1.321612	1.306960
00:00:00.410	1.309158	1.323810	1.315018
00:00:00.410	1.326740	1.320879	1.328205
00:00:00.410	1.335531	1.317216	1.347253
00:00:00.410	1.323077	1.323077	1.345055
00:00:00.410	1.317949	1.319414	1.319414
00:00:00.410	1.301832	1.304762	1.331868
00:00:00.410	1.285714	1.304762	1.319414
00:00:00.410	1.268132	1.309890	1.290110
00:00:00.410	1.292308	1.331868	1.290110
00:00:00.410	1.294505	1.334066	1.286447
00:00:00.411	1.290110	1.321612	1.276923
00:00:00.411	1.323810	1.339927	1.326007
00:00:00.411	1.305495	1.328205	1.355311
00:00:00.413	1.320879	1.331136	1.413187
00:00:00.413	1.284249	1.322344	1.364835
00:00:00.413	1.239560	1.312821	1.320879
00:00:00.413	1.289377	1.320147	1.300366
00:00:00.413	1.331136	1.316484	1.300366
00:00:00.414	1.364835	1.318681	1.314286
00:00:00.414	1.385348	1.316484	1.330403
00:00:00.414	1.416117	1.317216	1.364103
00:00:00.415	1.380220	1.312088	1.342857
00:00:00.415	1.320879	1.309158	1.301832
00:00:00.415	1.323810	1.324542	1.350916
00:00:00.416	1.334066	1.321612	1.311355
00:00:00.448	1.312088	1.323077	1.276923
00:00:00.448	1.304762	1.315751	1.281319
00:00:00.449	1.320879	1.320147	1.314286
00:00:00.449	1.282784	1.316484	1.311355
00:00:00.449	1.270330	1.310623	1.318681
00:00:00.450	1.235897	1.310623	1.312088
00:00:00.450	1.259341	1.313553	1.303297
00:00:00.450	1.328205	1.320147	1.309158
00:00:00.451	1.299634	1.306960	1.287179
00:00:00.451	1.307692	1.318681	1.312821
00:00:00.452	1.315751	1.329670	1.329670
00:00:00.452	1.313553	1.326740	1.323810
00:00:00.452	1.312088	1.317216	1.312088
00:00:00.453	1.317216	1.312088	1.317216
00:00:00.453	1.325275	1.315751	1.326740
00:00:00.453	1.296703	1.320147	1.328205
00:00:00.454	1.296703	1.316484	1.319414
00:00:00.454	1.317949	1.320879	1.316484
00:00:00.454	1.327473	1.320879	1.320147
00:00:00.455	1.319414	1.316484	1.304762
00:00:00.455	1.312088	1.318681	1.312088
00:00:00.456	1.329670	1.328205	1.323810
00:00:00.456	1.322344	1.319414	1.319414
00:00:00.456	1.326740	1.326007	1.332601
00:00:00.457	1.321612	1.323810	1.337729
00:00:00.457	1.311355	1.318681	1.326740
00:00:00.457	1.304762	1.327473	1.330403
00:00:00.458	1.317949	1.328938	1.331868
00:00:00.458	1.325275	1.314286	1.326007
00:00:00.458	1.331868	1.319414	1.323810
00:00:00.459	1.295971	1.309890	1.317216
00:00:00.459	1.268132	1.321612	1.313553
00:00:00.459	1.263736	1.322344	1.320879
00:00:00.460	1.290842	1.317216	1.316484
00:00:00.460	1.320879	1.318681	1.312088
00:00:00.461	1.315751	1.312821	1.311355
00:00:00.461	1.325275	1.323077	1.322344
00:00:00.461	1.313553	1.319414	1.326740
00:00:00.462	1.314286	1.320879	1.327473
00:00:00.462	1.327473	1.326007	1.320879
00:00:00.462	1.332601	1.319414	1.320147
00:00:00.463	1.319414	1.309890	1.313553
00:00:00.463	1.316484	1.311355	1.309890
00:00:00.463	1.320879	1.323077	1.328205
00:00:00.464	1.306227	1.317949	1.305495
00:00:00.465	1.300366	1.312088	1.304029
00:00:00.465	1.294505	1.317949	1.312088
00:00:00.466	1.306227	1.323077	1.309890
00:00:00.466	1.298901	1.320879	1.310623
00:00:00.470	1.285714	1.327473	1.307692
00:00:00.498	1.303297	1.321612	1.309890
00:00:00.498	1.335531	1.324542	1.326007
00:00:00.498	1.350916	1.320147	1.364835
00:00:00.500	1.350183	1.320147	1.363370
00:00:00.500	1.320879	1.315751	1.332601
00:00:00.500	1.330403	1.323810	1.334799
00:00:00.500	1.336996	1.323810	1.326740
00:00:00.500	1.339194	1.319414	1.315018
00:00:00.501	1.326007	1.325275	1.295238
00:00:00.501	1.339927	1.323810	1.295238
00:00:00.501	1.319414	1.323810	1.322344
00:00:00.503	1.315018	1.312821	1.333333
00:00:00.503	1.328938	1.304762	1.304762
00:00:00.503	1.336264	1.323810	1.323810
00:00:00.503	1.204396	1.317216	1.306960
00:00:00.503	1.235165	1.307692	1.305495
00:00:00.503	1.311355	1.295971	1.288645
00:00:00.507	1.324542	1.293040	1.304762
00:00:00.507	1.282784	1.301832	1.305495
00:00:00.507	1.257875	1.320879	1.291575
00:00:00.507	1.300366	1.330403	1.309890
00:00:00.507	1.294505	1.345788	1.283516
00:00:00.507	1.298168	1.351648	1.290842
00:00:00.507	1.326740	1.346520	1.328938
00:00:00.507	1.349451	1.341392	1.362637
00:00:00.507	1.396337	1.338462	1.394139
00:00:00.507	1.405861	1.326007	1.474725
00:00:00.507	1.354579	1.317216	1.432967
00:00:00.508	1.315751	1.315751	1.341392
00:00:00.508	1.293773	1.317216	1.289377
00:00:00.509	1.284249	1.299634	1.263004
00:00:00.509	1.346520	1.313553	1.309158
00:00:00.509	1.279121	1.303297	1.300366
00:00:00.510	1.328938	1.315018	1.312821
00:00:00.510	1.334799	1.322344	1.311355
00:00:00.510	1.287179	1.322344	1.308425
00:00:00.511	1.294505	1.322344	1.308425
00:00:00.511	1.309158	1.319414	1.295971
00:00:00.511	1.336264	1.312088	1.298168
00:00:00.512	1.378022	1.315751	1.317949
00:00:00.512	1.355311	1.319414	1.320147
00:00:00.512	1.281319	1.315018	1.320147
00:00:00.513	1.256410	1.326007	1.343590
00:00:00.513	1.214652	1.318681	1.332601
00:00:00.514	1.293773	1.326740	1.331136
00:00:00.514	1.300366	1.323077	1.313553
00:00:00.514	1.293040	1.318681	1.309158
00:00:00.515	1.291575	1.315018	1.307692
00:00:00.515	1.301099	1.310623	1.303297
00:00:00.515	1.332601	1.324542	1.320147
00:00:00.548	1.350916	1.323077	1.320147
00:00:00.548	1.309158	1.309158	1.300366
00:00:00.549	1.323810	1.323077	1.328205
00:00:00.549	1.331868	1.317949	1.317949
00:00:00.549	1.315751	1.311355	1.316484
00:00:00.549	1.315751	1.325275	1.309158
00:00:00.550	1.313553	1.322344	1.306960
00:00:00.550	1.317216	1.323810	1.312088
00:00:00.550	1.300366	1.309890	1.309158
00:00:00.551	1.304762	1.315751	1.334799
00:00:00.551	1.312088	1.320879	1.327473
00:00:00.551	1.323810	1.323077	1.314286
00:00:00.552	1.314286	1.309158	1.312821
00:00:00.552	1.313553	1.320879	1.328205
00:00:00.553	1.311355	1.321612	1.325275
00:00:00.553	1.313553	1.310623	1.313553
00:00:00.553	1.312088	1.295238	1.306227
00:00:00.554	1.309158	1.310623	1.316484
00:00:00.554	1.309158	1.326007	1.328205
00:00:00.554	1.312088	1.323077	1.311355
00:00:00.555	1.313553	1.332601	1.308425
00:00:00.555	1.309890	1.340659	1.326740
00:00:00.555	1.329670	1.338462	1.342125
00:00:00.556	1.314286	1.320147	1.320147
00:00:00.556	1.312821	1.325275	1.329670
00:00:00.556	1.319414	1.323077	1.326007
00:00:00.557	1.316484	1.320147	1.321612
00:00:00.557	1.312821	1.305495	1.313553
00:00:00.558	1.304029	1.303297	1.320879
00:00:00.558	1.301832	1.312821	1.309890
00:00:00.558	1.306960	1.310623	1.313553
00:00:00.559	1.296703	1.303297	1.309890
00:00:00.559	1.303297	1.320879	1.317216
00:00:00.559	1.309158	1.334066	1.329670
00:00:00.560	1.298168	1.326007	1.309158
00:00:00.560	1.284982	1.315018	1.303297
00:00:00.561	1.306227	1.330403	1.317949
00:00:00.561	1.323810	1.324542	1.329670
00:00:00.561	1.328938	1.312821	1.312821
00:00:00.562	1.326740	1.314286	1.320147
00:00:00.562	1.345788	1.321612	1.329670
00:00:00.562	1.347253	1.317949	1.335531
00:00:00.564	1.317949	1.317949	1.336264
00:00:00.564	1.280586	1.323077	1.297436
00:00:00.564	1.273260	1.316484	1.288645
00:00:00.566	1.268864	1.318681	1.323810
00:00:00.566	1.260806	1.317949	1.335531
00:00:00.566	1.336264	1.312088	1.310623
00:00:00.566	1.374359	1.312088	1.297436
00:00:00.566	1.427839	1.318681	1.353114
00:00:00.598	1.411722	1.326007	1.392674
00:00:00.598	1.356044	1.332601	1.357509
00:00:00.598	1.315018	1.320879	1.323810
00:00:00.598	1.259341	1.315751	1.290842
00:00:00.602	1.255678	1.317949	1.253480
00:00:00.602	1.253480	1.315018	1.289377
00:00:00.602	1.265201	1.327473	1.339194
00:00:00.602	1.263004	1.309158	1.286447
00:00:00.602	1.273260	1.323077	1.295238
00:00:00.602	1.290842	1.309158	1.306960
00:00:00.602	1.351648	1.321612	1.350183
00:00:00.602	1.394139	1.312821	1.337729
00:00:00.602	1.458608	1.317216	1.340659
00:00:00.602	1.317216	1.328938	1.394139
00:00:00.602	1.284249	1.330403	1.370696
00:00:00.603	1.307692	1.317216	1.328205
00:00:00.603	1.274725	1.320147	1.302564
00:00:00.603	1.259341	1.320879	1.290110
00:00:00.604	1.232967	1.315751	1.288645
00:00:00.604	1.252015	1.318681	1.297436
00:00:00.604	1.288645	1.315751	1.296703
00:00:00.605	1.352381	1.309158	1.320879
00:00:00.605	1.416117	1.312088	1.325275
00:00:00.606	1.397070	1.323810	1.317949
00:00:00.606	1.339927	1.315018	1.305495
00:00:00.606	1.297436	1.315018	1.307692
00:00:00.607	1.326007	1.321612	1.314286
00:00:00.607	1.305495	1.327473	1.334066
00:00:00.607	1.318681	1.326007	1.334799
00:00:00.608	1.315018	1.324542	1.336996
00:00:00.608	1.293040	1.321612	1.317216
00:00:00.608	1.274725	1.312088	1.306227
00:00:00.609	1.304762	1.328205	1.320879
00:00:00.609	1.320147	1.320879	1.319414
00:00:00.609	1.311355	1.323077	1.315751
00:00:00.610	1.279121	1.309158	1.304762
00:00:00.610	1.320147	1.328938	1.327473
00:00:00.611	1.338462	1.329670	1.338462
00:00:00.611	1.327473	1.317949	1.305495
00:00:00.611	1.345788	1.326740	1.323810
00:00:00.612	1.322344	1.312821	1.312088
00:00:00.612	1.303297	1.320879	1.326007
00:00:00.612	1.299634	1.323077	1.321612
00:00:00.613	1.292308	1.316484	1.315751
00:00:00.613	1.312088	1.325275	1.318681
00:00:00.613	1.320879	1.323810	1.326007
00:00:00.614	1.309890	1.312821	1.304029
00:00:00.614	1.305495	1.312821	1.312088
00:00:00.615	1.304762	1.315751	1.317216
00:00:00.615	1.317216	1.325275	1.323810
00:00:00.647	1.316484	1.324542	1.319414
00:00:00.647	1.312088	1.320879	1.323810
00:00:00.648	1.311355	1.323810	1.321612
00:00:00.648	1.314286	1.323077	1.327473
00:00:00.649	1.314286	1.324542	1.317949
00:00:00.649	1.317949	1.320879	1.323077
00:00:00.649	1.312088	1.321612	1.323810
00:00:00.650	1.307692	1.315751	1.310623
00:00:00.650	1.319414	1.322344	1.323077
00:00:00.650	1.301099	1.311355	1.313553
00:00:00.651	1.318681	1.324542	1.324542
00:00:00.651	1.317216	1.320147	1.323077
00:00:00.651	1.308425	1.310623	1.315018
00:00:00.652	1.303297	1.311355	1.316484
00:00:00.652	1.308425	1.323810	1.323077
00:00:00.652	1.302564	1.316484	1.298901
00:00:00.654	1.301832	1.323810	1.308425
00:00:00.654	1.293773	1.321612	1.315018
00:00:00.654	1.310623	1.320879	1.312821
00:00:00.654	1.304029	1.319414	1.304762
00:00:00.654	1.316484	1.317949	1.317216
00:00:00.655	1.325275	1.317216	1.336996
00:00:00.655	1.336264	1.324542	1.367766
00:00:00.655	1.323810	1.314286	1.334066
00:00:00.656	1.309158	1.313553	1.300366
00:00:00.656	1.314286	1.326740	1.323077
00:00:00.656	1.313553	1.323810	1.302564
00:00:00.657	1.339927	1.323810	1.313553
00:00:00.657	1.344322	1.320147	1.361172
00:00:00.657	1.345788	1.314286	1.369963
00:00:00.659	1.321612	1.313553	1.330403
00:00:00.659	1.307692	1.311355	1.295238
00:00:00.659	1.306227	1.313553	1.282051
00:00:00.659	1.293773	1.315751	1.292308
00:00:00.659	1.294505	1.323077	1.299634
00:00:00.661	1.298901	1.325275	1.331136
00:00:00.661	1.280586	1.316484	1.333333
00:00:00.661	1.260806	1.315018	1.328938
00:00:00.661	1.249084	1.323810	1.325275
00:00:00.661	1.245421	1.320879	1.306227
00:00:00.661	1.256410	1.320147	1.291575
00:00:00.662	1.326740	1.327473	1.318681
00:00:00.662	1.400000	1.315751	1.312088
00:00:00.662	1.480586	1.310623	1.300366
00:00:00.663	1.552381	1.336264	1.336996
00:00:00.663	1.517949	1.328938	1.341392
00:00:00.667	1.410989	1.324542	1.373626
00:00:00.667	1.107692	1.311355	1.351648
00:00:00.667	1.042491	1.309158	1.300366
00:00:00.667	1.152381	1.321612	1.300366
00:00:00.699	1.260806	1.325275	1.300366
00:00:00.699	1.312088	1.328938	1.314286
00:00:00.699	1.358974	1.326740	1.315751
00:00:00.699	1.378022	1.315018	1.292308
00:00:00.699	1.400000	1.331136	1.293040
00:00:00.699	1.334799	1.315018	1.306227
00:00:00.699	1.306227	1.304762	1.315018
00:00:00.699	1.271062	1.306960	1.310623
00:00:00.701	1.297436	1.298901	1.341392
00:00:00.701	1.319414	1.290842	1.345055
00:00:00.701	1.316484	1.296703	1.345788
00:00:00.701	1.302564	1.316484	1.367766
00:00:00.701	1.255678	1.322344	1.312821
00:00:00.701	1.267399	1.347985	1.317216
00:00:00.702	1.317216	1.361905	1.315751
00:00:00.702	1.347253	1.351648	1.305495
00:00:00.703	1.351648	1.359707	1.315018
00:00:00.703	1.341392	1.344322	1.321612
00:00:00.703	1.311355	1.335531	1.316484
00:00:00.704	1.309890	1.320147	1.317949
00:00:00.704	1.312088	1.302564	1.309890
00:00:00.704	1.323810	1.302564	1.315751
00:00:00.705	1.299634	1.306227	1.318681
00:00:00.706	1.312821	1.305495	1.321612
00:00:00.706	1.324542	1.305495	1.313553
00:00:00.706	1.326740	1.315018	1.320879
00:00:00.706	1.315751	1.312821	1.322344
00:00:00.707	1.318681	1.323810	1.319414
00:00:00.707	1.310623	1.319414	1.318681
00:00:00.707	1.297436	1.314286	1.318681
00:00:00.708	1.293040	1.312821	1.315018
00:00:00.708	1.317216	1.317216	1.317216
00:00:00.708	1.305495	1.310623	1.306960
00:00:00.709	1.311355	1.318681	1.328205
00:00:00.709	1.322344	1.327473	1.337729
00:00:00.709	1.316484	1.318681	1.317949
00:00:00.710	1.301832	1.306227	1.310623
00:00:00.710	1.306960	1.322344	1.323077
00:00:00.710	1.329670	1.320147	1.321612
00:00:00.711	1.329670	1.328205	1.323077
00:00:00.711	1.299634	1.307692	1.304029
00:00:00.712	1.312821	1.320147	1.331136
00:00:00.712	1.296703	1.323810	1.321612
00:00:00.712	1.309890	1.326740	1.318681
00:00:00.713	1.304762	1.315751	1.317216
00:00:00.713	1.316484	1.319414	1.323077
00:00:00.713	1.334799	1.323077	1.318681
00:00:00.714	1.331136	1.321612	1.326740
00:00:00.714	1.319414	1.315751	1.323810
00:00:00.714	1.310623	1.308425	1.309158
00:00:00.747	1.298901	1.312088	1.306960
00:00:00.747	1.307692	1.327473	1.307692
00:00:00.747	1.303297	1.323810	1.299634
00:00:00.748	1.283516	1.320879	1.307692
00:00:00.748	1.295971	1.328205	1.323810
00:00:00.748	1.294505	1.326007	1.333333
00:00:00.749	1.289377	1.308425	1.337729
00:00:00.749	1.315751	1.315018	1.339927
00:00:00.749	1.339194	1.322344	1.336996
00:00:00.750	1.389744	1.317949	1.314286
00:00:00.750	1.368498	1.317216	1.308425
00:00:00.751	1.328938	1.319414	1.294505
00:00:00.751	1.313553	1.321612	1.273260
00:00:00.751	1.319414	1.320147	1.299634
00:00:00.752	1.305495	1.316484	1.328938
00:00:00.752	1.287912	1.317216	1.367033
00:00:00.752	1.292308	1.320147	1.347253
00:00:00.753	1.301832	1.325275	1.309158
00:00:00.753	1.306960	1.317216	1.310623
00:00:00.753	1.350183	1.312821	1.398535
00:00:00.755	1.353846	1.326007	1.398535
00:00:00.755	1.322344	1.326007	1.317949
00:00:00.755	1.306227	1.327473	1.298901
00:00:00.755	1.285714	1.317949	1.292308
00:00:00.756	1.256410	1.317949	1.284982
00:00:00.757	1.282784	1.327473	1.280586
00:00:00.757	1.279121	1.312088	1.304762
00:00:00.757	1.270330	1.319414	1.318681
00:00:00.757	1.265201	1.309890	1.312088
00:00:00.757	1.315751	1.324542	1.307692
00:00:00.758	1.320879	1.316484	1.284982
00:00:00.758	1.367033	1.325275	1.380952
00:00:00.758	1.415385	1.333333	1.380952
00:00:00.758	1.368498	1.326007	1.317216
00:00:00.762	1.306960	1.326007	1.320147
00:00:00.762	1.320147	1.306227	1.312088
00:00:00.762	1.343590	1.320147	1.319414
00:00:00.762	1.306227	1.320879	1.323810
00:00:00.762	1.273260	1.315751	1.295971
00:00:00.762	1.253480	1.313553	1.300366
00:00:00.762	1.331868	1.317949	1.327473
00:00:00.762	1.327473	1.320147	1.323810
00:00:00.762	1.311355	1.312821	1.315018
00:00:00.762	1.323810	1.320147	1.328938
00:00:00.762	1.386081	1.328205	1.331136
00:00:00.763	1.389744	1.320879	1.310623
00:00:00.763	1.341392	1.309158	1.287912
00:00:00.763	1.320147	1.317949	1.309158
00:00:00.764	1.195604	1.320147	1.326740
00:00:00.764	1.178755	1.318681	1.303297
00:00:00.796	1.253480	1.313553	1.302564
00:00:00.797	1.310623	1.325275	1.331136
00:00:00.797	1.316484	1.317949	1.318681
00:00:00.797	1.312088	1.315751	1.322344
00:00:00.798	1.317216	1.317949	1.321612
00:00:00.798	1.304762	1.308425	1.310623
00:00:00.799	1.339194	1.331136	1.334066
00:00:00.799	1.329670	1.323077	1.326007
00:00:00.799	1.321612	1.324542	1.318681
00:00:00.800	1.316484	1.317216	1.322344
00:00:00.800	1.318681	1.317949	1.317949
00:00:00.800	1.304029	1.311355	1.312821
00:00:00.801	1.317216	1.315018	1.323810
00:00:00.801	1.328205	1.315751	1.323810
00:00:00.801	1.329670	1.321612	1.318681
00:00:00.802	1.323810	1.319414	1.317949
00:00:00.802	1.320879	1.316484	1.317949
00:00:00.802	1.290110	1.315751	1.316484
00:00:00.803	1.298168	1.317216	1.317949
00:00:00.803	1.306960	1.321612	1.315751
00:00:00.804	1.315018	1.320879	1.317949
00:00:00.804	1.325275	1.323810	1.320879
00:00:00.804	1.322344	1.317949	1.319414
00:00:00.805	1.320147	1.323810	1.323810
00:00:00.805	1.307692	1.317949	1.322344
00:00:00.805	1.309158	1.323810	1.325275
00:00:00.806	1.293040	1.315018	1.321612
00:00:00.806	1.315018	1.326740	1.328938
00:00:00.806	1.315751	1.325275	1.322344
00:00:00.807	1.314286	1.318681	1.312821
00:00:00.807	1.326007	1.327473	1.329670
00:00:00.807	1.314286	1.313553	1.302564
00:00:00.808	1.304029	1.319414	1.320147
00:00:00.808	1.315751	1.328205	1.328205
00:00:00.809	1.300366	1.309158	1.306960
00:00:00.809	1.316484	1.320147	1.314286
00:00:00.809	1.320879	1.323810	1.323077
00:00:00.810	1.305495	1.310623	1.312088
00:00:00.810	1.304029	1.322344	1.316484
00:00:00.810	1.321612	1.315751	1.306227
00:00:00.811	1.331868	1.309890	1.287912
00:00:00.811	1.314286	1.320147	1.306227
00:00:00.811	1.302564	1.312088	1.316484
00:00:00.812	1.315018	1.323810	1.322344
00:00:00.812	1.331136	1.319414	1.314286
00:00:00.813	1.317949	1.309890	1.338462
00:00:00.813	1.316484	1.315018	1.370696
00:00:00.813	1.318681	1.320879	1.352381
00:00:00.814	1.311355	1.325275	1.322344
00:00:00.814	1.289377	1.317216	1.300366
00:00:00.846	1.253480	1.326007	1.299634
00:00:00.847	1.257875	1.324542	1.299634
00:00:00.847	1.271795	1.311355	1.293040
00:00:00.847	1.297436	1.315751	1.304029
00:00:00.848	1.326007	1.315018	1.300366
00:00:00.848	1.337729	1.309890	1.310623
00:00:00.848	1.369231	1.326007	1.339927
00:00:00.849	1.380952	1.318681	1.362637
00:00:00.849	1.355311	1.322344	1.346520
00:00:00.849	1.341392	1.317949	1.347253
00:00:00.851	1.322344	1.320879	1.326740
00:00:00.851	1.307692	1.316484	1.303297
00:00:00.851	1.310623	1.323077	1.321612
00:00:00.851	1.290110	1.321612	1.323810
00:00:00.851	1.318681	1.326740	1.341392
00:00:00.853	1.302564	1.308425	1.317216
00:00:00.853	1.295238	1.325275	1.314286
00:00:00.853	1.309158	1.321612	1.306227
00:00:00.853	1.350183	1.315018	1.304029
00:00:00.853	1.347985	1.317216	1.309890
00:00:00.853	1.339927	1.323810	1.306960
00:00:00.854	1.312088	1.317949	1.287179
00:00:00.854	1.295238	1.318681	1.287912
00:00:00.854	1.282784	1.317216	1.295238
00:00:00.855	1.263004	1.320147	1.293773
00:00:00.855	1.218315	1.320879	1.317216
00:00:00.855	1.165568	1.304762	1.309890
00:00:00.856	1.180220	1.317216	1.300366
00:00:00.856	1.323077	1.321612	1.367033
00:00:00.857	1.400000	1.315751	1.338462
00:00:00.857	1.411722	1.320147	1.361172
00:00:00.857	1.421978	1.323810	1.351648
00:00:00.858	1.395604	1.325275	1.337729
00:00:00.858	1.352381	1.317216	1.310623
00:00:00.858	1.331868	1.319414	1.335531
00:00:00.859	1.359707	1.330403	1.366300
00:00:00.859	1.368498	1.318681	1.325275
00:00:00.859	1.331868	1.320147	1.323810
00:00:00.860	1.289377	1.323077	1.317949
00:00:00.860	1.241758	1.323077	1.309890
00:00:00.861	1.177289	1.317216	1.292308
00:00:00.861	1.247619	1.313553	1.296703
00:00:00.861	1.293040	1.321612	1.309158
00:00:00.862	1.316484	1.312821	1.304029
00:00:00.863	1.338462	1.312088	1.306960
00:00:00.863	1.324542	1.312821	1.312821
00:00:00.863	1.328205	1.326007	1.318681
00:00:00.863	1.323810	1.320147	1.328205
00:00:00.863	1.310623	1.314286	1.301832
00:00:00.864	1.314286	1.322344	1.300366
