timestamp	ch1	ch2	ch3
00:00:00.000	1.312088	1.313553	1.342125
00:00:00.000	1.298901	1.316484	1.328205
00:00:00.001	1.299634	1.325275	1.325275
00:00:00.001	1.309158	1.325275	1.348718
00:00:00.002	1.288645	1.308425	1.331136
00:00:00.002	1.284982	1.315751	1.326740
00:00:00.002	1.284982	1.315018	1.320879
00:00:00.003	1.317949	1.330403	1.320879
00:00:00.003	1.320147	1.324542	1.299634
00:00:00.003	1.312088	1.313553	1.290842
00:00:00.004	1.354579	1.327473	1.331136
00:00:00.004	1.342125	1.323810	1.333333
00:00:00.004	1.336264	1.325275	1.338462
00:00:00.005	1.314286	1.323810	1.315751
00:00:00.005	1.295238	1.309890	1.309158
00:00:00.005	1.300366	1.316484	1.311355
00:00:00.006	1.315751	1.323077	1.304029
00:00:00.006	1.304762	1.320879	1.306227
00:00:00.007	1.308425	1.326007	1.313553
00:00:00.007	1.306227	1.318681	1.313553
00:00:00.007	1.316484	1.317949	1.309158
00:00:00.008	1.320147	1.325275	1.323077
00:00:00.008	1.306960	1.318681	1.323077
00:00:00.008	1.316484	1.325275	1.325275
00:00:00.009	1.317216	1.324542	1.326740
00:00:00.009	1.302564	1.314286	1.322344
00:00:00.009	1.296703	1.323810	1.321612
00:00:00.010	1.271062	1.306960	1.303297
00:00:00.010	1.320879	1.317216	1.317216
00:00:00.011	1.331136	1.320879	1.326740
00:00:00.011	1.320147	1.317216	1.304762
00:00:00.011	1.309158	1.317216	1.313553
00:00:00.012	1.300366	1.317216	1.315751
00:00:00.012	1.308425	1.324542	1.313553
00:00:00.012	1.308425	1.315018	1.327473
00:00:00.013	1.304029	1.314286	1.312088
00:00:00.013	1.306227	1.315018	1.308425
00:00:00.013	1.328938	1.324542	1.328205
00:00:00.017	1.314286	1.312821	1.312821
00:00:00.017	1.322344	1.316484	1.318681
00:00:00.017	1.333333	1.325275	1.334799
00:00:00.017	1.320879	1.321612	1.327473
00:00:00.017	1.320879	1.323077	1.322344
00:00:00.017	1.299634	1.311355	1.309158
00:00:00.017	1.293773	1.317949	1.320879
00:00:00.017	1.312088	1.323810	1.331136
00:00:00.017	1.323077	1.323810	1.330403
00:00:00.017	1.328938	1.321612	1.333333
00:00:00.017	1.317949	1.320147	1.329670
00:00:00.018	1.302564	1.310623	1.310623
00:00:00.052	1.304762	1.320879	1.311355
00:00:00.052	1.317949	1.326007	1.325275
00:00:00.052	1.305495	1.316484	1.310623
00:00:00.052	1.307692	1.321612	1.314286
00:00:00.052	1.299634	1.305495	1.300366
00:00:00.052	1.315018	1.328938	1.321612
00:00:00.052	1.311355	1.329670	1.318681
00:00:00.052	1.311355	1.326007	1.326007
00:00:00.053	1.315751	1.323810	1.327473
00:00:00.053	1.317949	1.326740	1.323810
00:00:00.053	1.304029	1.312821	1.320147
00:00:00.054	1.299634	1.317949	1.330403
00:00:00.054	1.312088	1.323810	1.317216
00:00:00.055	1.327473	1.313553	1.314286
00:00:00.055	1.335531	1.317949	1.355311
00:00:00.055	1.327473	1.310623	1.309158
00:00:00.056	1.323810	1.318681	1.303297
00:00:00.056	1.331868	1.326007	1.288645
00:00:00.056	1.337729	1.324542	1.305495
00:00:00.057	1.344322	1.326007	1.336264
00:00:00.057	1.340659	1.323077	1.338462
00:00:00.057	1.309158	1.311355	1.323810
00:00:00.058	1.280586	1.304029	1.309158
00:00:00.058	1.309890	1.326007	1.345055
00:00:00.058	1.298168	1.317216	1.333333
00:00:00.059	1.314286	1.326007	1.358242
00:00:00.059	1.295971	1.324542	1.332601
00:00:00.060	1.289377	1.309890	1.307692
00:00:00.060	1.304762	1.317216	1.300366
00:00:00.060	1.296703	1.309158	1.305495
00:00:00.061	1.314286	1.324542	1.312088
00:00:00.061	1.316484	1.320147	1.317949
00:00:00.061	1.315018	1.323810	1.305495
00:00:00.062	1.304029	1.322344	1.300366
00:00:00.062	1.307692	1.324542	1.308425
00:00:00.062	1.300366	1.320147	1.317949
00:00:00.063	1.316484	1.319414	1.327473
00:00:00.063	1.325275	1.319414	1.313553
00:00:00.063	1.306960	1.308425	1.287179
00:00:00.064	1.327473	1.327473	1.330403
00:00:00.064	1.337729	1.330403	1.368498
00:00:00.065	1.323810	1.318681	1.340659
00:00:00.065	1.322344	1.319414	1.332601
00:00:00.065	1.324542	1.320879	1.331136
00:00:00.066	1.287179	1.311355	1.283516
00:00:00.066	1.286447	1.315751	1.312088
00:00:00.066	1.306227	1.328205	1.314286
00:00:00.067	1.285714	1.317216	1.293040
00:00:00.067	1.289377	1.308425	1.300366
00:00:00.067	1.301832	1.318681	1.296703
00:00:00.100	1.284982	1.308425	1.292308
00:00:00.100	1.316484	1.312821	1.325275
00:00:00.100	1.347253	1.313553	1.370696
00:00:00.101	1.365568	1.324542	1.349451
00:00:00.101	1.310623	1.315018	1.317949
00:00:00.101	1.285714	1.314286	1.333333
00:00:00.102	1.304029	1.323810	1.342857
00:00:00.103	1.312821	1.323077	1.309158
00:00:00.103	1.317949	1.324542	1.319414
00:00:00.103	1.326007	1.317949	1.320147
00:00:00.103	1.340659	1.308425	1.320147
00:00:00.104	1.373626	1.314286	1.331868
00:00:00.104	1.350183	1.317216	1.326740
00:00:00.104	1.308425	1.328938	1.315751
00:00:00.105	1.281319	1.315751	1.292308
00:00:00.105	1.288645	1.306227	1.312088
00:00:00.105	1.298168	1.312088	1.316484
00:00:00.106	1.312088	1.325275	1.307692
00:00:00.106	1.304762	1.323810	1.315018
00:00:00.106	1.297436	1.314286	1.310623
00:00:00.107	1.307692	1.325275	1.327473
00:00:00.107	1.304762	1.312821	1.307692
00:00:00.108	1.317216	1.326007	1.300366
00:00:00.108	1.323810	1.327473	1.312821
00:00:00.108	1.304762	1.314286	1.304762
00:00:00.109	1.301832	1.314286	1.338462
00:00:00.109	1.310623	1.323077	1.350916
00:00:00.109	1.312088	1.323810	1.321612
00:00:00.111	1.315751	1.323810	1.311355
00:00:00.111	1.296703	1.311355	1.304762
00:00:00.111	1.295238	1.314286	1.317949
00:00:00.111	1.307692	1.324542	1.321612
00:00:00.112	1.313553	1.320879	1.315018
00:00:00.112	1.320879	1.321612	1.329670
00:00:00.114	1.319414	1.313553	1.332601
00:00:00.114	1.307692	1.320147	1.330403
00:00:00.114	1.323077	1.325275	1.311355
00:00:00.114	1.330403	1.321612	1.293040
00:00:00.114	1.318681	1.313553	1.298168
00:00:00.114	1.297436	1.308425	1.317949
00:00:00.114	1.316484	1.320879	1.320147
00:00:00.114	1.331136	1.321612	1.323077
00:00:00.117	1.314286	1.312088	1.321612
00:00:00.117	1.307692	1.320147	1.329670
00:00:00.117	1.309158	1.328205	1.320147
00:00:00.117	1.307692	1.325275	1.327473
00:00:00.117	1.307692	1.317949	1.315751
00:00:00.117	1.301099	1.315751	1.320879
00:00:00.117	1.312821	1.322344	1.326740
00:00:00.117	1.324542	1.323077	1.330403
00:00:00.149	1.309890	1.313553	1.308425
00:00:00.150	1.304762	1.309890	1.299634
00:00:00.150	1.336996	1.329670	1.329670
00:00:00.150	1.310623	1.318681	1.318681
00:00:00.151	1.306227	1.323810	1.327473
00:00:00.151	1.306227	1.316484	1.317949
00:00:00.152	1.312088	1.320879	1.323077
00:00:00.152	1.312088	1.318681	1.317949
00:00:00.152	1.304762	1.317949	1.325275
00:00:00.153	1.311355	1.321612	1.319414
00:00:00.153	1.310623	1.319414	1.320879
00:00:00.153	1.311355	1.316484	1.306227
00:00:00.154	1.313553	1.322344	1.310623
00:00:00.154	1.315751	1.317949	1.320147
00:00:00.155	1.306960	1.320879	1.317949
00:00:00.155	1.307692	1.320879	1.296703
00:00:00.155	1.314286	1.321612	1.303297
00:00:00.156	1.310623	1.320147	1.300366
00:00:00.156	1.304029	1.316484	1.304762
00:00:00.156	1.307692	1.313553	1.309158
00:00:00.157	1.293040	1.306227	1.305495
00:00:00.157	1.298168	1.316484	1.328938
00:00:00.157	1.306227	1.320879	1.373626
00:00:00.158	1.320879	1.320147	1.349451
00:00:00.158	1.334066	1.321612	1.317949
00:00:00.158	1.326740	1.318681	1.296703
00:00:00.159	1.328205	1.316484	1.310623
00:00:00.159	1.345055	1.324542	1.334066
00:00:00.159	1.339927	1.322344	1.349451
00:00:00.160	1.339927	1.324542	1.364103
00:00:00.160	1.306227	1.312821	1.337729
00:00:00.161	1.276923	1.309890	1.317949
00:00:00.161	1.316484	1.325275	1.332601
00:00:00.161	1.316484	1.321612	1.312821
00:00:00.162	1.303297	1.323810	1.309158
00:00:00.162	1.300366	1.320879	1.309890
00:00:00.162	1.295971	1.313553	1.306227
00:00:00.163	1.298901	1.308425	1.303297
00:00:00.163	1.273260	1.316484	1.312088
00:00:00.163	1.279853	1.316484	1.311355
00:00:00.164	1.287912	1.321612	1.298168
00:00:00.164	1.312088	1.321612	1.292308
00:00:00.164	1.323077	1.317216	1.297436
00:00:00.165	1.332601	1.318681	1.311355
00:00:00.165	1.345788	1.319414	1.336996
00:00:00.166	1.377289	1.323810	1.356777
00:00:00.166	1.368498	1.325275	1.353846
00:00:00.166	1.316484	1.323077	1.328205
00:00:00.167	1.265201	1.315018	1.331136
00:00:00.167	1.293040	1.317949	1.334799
00:00:00.199	1.312821	1.323810	1.326740
00:00:00.200	1.315018	1.313553	1.304762
00:00:00.200	1.306227	1.315751	1.297436
00:00:00.200	1.320879	1.328205	1.317216
00:00:00.202	1.323077	1.325275	1.316484
00:00:00.202	1.298901	1.315751	1.313553
00:00:00.202	1.306960	1.318681	1.309890
00:00:00.202	1.306960	1.321612	1.321612
00:00:00.202	1.306227	1.317216	1.315751
00:00:00.202	1.299634	1.320147	1.313553
00:00:00.203	1.306960	1.319414	1.317949
00:00:00.203	1.295238	1.312821	1.312088
00:00:00.203	1.306227	1.320879	1.314286
00:00:00.204	1.326007	1.321612	1.320147
00:00:00.204	1.332601	1.321612	1.322344
00:00:00.205	1.322344	1.312821	1.308425
00:00:00.205	1.317949	1.321612	1.309890
00:00:00.207	1.306227	1.308425	1.313553
00:00:00.207	1.317216	1.323810	1.334066
00:00:00.207	1.316484	1.317216	1.328938
00:00:00.207	1.314286	1.321612	1.335531
00:00:00.209	1.303297	1.315751	1.320147
00:00:00.209	1.317216	1.322344	1.319414
00:00:00.209	1.317949	1.322344	1.321612
00:00:00.209	1.310623	1.314286	1.314286
00:00:00.209	1.300366	1.309158	1.310623
00:00:00.209	1.306227	1.321612	1.326007
00:00:00.209	1.315018	1.322344	1.333333
00:00:00.209	1.309158	1.317216	1.314286
00:00:00.213	1.304029	1.316484	1.319414
00:00:00.213	1.304029	1.312088	1.299634
00:00:00.213	1.320147	1.321612	1.325275
00:00:00.213	1.320147	1.322344	1.323810
00:00:00.213	1.298168	1.310623	1.309158
00:00:00.213	1.306960	1.317216	1.317216
00:00:00.213	1.312821	1.312821	1.307692
00:00:00.213	1.305495	1.318681	1.323077
00:00:00.213	1.312821	1.325275	1.326007
00:00:00.213	1.307692	1.323810	1.315751
00:00:00.213	1.307692	1.317216	1.304029
00:00:00.215	1.308425	1.306960	1.311355
00:00:00.215	1.327473	1.319414	1.331136
00:00:00.215	1.339927	1.331136	1.328938
00:00:00.215	1.311355	1.320879	1.306227
00:00:00.215	1.273260	1.319414	1.301832
00:00:00.215	1.276923	1.311355	1.306227
00:00:00.216	1.295971	1.305495	1.309890
00:00:00.216	1.325275	1.326007	1.333333
00:00:00.216	1.328205	1.321612	1.328205
00:00:00.217	1.331136	1.325275	1.342125
00:00:00.249	1.345788	1.323810	1.339194
00:00:00.249	1.345788	1.312088	1.315751
00:00:00.250	1.336996	1.320879	1.330403
00:00:00.250	1.316484	1.314286	1.312821
00:00:00.250	1.321612	1.328205	1.322344
00:00:00.251	1.309158	1.323077	1.304029
00:00:00.251	1.292308	1.317216	1.320147
00:00:00.251	1.300366	1.324542	1.342857
00:00:00.252	1.256410	1.323077	1.328938
00:00:00.252	1.234432	1.310623	1.315018
00:00:00.253	1.261538	1.315751	1.316484
00:00:00.253	1.317216	1.324542	1.335531
00:00:00.253	1.331868	1.326007	1.314286
00:00:00.254	1.326007	1.319414	1.286447
00:00:00.254	1.349451	1.322344	1.306960
00:00:00.254	1.394139	1.314286	1.353846
00:00:00.255	1.392674	1.314286	1.398535
00:00:00.255	1.348718	1.327473	1.336264
00:00:00.255	1.295238	1.325275	1.276923
00:00:00.256	1.276923	1.316484	1.284982
00:00:00.256	1.297436	1.327473	1.300366
00:00:00.256	1.291575	1.327473	1.286447
00:00:00.257	1.296703	1.306227	1.287179
00:00:00.257	1.352381	1.318681	1.312821
00:00:00.258	1.358242	1.308425	1.332601
00:00:00.258	1.345788	1.314286	1.328205
00:00:00.258	1.295238	1.315751	1.315018
00:00:00.259	1.273260	1.315751	1.323810
00:00:00.260	1.300366	1.317216	1.333333
00:00:00.260	1.326007	1.322344	1.359707
00:00:00.260	1.323810	1.333333	1.356044
00:00:00.260	1.306960	1.333333	1.334799
00:00:00.260	1.298168	1.328938	1.328938
00:00:00.261	1.307692	1.323077	1.322344
00:00:00.261	1.300366	1.310623	1.306227
00:00:00.261	1.300366	1.319414	1.317216
00:00:00.262	1.309158	1.326740	1.306960
00:00:00.262	1.289377	1.312821	1.296703
00:00:00.263	1.303297	1.319414	1.308425
00:00:00.263	1.297436	1.309890	1.299634
00:00:00.263	1.300366	1.319414	1.317216
00:00:00.265	1.328205	1.326740	1.323810
00:00:00.265	1.326007	1.311355	1.306227
00:00:00.265	1.330403	1.309890	1.320147
00:00:00.265	1.317216	1.310623	1.313553
00:00:00.265	1.316484	1.317949	1.306227
00:00:00.265	1.308425	1.312821	1.314286
00:00:00.266	1.312088	1.328205	1.323077
00:00:00.266	1.301832	1.317216	1.320879
00:00:00.266	1.310623	1.320879	1.320879
00:00:00.299	1.302564	1.323077	1.322344
00:00:00.299	1.301832	1.312821	1.313553
00:00:00.299	1.316484	1.324542	1.321612
00:00:00.300	1.312821	1.319414	1.313553
00:00:00.300	1.306227	1.307692	1.309158
00:00:00.300	1.308425	1.309158	1.315751
00:00:00.303	1.309158	1.320147	1.323810
00:00:00.303	1.320147	1.328205	1.329670
00:00:00.303	1.314286	1.319414	1.309890
00:00:00.303	1.302564	1.314286	1.320147
00:00:00.303	1.307692	1.313553	1.315018
00:00:00.303	1.318681	1.324542	1.326007
00:00:00.303	1.316484	1.317949	1.317949
00:00:00.303	1.312821	1.309158	1.312821
00:00:00.305	1.300366	1.310623	1.315751
00:00:00.305	1.325275	1.329670	1.336264
00:00:00.305	1.320879	1.320147	1.326007
00:00:00.306	1.315751	1.307692	1.308425
00:00:00.306	1.310623	1.311355	1.307692
00:00:00.306	1.308425	1.316484	1.317949
00:00:00.306	1.320879	1.325275	1.326007
00:00:00.306	1.312088	1.323810	1.325275
00:00:00.309	1.312088	1.322344	1.321612
00:00:00.309	1.312088	1.323077	1.320147
00:00:00.309	1.309158	1.318681	1.312821
00:00:00.309	1.318681	1.326007	1.328938
00:00:00.309	1.316484	1.322344	1.330403
00:00:00.309	1.306960	1.316484	1.319414
00:00:00.309	1.300366	1.311355	1.328205
00:00:00.309	1.309158	1.307692	1.328205
00:00:00.309	1.309890	1.323810	1.315751
00:00:00.310	1.316484	1.323810	1.302564
00:00:00.310	1.323077	1.315018	1.276923
00:00:00.311	1.307692	1.312088	1.274725
00:00:00.311	1.323810	1.323077	1.309158
00:00:00.312	1.336996	1.319414	1.327473
00:00:00.312	1.321612	1.317216	1.339927
00:00:00.312	1.317216	1.315751	1.353846
00:00:00.312	1.310623	1.326007	1.342857
00:00:00.313	1.317949	1.328205	1.326740
00:00:00.313	1.294505	1.309158	1.309890
00:00:00.313	1.301099	1.322344	1.312821
00:00:00.314	1.304762	1.323810	1.312821
00:00:00.314	1.309158	1.316484	1.305495
00:00:00.314	1.306960	1.311355	1.306960
00:00:00.315	1.310623	1.310623	1.318681
00:00:00.315	1.306227	1.314286	1.329670
00:00:00.316	1.310623	1.321612	1.323810
00:00:00.316	1.306227	1.316484	1.320147
00:00:00.316	1.313553	1.322344	1.332601
00:00:00.348	1.323810	1.327473	1.323810
00:00:00.349	1.331136	1.322344	1.314286
00:00:00.349	1.332601	1.321612	1.323810
00:00:00.350	1.310623	1.312088	1.300366
00:00:00.350	1.303297	1.320879	1.312088
00:00:00.350	1.298901	1.323810	1.306227
00:00:00.351	1.287912	1.317216	1.303297
00:00:00.351	1.290110	1.312088	1.306227
00:00:00.351	1.289377	1.312088	1.315751
00:00:00.352	1.315751	1.323810	1.333333
00:00:00.352	1.344322	1.323077	1.336264
00:00:00.352	1.360440	1.326007	1.352381
00:00:00.353	1.338462	1.309158	1.308425
00:00:00.353	1.331868	1.323077	1.308425
00:00:00.353	1.312821	1.323077	1.304029
00:00:00.354	1.296703	1.317949	1.320879
00:00:00.354	1.307692	1.315751	1.340659
00:00:00.355	1.311355	1.317949	1.343590
00:00:00.355	1.304029	1.328938	1.334066
00:00:00.355	1.289377	1.317949	1.325275
00:00:00.356	1.272527	1.320147	1.326740
00:00:00.356	1.290110	1.316484	1.305495
00:00:00.356	1.317949	1.311355	1.297436
00:00:00.357	1.312088	1.309890	1.288645
00:00:00.357	1.354579	1.328205	1.311355
00:00:00.357	1.374359	1.323077	1.354579
00:00:00.358	1.364835	1.328205	1.328938
00:00:00.358	1.333333	1.309890	1.312821
00:00:00.358	1.283516	1.318681	1.312821
00:00:00.359	1.281319	1.327473	1.335531
00:00:00.359	1.259341	1.321612	1.331868
00:00:00.360	1.290110	1.318681	1.321612
00:00:00.360	1.300366	1.321612	1.301832
00:00:00.360	1.306960	1.317216	1.302564
00:00:00.361	1.318681	1.318681	1.309890
00:00:00.361	1.316484	1.316484	1.326740
00:00:00.361	1.313553	1.315751	1.340659
00:00:00.362	1.312821	1.317216	1.342857
00:00:00.362	1.316484	1.320147	1.330403
00:00:00.362	1.340659	1.322344	1.328205
00:00:00.363	1.326007	1.312821	1.304029
00:00:00.364	1.338462	1.326740	1.300366
00:00:00.364	1.329670	1.308425	1.295238
00:00:00.364	1.326007	1.319414	1.317216
00:00:00.364	1.304762	1.326007	1.320147
00:00:00.366	1.301099	1.318681	1.302564
00:00:00.366	1.309890	1.323077	1.323077
00:00:00.366	1.308425	1.323077	1.315751
00:00:00.368	1.308425	1.320879	1.323810
00:00:00.368	1.304029	1.317216	1.314286
00:00:00.399	1.320879	1.321612	1.331868
00:00:00.399	1.328205	1.323077	1.334066
00:00:00.399	1.320147	1.321612	1.323810
00:00:00.399	1.309890	1.321612	1.328205
00:00:00.401	1.293040	1.311355	1.314286
00:00:00.401	1.306227	1.315018	1.311355
00:00:00.401	1.304762	1.321612	1.325275
00:00:00.401	1.298901	1.315018	1.306960
00:00:00.401	1.307692	1.321612	1.329670
00:00:00.401	1.317216	1.323810	1.330403
00:00:00.405	1.315751	1.320147	1.317949
00:00:00.405	1.306227	1.322344	1.309158
00:00:00.405	1.299634	1.309158	1.304762
00:00:00.405	1.317216	1.317949	1.334066
00:00:00.405	1.329670	1.328205	1.331136
00:00:00.405	1.320879	1.324542	1.315751
00:00:00.405	1.317949	1.315018	1.303297
00:00:00.405	1.323810	1.317216	1.333333
00:00:00.405	1.304762	1.317216	1.327473
00:00:00.405	1.313553	1.321612	1.323810
00:00:00.405	1.314286	1.324542	1.323077
00:00:00.407	1.309890	1.318681	1.318681
00:00:00.407	1.297436	1.308425	1.320147
00:00:00.407	1.315018	1.321612	1.326007
00:00:00.407	1.320879	1.325275	1.328205
00:00:00.407	1.326007	1.326007	1.322344
00:00:00.408	1.321612	1.321612	1.304762
00:00:00.408	1.301832	1.312088	1.308425
00:00:00.408	1.302564	1.315018	1.317216
00:00:00.409	1.312088	1.326007	1.299634
00:00:00.409	1.323077	1.317216	1.282784
00:00:00.409	1.317949	1.312821	1.306960
00:00:00.410	1.307692	1.312821	1.319414
00:00:00.410	1.311355	1.330403	1.330403
00:00:00.410	1.317949	1.317949	1.327473
00:00:00.411	1.315018	1.314286	1.317216
00:00:00.411	1.294505	1.308425	1.293773
00:00:00.411	1.307692	1.317949	1.340659
00:00:00.412	1.322344	1.326007	1.363370
00:00:00.412	1.313553	1.324542	1.335531
00:00:00.413	1.295971	1.315751	1.300366
00:00:00.413	1.297436	1.314286	1.304762
00:00:00.413	1.302564	1.317949	1.294505
00:00:00.414	1.314286	1.318681	1.295971
00:00:00.414	1.328205	1.318681	1.325275
00:00:00.414	1.309158	1.312821	1.320879
00:00:00.415	1.304029	1.322344	1.312821
00:00:00.415	1.300366	1.309158	1.303297
00:00:00.415	1.350183	1.332601	1.378022
00:00:00.417	1.330403	1.325275	1.369231
00:00:00.448	1.309158	1.318681	1.356777
00:00:00.448	1.324542	1.326007	1.311355
00:00:00.449	1.331868	1.326007	1.311355
00:00:00.449	1.311355	1.315751	1.315751
00:00:00.449	1.298168	1.316484	1.298168
00:00:00.450	1.300366	1.321612	1.299634
00:00:00.450	1.269597	1.305495	1.279853
00:00:00.450	1.325275	1.334799	1.336996
00:00:00.451	1.314286	1.323810	1.312088
00:00:00.451	1.300366	1.323810	1.286447
00:00:00.452	1.309158	1.324542	1.290110
00:00:00.452	1.306227	1.316484	1.302564
00:00:00.452	1.303297	1.307692	1.326007
00:00:00.453	1.339194	1.318681	1.357509
00:00:00.453	1.347253	1.311355	1.341392
00:00:00.453	1.298901	1.324542	1.364103
00:00:00.454	1.287179	1.313553	1.368498
00:00:00.454	1.297436	1.312821	1.340659
00:00:00.454	1.326007	1.326007	1.298901
00:00:00.455	1.353114	1.326740	1.285714
00:00:00.455	1.334066	1.327473	1.323810
00:00:00.456	1.323077	1.317949	1.310623
00:00:00.456	1.353846	1.317949	1.334066
00:00:00.456	1.339927	1.312088	1.322344
00:00:00.457	1.314286	1.309890	1.290842
00:00:00.457	1.307692	1.315018	1.309890
00:00:00.457	1.296703	1.316484	1.317949
00:00:00.458	1.303297	1.323810	1.331136
00:00:00.458	1.302564	1.321612	1.306227
00:00:00.458	1.294505	1.309890	1.297436
00:00:00.459	1.295238	1.317216	1.314286
00:00:00.459	1.310623	1.323077	1.328205
00:00:00.459	1.294505	1.309890	1.319414
00:00:00.460	1.302564	1.321612	1.325275
00:00:00.460	1.317216	1.321612	1.316484
00:00:00.462	1.295238	1.304762	1.303297
00:00:00.462	1.316484	1.323810	1.321612
00:00:00.462	1.318681	1.325275	1.320147
00:00:00.463	1.290842	1.312821	1.293773
00:00:00.463	1.280586	1.323810	1.315018
00:00:00.463	1.297436	1.314286	1.309158
00:00:00.463	1.315751	1.326007	1.327473
00:00:00.463	1.319414	1.317949	1.322344
00:00:00.463	1.308425	1.312821	1.315751
00:00:00.465	1.315751	1.316484	1.333333
00:00:00.465	1.305495	1.317216	1.325275
00:00:00.465	1.306960	1.331868	1.331868
00:00:00.465	1.288645	1.317216	1.306227
00:00:00.465	1.295971	1.309158	1.314286
00:00:00.469	1.324542	1.320147	1.323077
00:00:00.500	1.340659	1.321612	1.317216
00:00:00.500	1.340659	1.322344	1.322344
00:00:00.500	1.329670	1.305495	1.300366
00:00:00.500	1.336996	1.317949	1.307692
00:00:00.500	1.340659	1.315751	1.318681
00:00:00.500	1.310623	1.312088	1.321612
00:00:00.501	1.309158	1.322344	1.336996
00:00:00.501	1.300366	1.317216	1.322344
00:00:00.501	1.306227	1.319414	1.321612
00:00:00.501	1.306227	1.323077	1.334066
00:00:00.501	1.317216	1.323810	1.331136
00:00:00.502	1.308425	1.326740	1.323810
00:00:00.502	1.302564	1.321612	1.313553
00:00:00.502	1.293773	1.314286	1.314286
00:00:00.503	1.301832	1.311355	1.312821
00:00:00.503	1.318681	1.322344	1.326740
00:00:00.503	1.319414	1.324542	1.333333
00:00:00.504	1.312088	1.321612	1.322344
00:00:00.504	1.294505	1.313553	1.317949
00:00:00.505	1.310623	1.323810	1.323810
00:00:00.505	1.313553	1.321612	1.317949
00:00:00.505	1.304762	1.312821	1.308425
00:00:00.506	1.310623	1.322344	1.315018
00:00:00.506	1.301832	1.308425	1.293040
00:00:00.506	1.315018	1.317216	1.314286
00:00:00.507	1.318681	1.318681	1.326740
00:00:00.507	1.319414	1.322344	1.320879
00:00:00.507	1.313553	1.315751	1.304762
00:00:00.508	1.305495	1.321612	1.307692
00:00:00.508	1.322344	1.321612	1.323810
00:00:00.508	1.312088	1.326007	1.332601
00:00:00.509	1.301832	1.324542	1.315018
00:00:00.509	1.291575	1.320879	1.304029
00:00:00.510	1.309158	1.317216	1.344322
00:00:00.510	1.328205	1.328205	1.354579
00:00:00.510	1.347253	1.328205	1.386081
00:00:00.511	1.342857	1.326007	1.349451
00:00:00.511	1.329670	1.309158	1.323810
00:00:00.511	1.334066	1.323810	1.311355
00:00:00.512	1.351648	1.324542	1.310623
00:00:00.512	1.330403	1.320879	1.308425
00:00:00.512	1.295971	1.320147	1.294505
00:00:00.513	1.298168	1.322344	1.302564
00:00:00.513	1.304029	1.323810	1.308425
00:00:00.514	1.306960	1.320879	1.313553
00:00:00.514	1.297436	1.312088	1.300366
00:00:00.514	1.309158	1.324542	1.312088
00:00:00.515	1.306227	1.317949	1.326740
00:00:00.515	1.320147	1.320879	1.372894
00:00:00.515	1.325275	1.315751	1.345788
00:00:00.548	1.334066	1.321612	1.352381
00:00:00.548	1.323810	1.326007	1.326740
00:00:00.548	1.312088	1.325275	1.300366
00:00:00.549	1.279853	1.315018	1.295238
00:00:00.549	1.286447	1.324542	1.307692
00:00:00.549	1.295238	1.321612	1.297436
00:00:00.550	1.306960	1.323810	1.288645
00:00:00.550	1.299634	1.312088	1.290842
00:00:00.550	1.316484	1.319414	1.316484
00:00:00.551	1.306227	1.326007	1.339927
00:00:00.551	1.350183	1.317216	1.310623
00:00:00.551	1.362637	1.314286	1.322344
00:00:00.552	1.345788	1.321612	1.358242
00:00:00.553	1.301099	1.323810	1.327473
00:00:00.554	1.266667	1.322344	1.331136
00:00:00.554	1.267399	1.306960	1.312088
00:00:00.554	1.315751	1.318681	1.331136
00:00:00.554	1.344322	1.327473	1.356044
00:00:00.554	1.352381	1.325275	1.360440
00:00:00.554	1.333333	1.317949	1.335531
00:00:00.555	1.322344	1.322344	1.307692
00:00:00.555	1.318681	1.323810	1.308425
00:00:00.555	1.314286	1.322344	1.307692
00:00:00.556	1.304029	1.318681	1.317949
00:00:00.556	1.284249	1.311355	1.299634
00:00:00.556	1.271795	1.307692	1.292308
00:00:00.559	1.298168	1.317216	1.314286
00:00:00.559	1.323810	1.323077	1.331136
00:00:00.559	1.322344	1.323077	1.312821
00:00:00.559	1.303297	1.309158	1.298168
00:00:00.559	1.305495	1.313553	1.309158
00:00:00.560	1.329670	1.323077	1.334799
00:00:00.560	1.341392	1.325275	1.333333
00:00:00.560	1.326007	1.317949	1.312088
00:00:00.561	1.295238	1.312821	1.309158
00:00:00.561	1.298168	1.321612	1.313553
00:00:00.561	1.315751	1.323810	1.321612
00:00:00.561	1.308425	1.320147	1.316484
00:00:00.561	1.297436	1.310623	1.310623
00:00:00.561	1.304762	1.320147	1.323077
00:00:00.566	1.312088	1.322344	1.319414
00:00:00.566	1.310623	1.318681	1.312821
00:00:00.566	1.315018	1.321612	1.320147
00:00:00.566	1.321612	1.317949	1.319414
00:00:00.566	1.315751	1.317949	1.320147
00:00:00.566	1.317216	1.316484	1.320879
00:00:00.566	1.318681	1.315751	1.320879
00:00:00.566	1.315018	1.317949	1.319414
00:00:00.566	1.304762	1.318681	1.316484
00:00:00.566	1.302564	1.321612	1.313553
00:00:00.597	1.306960	1.316484	1.311355
00:00:00.598	1.317949	1.320879	1.319414
00:00:00.598	1.311355	1.313553	1.312821
00:00:00.598	1.302564	1.310623	1.310623
00:00:00.599	1.326740	1.326740	1.321612
00:00:00.599	1.330403	1.323077	1.323810
00:00:00.599	1.320879	1.313553	1.309158
00:00:00.600	1.315018	1.320147	1.314286
00:00:00.600	1.295971	1.312088	1.318681
00:00:00.600	1.315751	1.323077	1.326740
00:00:00.601	1.307692	1.319414	1.316484
00:00:00.601	1.298901	1.311355	1.312821
00:00:00.602	1.302564	1.317216	1.309890
00:00:00.602	1.300366	1.317216	1.318681
00:00:00.602	1.315018	1.326007	1.323810
00:00:00.603	1.321612	1.317949	1.317949
00:00:00.603	1.309890	1.314286	1.317949
00:00:00.603	1.298901	1.324542	1.318681
00:00:00.604	1.298901	1.321612	1.320879
00:00:00.605	1.311355	1.328938	1.321612
00:00:00.605	1.312821	1.317216	1.294505
00:00:00.605	1.320147	1.321612	1.302564
00:00:00.605	1.312088	1.305495	1.283516
00:00:00.606	1.345055	1.323810	1.314286
00:00:00.606	1.337729	1.309890	1.327473
00:00:00.606	1.323810	1.323810	1.323077
00:00:00.607	1.297436	1.309890	1.334066
00:00:00.607	1.329670	1.313553	1.336264
00:00:00.607	1.322344	1.322344	1.346520
00:00:00.608	1.313553	1.330403	1.333333
00:00:00.608	1.315751	1.320147	1.339927
00:00:00.608	1.306227	1.328205	1.328938
00:00:00.609	1.287912	1.312821	1.293040
00:00:00.609	1.279121	1.320147	1.289377
00:00:00.609	1.278388	1.320147	1.272527
00:00:00.610	1.284982	1.323077	1.279121
00:00:00.610	1.261538	1.310623	1.263736
00:00:00.611	1.231502	1.306227	1.320147
00:00:00.611	1.271062	1.323077	1.373626
00:00:00.611	1.314286	1.323810	1.337729
00:00:00.612	1.381685	1.319414	1.355311
00:00:00.612	1.445421	1.315018	1.387546
00:00:00.612	1.430037	1.324542	1.391941
00:00:00.613	1.361905	1.318681	1.331868
00:00:00.613	1.400000	1.329670	1.389011
00:00:00.613	1.395604	1.322344	1.379487
00:00:00.614	1.304762	1.315018	1.295971
00:00:00.614	1.273260	1.316484	1.276923
00:00:00.614	1.276190	1.325275	1.284982
00:00:00.615	1.272527	1.320147	1.275458
00:00:00.647	1.292308	1.325275	1.291575
00:00:00.647	1.298168	1.325275	1.300366
00:00:00.648	1.295238	1.315751	1.307692
00:00:00.648	1.302564	1.320147	1.315018
00:00:00.648	1.306960	1.322344	1.311355
00:00:00.649	1.320147	1.328205	1.327473
00:00:00.649	1.323077	1.319414	1.349451
00:00:00.650	1.284982	1.319414	1.334799
00:00:00.650	1.278388	1.311355	1.304762
00:00:00.650	1.289377	1.314286	1.307692
00:00:00.651	1.306227	1.322344	1.312821
00:00:00.651	1.306227	1.318681	1.318681
00:00:00.652	1.304762	1.312821	1.311355
00:00:00.652	1.309158	1.309890	1.312088
00:00:00.652	1.321612	1.324542	1.323810
00:00:00.652	1.302564	1.310623	1.320147
00:00:00.654	1.314286	1.322344	1.323077
00:00:00.654	1.320879	1.322344	1.320879
00:00:00.654	1.315018	1.314286	1.317216
00:00:00.657	1.326740	1.323077	1.323810
00:00:00.657	1.326740	1.321612	1.317949
00:00:00.657	1.325275	1.316484	1.318681
00:00:00.657	1.317949	1.322344	1.320147
00:00:00.657	1.291575	1.309890	1.315018
00:00:00.657	1.299634	1.323077	1.320879
00:00:00.657	1.304029	1.312821	1.308425
00:00:00.657	1.300366	1.310623	1.321612
00:00:00.657	1.298168	1.323077	1.311355
00:00:00.657	1.323077	1.319414	1.319414
00:00:00.657	1.321612	1.314286	1.326007
00:00:00.658	1.320147	1.309890	1.320147
00:00:00.662	1.326740	1.318681	1.318681
00:00:00.662	1.312088	1.308425	1.313553
00:00:00.662	1.308425	1.310623	1.307692
00:00:00.662	1.307692	1.320147	1.323810
00:00:00.662	1.291575	1.310623	1.308425
00:00:00.662	1.295971	1.320879	1.313553
00:00:00.662	1.295971	1.312821	1.310623
00:00:00.662	1.303297	1.319414	1.308425
00:00:00.662	1.312088	1.326740	1.323810
00:00:00.662	1.310623	1.324542	1.331136
00:00:00.662	1.301099	1.311355	1.321612
00:00:00.662	1.305495	1.316484	1.315751
00:00:00.662	1.319414	1.320879	1.334066
00:00:00.663	1.328938	1.321612	1.320879
00:00:00.663	1.328938	1.322344	1.317216
00:00:00.664	1.320879	1.324542	1.307692
00:00:00.664	1.306227	1.318681	1.293040
00:00:00.664	1.308425	1.327473	1.310623
00:00:00.665	1.318681	1.323810	1.337729
00:00:00.697	1.322344	1.327473	1.344322
00:00:00.697	1.324542	1.322344	1.342857
00:00:00.698	1.320147	1.326740	1.334799
00:00:00.698	1.301099	1.311355	1.299634
00:00:00.698	1.315751	1.323077	1.304029
00:00:00.699	1.303297	1.312088	1.295971
00:00:00.699	1.298901	1.320879	1.310623
00:00:00.699	1.297436	1.323810	1.292308
00:00:00.700	1.321612	1.323810	1.308425
00:00:00.700	1.344322	1.323077	1.334799
00:00:00.700	1.328938	1.308425	1.292308
00:00:00.701	1.356777	1.314286	1.375824
00:00:00.701	1.339927	1.328938	1.391209
00:00:00.701	1.323810	1.326007	1.393407
00:00:00.702	1.316484	1.326740	1.347253
00:00:00.702	1.305495	1.320147	1.307692
00:00:00.703	1.292308	1.306960	1.290110
00:00:00.703	1.288645	1.316484	1.298168
00:00:00.703	1.304762	1.312088	1.292308
00:00:00.704	1.312088	1.323810	1.314286
00:00:00.704	1.312088	1.323077	1.311355
00:00:00.704	1.296703	1.314286	1.302564
00:00:00.705	1.307692	1.321612	1.317949
00:00:00.705	1.299634	1.314286	1.309158
00:00:00.705	1.305495	1.317216	1.309158
00:00:00.706	1.299634	1.312821	1.307692
00:00:00.706	1.301099	1.316484	1.300366
00:00:00.706	1.285714	1.306960	1.300366
00:00:00.707	1.290842	1.322344	1.312088
00:00:00.707	1.314286	1.322344	1.345055
00:00:00.708	1.323077	1.308425	1.323077
00:00:00.708	1.330403	1.316484	1.321612
00:00:00.708	1.336996	1.320147	1.314286
00:00:00.709	1.330403	1.326007	1.331868
00:00:00.709	1.336264	1.326007	1.351648
00:00:00.709	1.326740	1.306227	1.368498
00:00:00.710	1.321612	1.317949	1.334799
00:00:00.710	1.325275	1.329670	1.314286
00:00:00.710	1.324542	1.325275	1.307692
00:00:00.711	1.318681	1.323810	1.307692
00:00:00.711	1.306227	1.315018	1.297436
00:00:00.711	1.301832	1.324542	1.304762
00:00:00.712	1.290842	1.312088	1.306227
00:00:00.712	1.305495	1.323077	1.311355
00:00:00.713	1.304029	1.309158	1.318681
00:00:00.713	1.308425	1.309890	1.343590
00:00:00.713	1.315751	1.318681	1.330403
00:00:00.714	1.317216	1.325275	1.325275
00:00:00.714	1.296703	1.323077	1.323810
00:00:00.714	1.279121	1.320147	1.309158
00:00:00.747	1.273260	1.312821	1.293773
00:00:00.747	1.282784	1.320147	1.294505
00:00:00.747	1.301099	1.325275	1.289377
00:00:00.748	1.325275	1.320879	1.295238
00:00:00.748	1.328205	1.322344	1.298168
00:00:00.748	1.325275	1.314286	1.296703
00:00:00.749	1.309158	1.307692	1.302564
00:00:00.749	1.363370	1.328205	1.388278
00:00:00.749	1.369231	1.327473	1.431502
00:00:00.754	1.367766	1.314286	1.388278
00:00:00.754	1.367766	1.312821	1.357509
00:00:00.754	1.317949	1.321612	1.310623
00:00:00.754	1.294505	1.323077	1.306960
00:00:00.754	1.290110	1.321612	1.302564
00:00:00.754	1.287179	1.316484	1.293773
00:00:00.754	1.284982	1.310623	1.290110
00:00:00.754	1.284249	1.310623	1.296703
00:00:00.754	1.298901	1.323077	1.312821
00:00:00.754	1.312088	1.327473	1.320147
00:00:00.754	1.320879	1.323077	1.310623
00:00:00.754	1.323810	1.313553	1.303297
00:00:00.754	1.335531	1.319414	1.305495
00:00:00.754	1.303297	1.316484	1.306227
00:00:00.758	1.295238	1.324542	1.322344
00:00:00.758	1.303297	1.324542	1.334066
00:00:00.758	1.306227	1.320879	1.326007
00:00:00.758	1.305495	1.313553	1.331136
00:00:00.758	1.300366	1.318681	1.328205
00:00:00.758	1.301099	1.319414	1.326740
00:00:00.758	1.318681	1.324542	1.332601
00:00:00.758	1.312088	1.312821	1.317216
00:00:00.758	1.304029	1.318681	1.315751
00:00:00.758	1.299634	1.317216	1.320147
00:00:00.758	1.308425	1.320879	1.315751
00:00:00.759	1.309158	1.313553	1.293040
00:00:00.759	1.315751	1.306960	1.285714
00:00:00.759	1.322344	1.321612	1.310623
00:00:00.760	1.323077	1.324542	1.312088
00:00:00.760	1.320879	1.323810	1.317949
00:00:00.761	1.313553	1.309158	1.317949
00:00:00.762	1.328938	1.323077	1.378022
00:00:00.762	1.332601	1.327473	1.339927
00:00:00.762	1.311355	1.323077	1.303297
00:00:00.762	1.306227	1.312821	1.298168
00:00:00.762	1.336996	1.311355	1.315018
00:00:00.763	1.343590	1.324542	1.326007
00:00:00.763	1.300366	1.322344	1.312821
00:00:00.763	1.279121	1.319414	1.295971
00:00:00.764	1.265201	1.320147	1.320879
00:00:00.764	1.300366	1.318681	1.323077
00:00:00.796	1.317216	1.322344	1.339927
00:00:00.797	1.316484	1.317949	1.350916
00:00:00.797	1.321612	1.316484	1.342857
00:00:00.797	1.312088	1.317949	1.334066
00:00:00.798	1.312088	1.320147	1.323810
00:00:00.798	1.309890	1.320147	1.318681
00:00:00.798	1.312088	1.321612	1.315018
00:00:00.799	1.327473	1.317949	1.291575
00:00:00.799	1.328938	1.320879	1.288645
00:00:00.800	1.295971	1.321612	1.276923
00:00:00.800	1.285714	1.317216	1.272527
00:00:00.800	1.282784	1.312088	1.272527
00:00:00.801	1.299634	1.325275	1.294505
00:00:00.801	1.314286	1.320147	1.305495
00:00:00.801	1.303297	1.317949	1.370696
00:00:00.802	1.285714	1.314286	1.373626
00:00:00.802	1.326007	1.310623	1.376557
00:00:00.802	1.341392	1.318681	1.366300
00:00:00.803	1.359707	1.328205	1.356777
00:00:00.803	1.323810	1.314286	1.321612
00:00:00.803	1.328938	1.317949	1.289377
00:00:00.804	1.372894	1.321612	1.296703
00:00:00.804	1.358242	1.310623	1.297436
00:00:00.805	1.295971	1.317216	1.306227
00:00:00.805	1.287912	1.316484	1.326740
00:00:00.805	1.298901	1.319414	1.349451
00:00:00.806	1.299634	1.321612	1.328938
00:00:00.806	1.287179	1.321612	1.303297
00:00:00.806	1.276923	1.311355	1.290842
00:00:00.807	1.306227	1.309158	1.298901
00:00:00.807	1.314286	1.312821	1.317949
00:00:00.807	1.326007	1.323077	1.315751
00:00:00.808	1.309890	1.323077	1.312088
00:00:00.808	1.317949	1.323810	1.320879
00:00:00.808	1.320879	1.315751	1.345055
00:00:00.809	1.314286	1.325275	1.339927
00:00:00.809	1.268132	1.318681	1.299634
00:00:00.810	1.294505	1.322344	1.305495
00:00:00.810	1.330403	1.306960	1.291575
00:00:00.810	1.329670	1.319414	1.342125
00:00:00.811	1.331136	1.312821	1.343590
00:00:00.811	1.328938	1.316484	1.331868
00:00:00.811	1.332601	1.322344	1.336264
00:00:00.812	1.309158	1.313553	1.307692
00:00:00.812	1.291575	1.315751	1.312821
00:00:00.812	1.295971	1.322344	1.323810
00:00:00.813	1.271795	1.312088	1.290842
00:00:00.817	1.289377	1.322344	1.303297
00:00:00.817	1.323810	1.323810	1.331136
00:00:00.817	1.331868	1.320879	1.338462
00:00:00.847	1.356044	1.326740	1.336264
00:00:00.847	1.356777	1.325275	1.312088
00:00:00.849	1.360440	1.323810	1.330403
00:00:00.849	1.368498	1.327473	1.326740
00:00:00.849	1.323810	1.328205	1.317949
00:00:00.849	1.246886	1.326740	1.311355
00:00:00.849	1.249084	1.311355	1.291575
00:00:00.849	1.290110	1.312088	1.300366
00:00:00.849	1.300366	1.310623	1.319414
00:00:00.849	1.305495	1.320147	1.318681
00:00:00.853	1.312088	1.323810	1.319414
00:00:00.853	1.312821	1.323810	1.320879
00:00:00.853	1.303297	1.307692	1.312088
00:00:00.853	1.320147	1.327473	1.328938
00:00:00.853	1.312088	1.311355	1.315018
00:00:00.853	1.306960	1.310623	1.320147
00:00:00.853	1.312821	1.312088	1.308425
00:00:00.853	1.309890	1.308425	1.313553
00:00:00.853	1.319414	1.325275	1.327473
00:00:00.853	1.302564	1.311355	1.312821
00:00:00.853	1.307692	1.323810	1.323077
00:00:00.854	1.304029	1.315018	1.311355
00:00:00.854	1.302564	1.311355	1.310623
00:00:00.854	1.291575	1.309890	1.314286
00:00:00.855	1.331868	1.330403	1.341392
00:00:00.855	1.319414	1.312821	1.321612
00:00:00.855	1.303297	1.315751	1.304762
00:00:00.856	1.297436	1.315751	1.312821
00:00:00.856	1.293773	1.320147	1.317216
00:00:00.856	1.300366	1.317949	1.323077
00:00:00.857	1.319414	1.315018	1.320879
00:00:00.857	1.331136	1.314286	1.315018
00:00:00.858	1.326007	1.309158	1.312821
00:00:00.858	1.316484	1.323810	1.315018
00:00:00.858	1.315018	1.323077	1.318681
00:00:00.859	1.316484	1.323077	1.322344
00:00:00.859	1.303297	1.312821	1.319414
00:00:00.859	1.306960	1.311355	1.298901
00:00:00.860	1.330403	1.320147	1.315751
00:00:00.860	1.333333	1.326007	1.326007
00:00:00.860	1.323077	1.321612	1.323810
00:00:00.861	1.315018	1.315018	1.312088
00:00:00.861	1.300366	1.312088	1.316484
00:00:00.861	1.301099	1.319414	1.321612
00:00:00.862	1.299634	1.320879	1.320147
00:00:00.862	1.301832	1.324542	1.311355
00:00:00.863	1.283516	1.313553	1.303297
00:00:00.863	1.298901	1.323810	1.296703
00:00:00.863	1.302564	1.327473	1.293773
00:00:00.864	1.288645	1.312821	1.286447
