timestamp	ch1	ch2	ch3
00:00:00.000	1.301099	1.313553	1.287912
00:00:00.001	1.329670	1.328205	1.297436
00:00:00.001	1.337729	1.312088	1.295238
00:00:00.001	1.344322	1.324542	1.323810
00:00:00.002	1.353114	1.326007	1.339194
00:00:00.002	1.344322	1.312821	1.329670
00:00:00.003	1.321612	1.314286	1.342857
00:00:00.003	1.304029	1.323810	1.342125
00:00:00.003	1.231502	1.315751	1.291575
00:00:00.004	1.221978	1.320147	1.289377
00:00:00.004	1.271062	1.312821	1.295971
00:00:00.004	1.303297	1.317949	1.304762
00:00:00.005	1.337729	1.317216	1.335531
00:00:00.005	1.367766	1.327473	1.387546
00:00:00.005	1.329670	1.326007	1.403663
00:00:00.006	1.326007	1.323810	1.407326
00:00:00.006	1.315751	1.323077	1.326740
00:00:00.006	1.315018	1.320147	1.315018
00:00:00.007	1.309158	1.323077	1.273260
00:00:00.007	1.306227	1.318681	1.272527
00:00:00.008	1.305495	1.316484	1.307692
00:00:00.008	1.287179	1.321612	1.302564
00:00:00.008	1.303297	1.319414	1.306960
00:00:00.009	1.311355	1.323810	1.305495
00:00:00.009	1.306960	1.320147	1.291575
00:00:00.009	1.320879	1.319414	1.326740
00:00:00.010	1.329670	1.322344	1.342125
00:00:00.010	1.312821	1.318681	1.330403
00:00:00.010	1.316484	1.315018	1.300366
00:00:00.011	1.332601	1.323810	1.322344
00:00:00.011	1.323077	1.325275	1.318681
00:00:00.012	1.284249	1.316484	1.309890
00:00:00.012	1.298168	1.309890	1.310623
00:00:00.013	1.309158	1.317949	1.305495
00:00:00.013	1.361905	1.329670	1.350183
00:00:00.013	1.358242	1.315751	1.354579
00:00:00.013	1.343590	1.326007	1.347253
00:00:00.014	1.334799	1.312821	1.313553
00:00:00.014	1.326007	1.326740	1.312821
00:00:00.014	1.298901	1.322344	1.307692
00:00:00.015	1.318681	1.310623	1.300366
00:00:00.015	1.298168	1.323077	1.304762
00:00:00.015	1.290110	1.319414	1.306227
00:00:00.016	1.304029	1.318681	1.315751
00:00:00.016	1.331136	1.321612	1.325275
00:00:00.017	1.339194	1.323077	1.318681
00:00:00.017	1.313553	1.317949	1.341392
00:00:00.017	1.303297	1.308425	1.336996
00:00:00.018	1.305495	1.326007	1.325275
00:00:00.018	1.307692	1.319414	1.318681
00:00:00.050	1.302564	1.309890	1.367766
00:00:00.051	1.316484	1.328205	1.358242
00:00:00.051	1.292308	1.307692	1.315018
00:00:00.051	1.296703	1.315018	1.304029
00:00:00.056	1.302564	1.315018	1.293040
00:00:00.056	1.294505	1.312821	1.302564
00:00:00.056	1.301832	1.319414	1.312821
00:00:00.056	1.299634	1.318681	1.315018
00:00:00.056	1.315751	1.317949	1.316484
00:00:00.056	1.309158	1.320879	1.315018
00:00:00.056	1.298901	1.308425	1.300366
00:00:00.056	1.323810	1.322344	1.317216
00:00:00.056	1.340659	1.326007	1.326740
00:00:00.056	1.331136	1.323810	1.317949
00:00:00.056	1.319414	1.322344	1.321612
00:00:00.056	1.314286	1.319414	1.309890
00:00:00.056	1.314286	1.325275	1.319414
00:00:00.056	1.297436	1.320879	1.320879
00:00:00.059	1.306227	1.317216	1.308425
00:00:00.059	1.315018	1.324542	1.320879
00:00:00.059	1.311355	1.318681	1.317949
00:00:00.059	1.306227	1.324542	1.328938
00:00:00.059	1.285714	1.304029	1.300366
00:00:00.059	1.309890	1.321612	1.326007
00:00:00.059	1.350183	1.329670	1.331868
00:00:00.059	1.364835	1.317949	1.298168
00:00:00.059	1.375824	1.314286	1.304029
00:00:00.060	1.222711	1.309890	1.308425
00:00:00.060	1.200733	1.312821	1.322344
00:00:00.061	1.315751	1.328205	1.349451
00:00:00.061	1.326740	1.320879	1.337729
00:00:00.061	1.328938	1.312088	1.323077
00:00:00.062	1.336996	1.323077	1.323077
00:00:00.062	1.320147	1.313553	1.318681
00:00:00.062	1.312088	1.320879	1.317949
00:00:00.063	1.319414	1.332601	1.334066
00:00:00.063	1.311355	1.314286	1.317949
00:00:00.063	1.295238	1.324542	1.322344
00:00:00.064	1.284249	1.312088	1.306227
00:00:00.064	1.310623	1.317216	1.306227
00:00:00.065	1.344322	1.323810	1.317216
00:00:00.065	1.339927	1.329670	1.317949
00:00:00.065	1.323810	1.323077	1.312821
00:00:00.066	1.326007	1.309158	1.297436
00:00:00.066	1.341392	1.326007	1.312088
00:00:00.066	1.321612	1.324542	1.302564
00:00:00.067	1.308425	1.314286	1.298168
00:00:00.067	1.302564	1.317949	1.331136
00:00:00.067	1.333333	1.327473	1.361172
00:00:00.068	1.316484	1.329670	1.367033
00:00:00.100	1.315751	1.330403	1.333333
00:00:00.100	1.306960	1.323810	1.330403
00:00:00.101	1.296703	1.310623	1.300366
00:00:00.101	1.283516	1.320879	1.298901
00:00:00.101	1.283516	1.312821	1.298901
00:00:00.102	1.326007	1.321612	1.310623
00:00:00.102	1.332601	1.320147	1.323810
00:00:00.102	1.363370	1.328205	1.355311
00:00:00.103	1.320147	1.320879	1.340659
00:00:00.103	1.268132	1.312821	1.312821
00:00:00.103	1.283516	1.315751	1.326007
00:00:00.104	1.296703	1.326740	1.331136
00:00:00.104	1.279853	1.309890	1.333333
00:00:00.105	1.329670	1.317949	1.356777
00:00:00.105	1.318681	1.312821	1.302564
00:00:00.105	1.336996	1.320147	1.300366
00:00:00.106	1.364103	1.315018	1.309158
00:00:00.106	1.347985	1.323810	1.309158
00:00:00.106	1.305495	1.312821	1.279853
00:00:00.107	1.296703	1.319414	1.292308
00:00:00.107	1.281319	1.311355	1.298168
00:00:00.107	1.305495	1.323810	1.320147
00:00:00.108	1.317949	1.317949	1.315751
00:00:00.108	1.301099	1.326007	1.304029
00:00:00.109	1.278388	1.312821	1.298168
00:00:00.109	1.289377	1.307692	1.309890
00:00:00.109	1.315018	1.321612	1.306960
00:00:00.110	1.311355	1.325275	1.336264
00:00:00.110	1.297436	1.315751	1.331868
00:00:00.110	1.316484	1.311355	1.334066
00:00:00.111	1.348718	1.312821	1.351648
00:00:00.111	1.345788	1.326740	1.326007
00:00:00.111	1.320147	1.320147	1.325275
00:00:00.112	1.312821	1.310623	1.358242
00:00:00.112	1.319414	1.323810	1.339927
00:00:00.112	1.298901	1.318681	1.317949
00:00:00.113	1.298168	1.321612	1.292308
00:00:00.113	1.300366	1.318681	1.300366
00:00:00.114	1.317949	1.326740	1.323810
00:00:00.114	1.318681	1.319414	1.321612
00:00:00.114	1.328938	1.318681	1.335531
00:00:00.115	1.330403	1.319414	1.317216
00:00:00.115	1.309158	1.310623	1.308425
00:00:00.115	1.300366	1.321612	1.318681
00:00:00.116	1.299634	1.327473	1.317216
00:00:00.116	1.294505	1.320147	1.320879
00:00:00.116	1.305495	1.316484	1.310623
00:00:00.121	1.300366	1.315018	1.315751
00:00:00.121	1.307692	1.320879	1.323077
00:00:00.121	1.293040	1.306960	1.300366
00:00:00.152	1.302564	1.315018	1.326007
00:00:00.152	1.313553	1.327473	1.330403
00:00:00.152	1.306960	1.317949	1.310623
00:00:00.152	1.312088	1.317216	1.309158
00:00:00.152	1.339194	1.326740	1.317216
00:00:00.152	1.320879	1.325275	1.323077
00:00:00.152	1.312088	1.319414	1.316484
00:00:00.152	1.304029	1.317949	1.307692
00:00:00.156	1.285714	1.312821	1.313553
00:00:00.156	1.301832	1.312821	1.315751
00:00:00.156	1.314286	1.324542	1.326740
00:00:00.156	1.335531	1.323810	1.326007
00:00:00.156	1.334799	1.311355	1.306227
00:00:00.156	1.307692	1.311355	1.310623
00:00:00.156	1.317949	1.326740	1.321612
00:00:00.156	1.314286	1.323810	1.332601
00:00:00.156	1.308425	1.318681	1.329670
00:00:00.156	1.308425	1.315018	1.330403
00:00:00.156	1.310623	1.326007	1.331136
00:00:00.156	1.303297	1.319414	1.313553
00:00:00.157	1.314286	1.327473	1.315751
00:00:00.158	1.321612	1.327473	1.311355
00:00:00.158	1.306227	1.309158	1.305495
00:00:00.158	1.322344	1.317216	1.329670
00:00:00.158	1.325275	1.323077	1.323810
00:00:00.159	1.321612	1.323077	1.309890
00:00:00.159	1.331868	1.328938	1.333333
00:00:00.159	1.309890	1.319414	1.322344
00:00:00.160	1.293040	1.319414	1.324542
00:00:00.160	1.310623	1.321612	1.323810
00:00:00.160	1.329670	1.325275	1.312821
00:00:00.161	1.315018	1.316484	1.290110
00:00:00.161	1.301099	1.316484	1.300366
00:00:00.161	1.311355	1.324542	1.306960
00:00:00.162	1.326007	1.322344	1.322344
00:00:00.162	1.335531	1.323810	1.341392
00:00:00.163	1.329670	1.312821	1.345788
00:00:00.163	1.315018	1.315751	1.320879
00:00:00.163	1.305495	1.322344	1.315018
00:00:00.164	1.306227	1.329670	1.329670
00:00:00.164	1.304762	1.328938	1.318681
00:00:00.164	1.288645	1.322344	1.307692
00:00:00.165	1.290110	1.312821	1.303297
00:00:00.165	1.287912	1.316484	1.317216
00:00:00.165	1.314286	1.320879	1.309158
00:00:00.166	1.319414	1.321612	1.312088
00:00:00.166	1.274725	1.315018	1.311355
00:00:00.166	1.305495	1.314286	1.307692
00:00:00.167	1.329670	1.307692	1.308425
00:00:00.167	1.317216	1.320879	1.289377
00:00:00.199	1.345788	1.321612	1.300366
00:00:00.200	1.338462	1.312821	1.312821
00:00:00.200	1.440293	1.317949	1.394139
00:00:00.200	1.438095	1.321612	1.413187
00:00:00.201	1.221978	1.324542	1.350183
00:00:00.201	1.261538	1.326007	1.320879
00:00:00.202	1.298168	1.316484	1.318681
00:00:00.202	1.330403	1.320879	1.318681
00:00:00.202	1.291575	1.312088	1.307692
00:00:00.203	1.276923	1.323810	1.297436
00:00:00.203	1.289377	1.317216	1.273260
00:00:00.203	1.287912	1.317949	1.268864
00:00:00.204	1.299634	1.320879	1.309890
00:00:00.204	1.310623	1.325275	1.347253
00:00:00.204	1.316484	1.316484	1.345788
00:00:00.205	1.342857	1.315751	1.353114
00:00:00.205	1.341392	1.326007	1.338462
00:00:00.206	1.314286	1.323810	1.300366
00:00:00.206	1.281319	1.321612	1.304029
00:00:00.206	1.307692	1.315751	1.300366
00:00:00.207	1.334799	1.319414	1.315018
00:00:00.207	1.345788	1.320147	1.306960
00:00:00.207	1.372894	1.314286	1.359707
00:00:00.208	1.349451	1.316484	1.347253
00:00:00.208	1.291575	1.321612	1.300366
00:00:00.208	1.279121	1.323077	1.289377
00:00:00.209	1.293773	1.316484	1.298901
00:00:00.209	1.290110	1.320879	1.308425
00:00:00.209	1.299634	1.321612	1.309890
00:00:00.210	1.338462	1.317949	1.313553
00:00:00.210	1.351648	1.319414	1.330403
00:00:00.211	1.327473	1.321612	1.336996
00:00:00.211	1.278388	1.318681	1.329670
00:00:00.211	1.279853	1.313553	1.315018
00:00:00.215	1.308425	1.325275	1.315751
00:00:00.215	1.304762	1.319414	1.317216
00:00:00.215	1.315751	1.320879	1.331868
00:00:00.215	1.303297	1.310623	1.318681
00:00:00.215	1.304762	1.316484	1.316484
00:00:00.215	1.309158	1.323810	1.318681
00:00:00.215	1.304762	1.319414	1.306227
00:00:00.215	1.306227	1.317949	1.307692
00:00:00.215	1.311355	1.320879	1.326740
00:00:00.216	1.312088	1.312821	1.317949
00:00:00.216	1.320147	1.317216	1.312821
00:00:00.216	1.335531	1.323077	1.321612
00:00:00.216	1.342857	1.326740	1.326740
00:00:00.216	1.314286	1.323810	1.325275
00:00:00.220	1.310623	1.324542	1.321612
00:00:00.220	1.306227	1.325275	1.321612
00:00:00.249	1.298901	1.317949	1.312821
00:00:00.250	1.295971	1.312088	1.306960
00:00:00.253	1.328938	1.313553	1.322344
00:00:00.253	1.326007	1.315751	1.323810
00:00:00.253	1.331136	1.323077	1.328205
00:00:00.253	1.321612	1.323077	1.312821
00:00:00.253	1.304029	1.312821	1.312821
00:00:00.253	1.307692	1.327473	1.309158
00:00:00.253	1.315018	1.335531	1.323810
00:00:00.253	1.317949	1.330403	1.326740
00:00:00.254	1.317949	1.320879	1.319414
00:00:00.254	1.305495	1.314286	1.317216
00:00:00.254	1.305495	1.314286	1.316484
00:00:00.254	1.310623	1.315018	1.317216
00:00:00.254	1.309890	1.322344	1.318681
00:00:00.255	1.297436	1.313553	1.315018
00:00:00.255	1.317949	1.321612	1.323810
00:00:00.255	1.317216	1.320147	1.320147
00:00:00.256	1.312088	1.314286	1.312088
00:00:00.256	1.308425	1.310623	1.309158
00:00:00.256	1.313553	1.318681	1.326740
00:00:00.257	1.320879	1.323810	1.328205
00:00:00.257	1.321612	1.320147	1.315018
00:00:00.257	1.323810	1.323810	1.318681
00:00:00.258	1.309890	1.309158	1.302564
00:00:00.258	1.338462	1.329670	1.332601
00:00:00.258	1.324542	1.328205	1.328205
00:00:00.259	1.305495	1.322344	1.317216
00:00:00.259	1.313553	1.317949	1.321612
00:00:00.260	1.300366	1.317949	1.331136
00:00:00.260	1.300366	1.325275	1.319414
00:00:00.260	1.301832	1.323077	1.308425
00:00:00.261	1.298901	1.309158	1.312088
00:00:00.261	1.304029	1.314286	1.307692
00:00:00.261	1.295238	1.313553	1.323810
00:00:00.262	1.307692	1.323810	1.326740
00:00:00.262	1.315018	1.326740	1.300366
00:00:00.262	1.323810	1.328205	1.310623
00:00:00.263	1.333333	1.317949	1.310623
00:00:00.263	1.367766	1.323077	1.347253
00:00:00.264	1.337729	1.328938	1.353114
00:00:00.264	1.304762	1.323810	1.327473
00:00:00.264	1.285714	1.317949	1.312821
00:00:00.265	1.297436	1.323077	1.320879
00:00:00.265	1.301832	1.325275	1.314286
00:00:00.265	1.299634	1.320879	1.297436
00:00:00.266	1.321612	1.316484	1.304029
00:00:00.266	1.339194	1.315018	1.328938
00:00:00.266	1.315751	1.316484	1.323810
00:00:00.267	1.333333	1.323077	1.334799
00:00:00.299	1.347253	1.330403	1.333333
00:00:00.299	1.314286	1.312088	1.311355
00:00:00.300	1.304029	1.318681	1.345055
00:00:00.300	1.306960	1.316484	1.340659
00:00:00.300	1.285714	1.326007	1.342857
00:00:00.301	1.285714	1.328938	1.317949
00:00:00.301	1.326740	1.319414	1.292308
00:00:00.301	1.380952	1.315018	1.315018
00:00:00.302	1.381685	1.310623	1.318681
00:00:00.302	1.317216	1.320147	1.308425
00:00:00.303	1.270330	1.311355	1.296703
00:00:00.303	1.104029	1.304762	1.282051
00:00:00.303	1.236630	1.320879	1.295238
00:00:00.304	1.342857	1.330403	1.340659
00:00:00.304	1.359707	1.316484	1.331136
00:00:00.304	1.383883	1.322344	1.330403
00:00:00.305	1.379487	1.317949	1.316484
00:00:00.306	1.360440	1.322344	1.370696
00:00:00.306	1.324542	1.311355	1.353114
00:00:00.306	1.309158	1.315751	1.336264
00:00:00.306	1.281319	1.312821	1.308425
00:00:00.306	1.279853	1.320147	1.299634
00:00:00.307	1.280586	1.323077	1.295971
00:00:00.307	1.279121	1.312821	1.274725
00:00:00.308	1.268132	1.312821	1.265201
00:00:00.308	1.277656	1.311355	1.282051
00:00:00.308	1.323810	1.323810	1.309158
00:00:00.313	1.334066	1.311355	1.304029
00:00:00.313	1.358242	1.311355	1.372894
00:00:00.313	1.359707	1.321612	1.358242
00:00:00.313	1.334799	1.318681	1.327473
00:00:00.313	1.365568	1.326740	1.410989
00:00:00.313	1.331136	1.321612	1.381685
00:00:00.313	1.318681	1.328205	1.336264
00:00:00.313	1.303297	1.320147	1.302564
00:00:00.313	1.259341	1.316484	1.282051
00:00:00.313	1.272527	1.313553	1.279121
00:00:00.313	1.276923	1.315751	1.297436
00:00:00.313	1.325275	1.320879	1.309158
00:00:00.313	1.318681	1.314286	1.309890
00:00:00.313	1.311355	1.311355	1.314286
00:00:00.317	1.321612	1.310623	1.305495
00:00:00.317	1.332601	1.326007	1.333333
00:00:00.317	1.314286	1.320879	1.347253
00:00:00.317	1.306227	1.313553	1.321612
00:00:00.317	1.314286	1.325275	1.317949
00:00:00.317	1.301099	1.312088	1.297436
00:00:00.317	1.310623	1.324542	1.309158
00:00:00.317	1.312088	1.320147	1.312821
00:00:00.317	1.298901	1.311355	1.313553
00:00:00.349	1.309158	1.312821	1.310623
00:00:00.349	1.317216	1.320147	1.312088
00:00:00.349	1.312088	1.323810	1.321612
00:00:00.350	1.312821	1.323077	1.315751
00:00:00.351	1.317949	1.326740	1.320147
00:00:00.351	1.300366	1.316484	1.315018
00:00:00.351	1.310623	1.313553	1.329670
00:00:00.351	1.327473	1.323810	1.334799
00:00:00.352	1.314286	1.319414	1.311355
00:00:00.352	1.304762	1.319414	1.315018
00:00:00.352	1.303297	1.317949	1.313553
00:00:00.353	1.299634	1.325275	1.327473
00:00:00.353	1.310623	1.318681	1.313553
00:00:00.353	1.318681	1.320879	1.312821
00:00:00.354	1.315751	1.315751	1.323810
00:00:00.354	1.314286	1.320147	1.329670
00:00:00.354	1.323077	1.323077	1.328938
00:00:00.355	1.305495	1.317949	1.314286
00:00:00.355	1.306960	1.313553	1.312821
00:00:00.356	1.324542	1.327473	1.328938
00:00:00.356	1.320879	1.326007	1.315018
00:00:00.356	1.305495	1.306960	1.307692
00:00:00.357	1.317949	1.317949	1.315018
00:00:00.357	1.319414	1.312821	1.316484
00:00:00.358	1.307692	1.320879	1.321612
00:00:00.358	1.314286	1.323077	1.323810
00:00:00.358	1.310623	1.317949	1.313553
00:00:00.358	1.312088	1.315751	1.317949
00:00:00.359	1.296703	1.310623	1.313553
00:00:00.359	1.302564	1.327473	1.334799
00:00:00.359	1.293040	1.312088	1.320147
00:00:00.360	1.294505	1.316484	1.308425
00:00:00.360	1.298901	1.315751	1.319414
00:00:00.361	1.306227	1.325275	1.312821
00:00:00.361	1.312088	1.307692	1.303297
00:00:00.361	1.341392	1.320147	1.304762
00:00:00.362	1.350916	1.323810	1.319414
00:00:00.362	1.342857	1.320879	1.338462
00:00:00.362	1.320147	1.326007	1.315018
00:00:00.363	1.298901	1.323077	1.278388
00:00:00.363	1.276923	1.315018	1.297436
00:00:00.363	1.298168	1.319414	1.312821
00:00:00.364	1.303297	1.322344	1.328205
00:00:00.364	1.320879	1.318681	1.350916
00:00:00.364	1.370696	1.318681	1.360440
00:00:00.365	1.361905	1.327473	1.361905
00:00:00.365	1.322344	1.321612	1.326007
00:00:00.366	1.288645	1.310623	1.305495
00:00:00.366	1.287179	1.309890	1.304762
00:00:00.366	1.279853	1.308425	1.308425
00:00:00.398	1.279121	1.314286	1.300366
00:00:00.399	1.295971	1.320879	1.290842
00:00:00.399	1.326007	1.323810	1.315751
00:00:00.400	1.328938	1.314286	1.326740
00:00:00.400	1.345055	1.331136	1.357509
00:00:00.400	1.341392	1.323810	1.323810
00:00:00.401	1.299634	1.313553	1.308425
00:00:00.401	1.242491	1.305495	1.282784
00:00:00.401	1.226374	1.312821	1.323810
00:00:00.402	1.290110	1.328205	1.354579
00:00:00.402	1.363370	1.330403	1.347253
00:00:00.402	1.375092	1.313553	1.312088
00:00:00.403	1.406593	1.316484	1.320147
00:00:00.403	1.389744	1.316484	1.332601
00:00:00.403	1.350183	1.313553	1.320147
00:00:00.404	1.309158	1.324542	1.315018
00:00:00.404	1.274725	1.317949	1.304029
00:00:00.406	1.247619	1.318681	1.304029
00:00:00.406	1.287179	1.320879	1.283516
00:00:00.406	1.283516	1.324542	1.357509
00:00:00.407	1.316484	1.320147	1.366300
00:00:00.407	1.358974	1.326740	1.334066
00:00:00.407	1.315018	1.312088	1.295238
00:00:00.408	1.293773	1.310623	1.297436
00:00:00.408	1.300366	1.324542	1.319414
00:00:00.408	1.304029	1.323810	1.315751
00:00:00.409	1.320879	1.317216	1.315751
00:00:00.409	1.349451	1.310623	1.304762
00:00:00.409	1.324542	1.314286	1.302564
00:00:00.409	1.322344	1.321612	1.311355
00:00:00.409	1.320879	1.323077	1.323810
00:00:00.413	1.307692	1.320147	1.320879
00:00:00.413	1.298901	1.314286	1.313553
00:00:00.413	1.287912	1.319414	1.321612
00:00:00.413	1.284982	1.315018	1.315018
00:00:00.413	1.320147	1.317949	1.321612
00:00:00.413	1.358974	1.317949	1.315018
00:00:00.413	1.320147	1.322344	1.323810
00:00:00.413	1.220513	1.323077	1.317949
00:00:00.413	1.287912	1.319414	1.317949
00:00:00.413	1.323077	1.317216	1.320879
00:00:00.413	1.324542	1.318681	1.321612
00:00:00.415	1.338462	1.321612	1.323810
00:00:00.415	1.342857	1.327473	1.326740
00:00:00.415	1.326740	1.314286	1.318681
00:00:00.415	1.320879	1.314286	1.320147
00:00:00.415	1.285714	1.315018	1.317216
00:00:00.415	1.270330	1.324542	1.323810
00:00:00.416	1.287179	1.323077	1.323810
00:00:00.416	1.313553	1.310623	1.323810
00:00:00.448	1.342857	1.324542	1.327473
00:00:00.449	1.317949	1.317949	1.318681
00:00:00.449	1.302564	1.322344	1.317949
00:00:00.449	1.300366	1.326007	1.320879
00:00:00.450	1.306960	1.309890	1.309158
00:00:00.450	1.322344	1.326007	1.321612
00:00:00.450	1.323077	1.321612	1.320147
00:00:00.451	1.339927	1.310623	1.311355
00:00:00.451	1.331868	1.315018	1.314286
00:00:00.451	1.302564	1.309158	1.323077
00:00:00.452	1.308425	1.311355	1.311355
00:00:00.452	1.309158	1.312821	1.315018
00:00:00.453	1.298901	1.312088	1.314286
00:00:00.453	1.312088	1.326007	1.323810
00:00:00.453	1.315018	1.329670	1.326007
00:00:00.454	1.306227	1.326740	1.318681
00:00:00.454	1.312088	1.326007	1.307692
00:00:00.454	1.304762	1.318681	1.309890
00:00:00.455	1.312821	1.322344	1.321612
00:00:00.455	1.317949	1.319414	1.323810
00:00:00.455	1.320879	1.321612	1.320879
00:00:00.456	1.317949	1.317949	1.318681
00:00:00.456	1.307692	1.309158	1.329670
00:00:00.456	1.314286	1.318681	1.336264
00:00:00.457	1.318681	1.323810	1.334799
00:00:00.457	1.312088	1.326007	1.333333
00:00:00.458	1.300366	1.326740	1.323810
00:00:00.458	1.283516	1.317216	1.291575
00:00:00.458	1.304029	1.323077	1.289377
00:00:00.459	1.320147	1.320879	1.305495
00:00:00.459	1.312088	1.323077	1.293773
00:00:00.459	1.287179	1.315018	1.287179
00:00:00.460	1.284982	1.307692	1.297436
00:00:00.460	1.346520	1.316484	1.330403
00:00:00.460	1.342857	1.326007	1.383883
00:00:00.461	1.328205	1.318681	1.335531
00:00:00.461	1.343590	1.314286	1.346520
00:00:00.461	1.302564	1.313553	1.299634
00:00:00.463	1.326740	1.333333	1.311355
00:00:00.463	1.329670	1.326740	1.315018
00:00:00.463	1.322344	1.319414	1.326007
00:00:00.463	1.301832	1.310623	1.358242
00:00:00.463	1.297436	1.317216	1.367766
00:00:00.464	1.325275	1.325275	1.338462
00:00:00.464	1.323810	1.317949	1.306960
00:00:00.464	1.331868	1.321612	1.315018
00:00:00.466	1.317949	1.310623	1.319414
00:00:00.466	1.335531	1.323810	1.322344
00:00:00.466	1.326007	1.326740	1.309158
00:00:00.466	1.285714	1.320147	1.297436
00:00:00.498	1.289377	1.325275	1.309890
00:00:00.498	1.273993	1.322344	1.300366
00:00:00.499	1.275458	1.323810	1.299634
00:00:00.499	1.306960	1.301099	1.291575
00:00:00.499	1.288645	1.293773	1.303297
00:00:00.500	1.268864	1.304762	1.274725
00:00:00.500	1.312088	1.326740	1.306227
00:00:00.502	1.311355	1.308425	1.290842
00:00:00.502	1.375824	1.328205	1.381685
00:00:00.502	1.377289	1.316484	1.359707
00:00:00.503	1.361905	1.319414	1.343590
00:00:00.503	1.314286	1.316484	1.351648
00:00:00.503	1.285714	1.323810	1.350916
00:00:00.503	1.284249	1.312821	1.316484
00:00:00.503	1.284249	1.310623	1.302564
00:00:00.503	1.265201	1.321612	1.309158
00:00:00.505	1.256410	1.310623	1.300366
00:00:00.505	1.279121	1.314286	1.300366
00:00:00.505	1.325275	1.319414	1.307692
00:00:00.505	1.330403	1.302564	1.296703
00:00:00.505	1.368498	1.320147	1.319414
00:00:00.509	1.404396	1.326007	1.327473
00:00:00.509	1.341392	1.312821	1.316484
00:00:00.509	1.294505	1.313553	1.309158
00:00:00.509	1.279121	1.315018	1.309890
00:00:00.509	1.293040	1.318681	1.319414
00:00:00.509	1.290842	1.311355	1.309890
00:00:00.509	1.293773	1.315751	1.317949
00:00:00.509	1.306227	1.322344	1.323077
00:00:00.509	1.309158	1.325275	1.323077
00:00:00.509	1.300366	1.316484	1.310623
00:00:00.509	1.318681	1.320147	1.302564
00:00:00.509	1.312821	1.312088	1.307692
00:00:00.510	1.293040	1.320147	1.316484
00:00:00.510	1.296703	1.319414	1.310623
00:00:00.511	1.310623	1.322344	1.318681
00:00:00.511	1.326740	1.319414	1.323077
00:00:00.511	1.325275	1.312088	1.328205
00:00:00.512	1.322344	1.314286	1.332601
00:00:00.512	1.345055	1.325275	1.360440
00:00:00.512	1.343590	1.324542	1.344322
00:00:00.513	1.315751	1.317949	1.309890
00:00:00.513	1.312088	1.323810	1.323810
00:00:00.513	1.295238	1.325275	1.314286
00:00:00.514	1.295238	1.318681	1.300366
00:00:00.515	1.290110	1.318681	1.294505
00:00:00.515	1.305495	1.324542	1.305495
00:00:00.515	1.313553	1.323810	1.308425
00:00:00.515	1.324542	1.317949	1.326007
00:00:00.516	1.331868	1.322344	1.331868
00:00:00.548	1.323077	1.318681	1.323810
00:00:00.548	1.319414	1.324542	1.325275
00:00:00.548	1.315018	1.320879	1.322344
00:00:00.549	1.290110	1.317949	1.311355
00:00:00.549	1.252747	1.324542	1.315751
00:00:00.550	1.268132	1.318681	1.309158
00:00:00.550	1.315018	1.319414	1.324542
00:00:00.550	1.328938	1.306960	1.313553
00:00:00.551	1.330403	1.320147	1.318681
00:00:00.551	1.342125	1.322344	1.320879
00:00:00.551	1.350183	1.325275	1.334066
00:00:00.552	1.323810	1.325275	1.328938
00:00:00.552	1.296703	1.312088	1.312821
00:00:00.552	1.301832	1.322344	1.328938
00:00:00.553	1.323810	1.323077	1.311355
00:00:00.553	1.362637	1.318681	1.286447
00:00:00.553	1.353114	1.311355	1.287912
00:00:00.554	1.345055	1.324542	1.330403
00:00:00.554	1.323077	1.326740	1.353114
00:00:00.555	1.300366	1.315018	1.328205
00:00:00.555	1.291575	1.320879	1.326007
00:00:00.555	1.268864	1.313553	1.327473
00:00:00.556	1.299634	1.327473	1.345055
00:00:00.556	1.325275	1.322344	1.333333
00:00:00.556	1.326740	1.322344	1.328205
00:00:00.557	1.326007	1.321612	1.343590
00:00:00.557	1.272527	1.322344	1.314286
00:00:00.557	1.272527	1.316484	1.288645
00:00:00.558	1.319414	1.326740	1.326007
00:00:00.558	1.336264	1.327473	1.342857
00:00:00.558	1.304762	1.318681	1.315751
00:00:00.559	1.300366	1.313553	1.301832
00:00:00.559	1.293773	1.312088	1.303297
00:00:00.560	1.328205	1.320147	1.298168
00:00:00.560	1.354579	1.312821	1.291575
00:00:00.560	1.367766	1.326740	1.317949
00:00:00.561	1.305495	1.326740	1.347253
00:00:00.561	1.244689	1.323077	1.339927
00:00:00.561	1.265201	1.315751	1.302564
00:00:00.562	1.304029	1.326007	1.334799
00:00:00.562	1.288645	1.322344	1.320147
00:00:00.562	1.269597	1.312821	1.280586
00:00:00.563	1.282051	1.321612	1.293773
00:00:00.563	1.304029	1.324542	1.300366
00:00:00.564	1.322344	1.326740	1.300366
00:00:00.564	1.340659	1.322344	1.308425
00:00:00.564	1.361172	1.308425	1.337729
00:00:00.567	1.438828	1.312088	1.403663
00:00:00.567	1.401465	1.315018	1.411722
00:00:00.567	1.358242	1.326007	1.366300
00:00:00.598	1.331136	1.323810	1.322344
00:00:00.598	1.320147	1.325275	1.302564
00:00:00.601	1.295971	1.320879	1.287912
00:00:00.601	1.265201	1.321612	1.300366
00:00:00.601	1.235897	1.324542	1.299634
00:00:00.601	1.267399	1.320879	1.306227
00:00:00.601	1.294505	1.315018	1.309158
00:00:00.601	1.300366	1.309158	1.321612
00:00:00.601	1.309158	1.313553	1.312821
00:00:00.601	1.316484	1.320879	1.313553
00:00:00.601	1.323810	1.323077	1.328205
00:00:00.601	1.320147	1.326007	1.331136
00:00:00.605	1.312821	1.320879	1.323077
00:00:00.605	1.292308	1.313553	1.312821
00:00:00.605	1.301099	1.323077	1.306227
00:00:00.605	1.313553	1.323810	1.300366
00:00:00.605	1.328205	1.320147	1.320147
00:00:00.605	1.322344	1.312821	1.321612
00:00:00.605	1.289377	1.309158	1.311355
00:00:00.605	1.282051	1.320879	1.306227
00:00:00.605	1.238095	1.312821	1.291575
00:00:00.605	1.263736	1.320879	1.298901
00:00:00.605	1.275458	1.308425	1.287912
00:00:00.606	1.330403	1.315751	1.319414
00:00:00.606	1.361172	1.314286	1.342125
00:00:00.606	1.380952	1.320879	1.321612
00:00:00.607	1.424908	1.326740	1.356044
00:00:00.607	1.408059	1.323810	1.356777
00:00:00.608	1.357509	1.317949	1.357509
00:00:00.608	1.321612	1.326007	1.332601
00:00:00.608	1.326007	1.326740	1.321612
00:00:00.609	1.317949	1.319414	1.306960
00:00:00.609	1.293773	1.309158	1.300366
00:00:00.609	1.303297	1.319414	1.310623
00:00:00.610	1.299634	1.324542	1.312821
00:00:00.610	1.287179	1.327473	1.313553
00:00:00.610	1.267399	1.315751	1.315751
00:00:00.611	1.236630	1.309890	1.310623
00:00:00.611	1.267399	1.321612	1.317949
00:00:00.611	1.320147	1.323810	1.315018
00:00:00.612	1.320879	1.317949	1.309890
00:00:00.612	1.311355	1.320879	1.316484
00:00:00.613	1.312088	1.317216	1.320147
00:00:00.613	1.309158	1.319414	1.322344
00:00:00.613	1.316484	1.318681	1.323810
00:00:00.614	1.323810	1.317949	1.311355
00:00:00.614	1.301832	1.317949	1.320879
00:00:00.614	1.268864	1.316484	1.303297
00:00:00.615	1.296703	1.320879	1.330403
00:00:00.615	1.300366	1.313553	1.318681
00:00:00.647	1.288645	1.317949	1.299634
00:00:00.648	1.256410	1.308425	1.273993
00:00:00.648	1.375092	1.334066	1.326740
00:00:00.648	1.423443	1.322344	1.351648
00:00:00.649	1.402930	1.321612	1.329670
00:00:00.649	1.366300	1.319414	1.309158
00:00:00.649	1.308425	1.321612	1.341392
00:00:00.650	1.313553	1.330403	1.355311
00:00:00.650	1.296703	1.327473	1.336264
00:00:00.651	1.286447	1.313553	1.311355
00:00:00.651	1.299634	1.317949	1.306960
00:00:00.651	1.310623	1.320879	1.323810
00:00:00.652	1.274725	1.327473	1.320147
00:00:00.652	1.280586	1.326007	1.337729
00:00:00.652	1.290842	1.317216	1.351648
00:00:00.653	1.273993	1.325275	1.335531
00:00:00.653	1.257875	1.328938	1.323077
00:00:00.653	1.285714	1.322344	1.309890
00:00:00.654	1.315751	1.317949	1.284249
00:00:00.654	1.350183	1.312088	1.282051
00:00:00.654	1.366300	1.320147	1.309890
00:00:00.655	1.367033	1.312821	1.312821
00:00:00.655	1.362637	1.309158	1.312088
00:00:00.656	1.342125	1.320147	1.306960
00:00:00.656	1.324542	1.312821	1.320879
00:00:00.656	1.320147	1.315018	1.351648
00:00:00.657	1.323810	1.326740	1.339927
00:00:00.657	1.291575	1.318681	1.309158
00:00:00.657	1.293040	1.311355	1.328205
00:00:00.658	1.301832	1.314286	1.337729
00:00:00.658	1.302564	1.324542	1.328205
00:00:00.658	1.296703	1.315751	1.300366
00:00:00.659	1.304029	1.312088	1.306227
00:00:00.659	1.299634	1.318681	1.315018
00:00:00.659	1.302564	1.323810	1.315751
00:00:00.660	1.300366	1.320147	1.305495
00:00:00.661	1.299634	1.317949	1.293040
00:00:00.662	1.276923	1.311355	1.296703
00:00:00.662	1.289377	1.318681	1.300366
00:00:00.662	1.298901	1.320879	1.297436
00:00:00.662	1.320879	1.316484	1.276190
00:00:00.662	1.323810	1.315018	1.293040
00:00:00.662	1.319414	1.318681	1.323810
00:00:00.665	1.326740	1.324542	1.367033
00:00:00.665	1.350183	1.324542	1.397802
00:00:00.665	1.357509	1.319414	1.360440
00:00:00.665	1.361905	1.319414	1.372894
00:00:00.665	1.353114	1.330403	1.391941
00:00:00.665	1.343590	1.331136	1.357509
00:00:00.665	1.296703	1.321612	1.326740
00:00:00.697	1.295971	1.318681	1.306960
00:00:00.697	1.316484	1.319414	1.317216
00:00:00.701	1.305495	1.321612	1.304029
00:00:00.701	1.301099	1.323077	1.265934
00:00:00.701	1.284982	1.315751	1.269597
00:00:00.701	1.300366	1.321612	1.295971
00:00:00.701	1.295971	1.316484	1.306227
00:00:00.701	1.324542	1.325275	1.335531
00:00:00.701	1.315018	1.323810	1.326007
00:00:00.701	1.298901	1.313553	1.315751
00:00:00.701	1.301099	1.322344	1.317949
00:00:00.701	1.312821	1.315018	1.306960
00:00:00.701	1.316484	1.320879	1.321612
00:00:00.702	1.317216	1.320879	1.312088
00:00:00.702	1.310623	1.306960	1.303297
00:00:00.702	1.326007	1.324542	1.317949
00:00:00.703	1.313553	1.317216	1.318681
00:00:00.703	1.317949	1.320147	1.334799
00:00:00.703	1.328938	1.326007	1.336264
00:00:00.704	1.312088	1.319414	1.334066
00:00:00.704	1.304029	1.317216	1.330403
00:00:00.705	1.304029	1.325275	1.312821
00:00:00.705	1.295238	1.321612	1.294505
00:00:00.705	1.305495	1.320147	1.319414
00:00:00.706	1.322344	1.324542	1.323077
00:00:00.706	1.316484	1.318681	1.316484
00:00:00.706	1.340659	1.316484	1.325275
00:00:00.707	1.341392	1.313553	1.317949
00:00:00.707	1.322344	1.326740	1.323810
00:00:00.707	1.307692	1.328205	1.318681
00:00:00.708	1.284982	1.326007	1.320879
00:00:00.708	1.323810	1.320147	1.329670
00:00:00.708	1.325275	1.308425	1.312088
00:00:00.709	1.326740	1.303297	1.284982
00:00:00.709	1.367766	1.334799	1.350183
00:00:00.710	1.249817	1.309890	1.322344
00:00:00.710	1.337729	1.311355	1.320879
00:00:00.710	1.346520	1.312088	1.309890
00:00:00.711	1.285714	1.321612	1.309158
00:00:00.711	1.226374	1.320147	1.308425
00:00:00.711	1.288645	1.311355	1.304762
00:00:00.712	1.408791	1.319414	1.342857
00:00:00.712	1.345788	1.305495	1.329670
00:00:00.712	1.256410	1.321612	1.307692
00:00:00.713	1.282051	1.322344	1.300366
00:00:00.713	1.298901	1.315018	1.320147
00:00:00.714	1.316484	1.317216	1.309890
00:00:00.714	1.321612	1.323810	1.323810
00:00:00.714	1.314286	1.318681	1.314286
00:00:00.715	1.316484	1.322344	1.326007
00:00:00.747	1.316484	1.326740	1.327473
00:00:00.747	1.309158	1.318681	1.309158
00:00:00.747	1.317216	1.321612	1.317949
00:00:00.748	1.317216	1.312821	1.304029
00:00:00.748	1.315018	1.319414	1.319414
00:00:00.749	1.312088	1.323810	1.314286
00:00:00.749	1.316484	1.320879	1.323810
00:00:00.749	1.317949	1.323077	1.318681
00:00:00.750	1.310623	1.319414	1.306227
00:00:00.750	1.310623	1.326007	1.348718
00:00:00.750	1.282784	1.310623	1.326740
00:00:00.751	1.295971	1.323077	1.338462
00:00:00.751	1.324542	1.328205	1.361905
00:00:00.751	1.309158	1.315751	1.306227
00:00:00.752	1.292308	1.309890	1.270330
00:00:00.752	1.304029	1.320147	1.276190
00:00:00.753	1.312821	1.320879	1.252747
00:00:00.753	1.331868	1.323810	1.243956
00:00:00.753	1.332601	1.316484	1.292308
00:00:00.754	1.344322	1.315018	1.365568
00:00:00.754	1.367033	1.311355	1.384615
00:00:00.754	1.361905	1.314286	1.413919
00:00:00.756	1.339927	1.326740	1.388278
00:00:00.756	1.309158	1.326007	1.334799
00:00:00.756	1.295238	1.312821	1.331136
00:00:00.756	1.285714	1.316484	1.345788
00:00:00.756	1.302564	1.322344	1.320879
00:00:00.756	1.311355	1.311355	1.293040
00:00:00.759	1.315751	1.317216	1.300366
00:00:00.759	1.291575	1.323810	1.302564
00:00:00.759	1.291575	1.321612	1.299634
00:00:00.759	1.285714	1.305495	1.307692
00:00:00.759	1.306227	1.324542	1.327473
00:00:00.761	1.293040	1.322344	1.317949
00:00:00.761	1.302564	1.322344	1.327473
00:00:00.761	1.320879	1.320879	1.337729
00:00:00.761	1.308425	1.312821	1.306960
00:00:00.761	1.317949	1.320147	1.304029
00:00:00.761	1.323810	1.315018	1.285714
00:00:00.761	1.315751	1.321612	1.275458
00:00:00.761	1.342857	1.326007	1.311355
00:00:00.761	1.322344	1.320879	1.310623
00:00:00.765	1.304029	1.314286	1.323077
00:00:00.765	1.317216	1.324542	1.318681
00:00:00.765	1.338462	1.323077	1.333333
00:00:00.765	1.350916	1.324542	1.331868
00:00:00.765	1.327473	1.320879	1.310623
00:00:00.765	1.302564	1.310623	1.319414
00:00:00.765	1.306960	1.323077	1.336996
00:00:00.765	1.310623	1.328205	1.340659
00:00:00.797	1.299634	1.315018	1.323077
00:00:00.797	1.305495	1.323810	1.329670
00:00:00.797	1.304762	1.324542	1.318681
00:00:00.798	1.317216	1.323810	1.320879
00:00:00.798	1.318681	1.323810	1.316484
00:00:00.798	1.311355	1.314286	1.322344
00:00:00.799	1.293040	1.313553	1.323810
00:00:00.799	1.298168	1.318681	1.326740
00:00:00.799	1.309158	1.323810	1.326007
00:00:00.800	1.313553	1.320147	1.309158
00:00:00.800	1.311355	1.311355	1.315751
00:00:00.800	1.331868	1.315751	1.314286
00:00:00.801	1.326740	1.321612	1.325275
00:00:00.801	1.315018	1.318681	1.322344
00:00:00.802	1.301832	1.312821	1.304762
00:00:00.802	1.301099	1.314286	1.313553
00:00:00.802	1.308425	1.326007	1.323810
00:00:00.803	1.309890	1.322344	1.315018
00:00:00.803	1.313553	1.321612	1.314286
00:00:00.803	1.319414	1.320879	1.321612
00:00:00.804	1.319414	1.323077	1.320879
00:00:00.804	1.309890	1.317216	1.326740
00:00:00.804	1.323810	1.323810	1.327473
00:00:00.805	1.328205	1.322344	1.320879
00:00:00.805	1.316484	1.320879	1.315751
00:00:00.805	1.295971	1.311355	1.310623
00:00:00.806	1.299634	1.320879	1.312821
00:00:00.806	1.308425	1.328938	1.310623
00:00:00.807	1.319414	1.322344	1.320879
00:00:00.808	1.293773	1.307692	1.308425
00:00:00.808	1.300366	1.317216	1.312821
00:00:00.808	1.331136	1.328938	1.331868
00:00:00.808	1.335531	1.323810	1.326007
00:00:00.808	1.380220	1.317949	1.347253
00:00:00.809	1.344322	1.307692	1.311355
00:00:00.809	1.323810	1.326740	1.332601
00:00:00.809	1.318681	1.326740	1.326740
00:00:00.810	1.297436	1.309890	1.307692
00:00:00.810	1.290842	1.306960	1.295238
00:00:00.811	1.289377	1.310623	1.309158
00:00:00.811	1.285714	1.320147	1.312821
00:00:00.811	1.293040	1.318681	1.315018
00:00:00.812	1.296703	1.323077	1.317949
00:00:00.812	1.300366	1.315751	1.314286
00:00:00.812	1.305495	1.315018	1.336264
00:00:00.813	1.323810	1.324542	1.348718
00:00:00.813	1.326007	1.325275	1.323810
00:00:00.813	1.313553	1.318681	1.315751
00:00:00.814	1.305495	1.320879	1.309890
00:00:00.814	1.297436	1.321612	1.298901
00:00:00.846	1.302564	1.320147	1.276190
00:00:00.847	1.313553	1.323810	1.280586
00:00:00.847	1.295971	1.322344	1.288645
00:00:00.847	1.304029	1.320147	1.317216
00:00:00.848	1.320879	1.318681	1.320147
00:00:00.848	1.326007	1.318681	1.342125
00:00:00.848	1.347253	1.323810	1.385348
00:00:00.849	1.330403	1.326007	1.361172
00:00:00.849	1.309158	1.315018	1.317216
00:00:00.850	1.297436	1.317216	1.309158
00:00:00.850	1.300366	1.307692	1.312088
00:00:00.850	1.299634	1.323810	1.319414
00:00:00.851	1.345788	1.326007	1.385348
00:00:00.851	1.400733	1.329670	1.386813
00:00:00.851	1.373626	1.324542	1.344322
00:00:00.852	1.325275	1.320879	1.320879
00:00:00.852	1.318681	1.321612	1.307692
00:00:00.852	1.311355	1.323810	1.299634
00:00:00.853	1.293040	1.309158	1.287179
00:00:00.853	1.294505	1.317216	1.305495
00:00:00.853	1.309158	1.320147	1.315751
00:00:00.854	1.293040	1.318681	1.315018
00:00:00.854	1.297436	1.325275	1.306227
00:00:00.857	1.297436	1.315018	1.306227
00:00:00.857	1.301832	1.315018	1.323077
00:00:00.857	1.317216	1.324542	1.315751
00:00:00.857	1.320879	1.323810	1.326007
00:00:00.857	1.309890	1.312088	1.321612
00:00:00.857	1.298168	1.314286	1.298168
00:00:00.857	1.297436	1.307692	1.312821
00:00:00.857	1.296703	1.324542	1.322344
00:00:00.857	1.293040	1.323077	1.317949
00:00:00.861	1.303297	1.320879	1.316484
00:00:00.861	1.306960	1.320879	1.306960
00:00:00.861	1.321612	1.326740	1.323077
00:00:00.861	1.318681	1.318681	1.323077
00:00:00.861	1.339927	1.323810	1.341392
00:00:00.861	1.350183	1.326007	1.353846
00:00:00.861	1.338462	1.326740	1.333333
00:00:00.861	1.317216	1.324542	1.317216
00:00:00.861	1.293773	1.322344	1.319414
00:00:00.861	1.290110	1.319414	1.321612
00:00:00.861	1.306227	1.323810	1.328205
00:00:00.863	1.309158	1.320879	1.316484
00:00:00.863	1.306227	1.310623	1.304029
00:00:00.863	1.320879	1.319414	1.318681
00:00:00.863	1.329670	1.325275	1.328205
00:00:00.863	1.330403	1.324542	1.315751
00:00:00.863	1.329670	1.326740	1.323077
00:00:00.864	1.315018	1.322344	1.317216
