timestamp	ch1	ch2	ch3
00:00:00.000	1.334066	1.326007	1.311355
00:00:00.000	1.296703	1.321612	1.298168
00:00:00.000	1.252015	1.326007	1.317216
00:00:00.001	1.273260	1.321612	1.315751
00:00:00.001	1.296703	1.312088	1.297436
00:00:00.001	1.342125	1.322344	1.335531
00:00:00.002	1.357509	1.324542	1.340659
00:00:00.002	1.376557	1.319414	1.331868
00:00:00.002	1.400000	1.312088	1.329670
00:00:00.003	1.369231	1.318681	1.345055
00:00:00.003	1.328205	1.328938	1.377289
00:00:00.004	1.311355	1.328205	1.350916
00:00:00.004	1.296703	1.321612	1.325275
00:00:00.004	1.286447	1.312821	1.311355
00:00:00.005	1.298168	1.319414	1.329670
00:00:00.005	1.309158	1.324542	1.323077
00:00:00.005	1.314286	1.320879	1.305495
00:00:00.006	1.314286	1.315018	1.295238
00:00:00.006	1.285714	1.312821	1.304029
00:00:00.006	1.273260	1.317949	1.306227
00:00:00.007	1.302564	1.326740	1.314286
00:00:00.007	1.268864	1.311355	1.306960
00:00:00.007	1.304762	1.323810	1.319414
00:00:00.008	1.312821	1.315751	1.318681
00:00:00.008	1.303297	1.312821	1.317949
00:00:00.009	1.299634	1.319414	1.317949
00:00:00.009	1.289377	1.319414	1.322344
00:00:00.009	1.297436	1.307692	1.315018
00:00:00.010	1.324542	1.309890	1.303297
00:00:00.010	1.326007	1.313553	1.300366
00:00:00.010	1.329670	1.323077	1.308425
00:00:00.011	1.328205	1.323810	1.323810
00:00:00.011	1.331136	1.323810	1.329670
00:00:00.011	1.330403	1.315751	1.319414
00:00:00.012	1.303297	1.311355	1.315018
00:00:00.012	1.310623	1.319414	1.328938
00:00:00.013	1.314286	1.324542	1.321612
00:00:00.013	1.314286	1.318681	1.323810
00:00:00.013	1.320879	1.314286	1.311355
00:00:00.014	1.320879	1.319414	1.330403
00:00:00.014	1.323810	1.324542	1.326740
00:00:00.014	1.312821	1.323810	1.320879
00:00:00.015	1.303297	1.312821	1.309890
00:00:00.015	1.287179	1.310623	1.306960
00:00:00.015	1.313553	1.323810	1.322344
00:00:00.016	1.323810	1.328205	1.326740
00:00:00.016	1.315751	1.322344	1.320147
00:00:00.016	1.306227	1.318681	1.317216
00:00:00.021	1.293040	1.312088	1.314286
00:00:00.021	1.310623	1.324542	1.326740
00:00:00.049	1.326740	1.323810	1.329670
00:00:00.053	1.327473	1.318681	1.319414
00:00:00.053	1.309158	1.305495	1.317216
00:00:00.053	1.308425	1.318681	1.315018
00:00:00.053	1.306960	1.318681	1.317949
00:00:00.053	1.297436	1.317949	1.310623
00:00:00.053	1.317949	1.316484	1.311355
00:00:00.053	1.320147	1.318681	1.309890
00:00:00.053	1.330403	1.324542	1.313553
00:00:00.053	1.321612	1.317949	1.320147
00:00:00.053	1.323810	1.322344	1.339194
00:00:00.053	1.301832	1.306227	1.316484
00:00:00.057	1.310623	1.312088	1.339194
00:00:00.057	1.335531	1.326740	1.356044
00:00:00.057	1.320879	1.321612	1.326007
00:00:00.057	1.315018	1.322344	1.317949
00:00:00.057	1.315751	1.323077	1.318681
00:00:00.057	1.298168	1.319414	1.314286
00:00:00.057	1.296703	1.317949	1.313553
00:00:00.057	1.304029	1.320147	1.317216
00:00:00.057	1.295238	1.318681	1.316484
00:00:00.057	1.295238	1.320147	1.315751
00:00:00.057	1.298901	1.326740	1.314286
00:00:00.058	1.286447	1.310623	1.305495
00:00:00.058	1.284982	1.310623	1.305495
00:00:00.058	1.309890	1.323077	1.304029
00:00:00.059	1.330403	1.312088	1.299634
00:00:00.059	1.347253	1.323810	1.317216
00:00:00.059	1.320879	1.316484	1.303297
00:00:00.060	1.323810	1.318681	1.339194
00:00:00.060	1.352381	1.327473	1.342125
00:00:00.060	1.322344	1.306960	1.302564
00:00:00.061	1.327473	1.321612	1.332601
00:00:00.061	1.326740	1.314286	1.322344
00:00:00.062	1.315751	1.322344	1.350916
00:00:00.062	1.284982	1.320879	1.336996
00:00:00.062	1.285714	1.321612	1.309890
00:00:00.063	1.290110	1.313553	1.295238
00:00:00.063	1.273260	1.322344	1.297436
00:00:00.063	1.282051	1.327473	1.321612
00:00:00.064	1.304762	1.322344	1.336996
00:00:00.064	1.324542	1.314286	1.326740
00:00:00.064	1.332601	1.320879	1.326007
00:00:00.065	1.345788	1.314286	1.334799
00:00:00.065	1.347253	1.324542	1.336996
00:00:00.065	1.347253	1.327473	1.308425
00:00:00.066	1.333333	1.326007	1.309158
00:00:00.066	1.324542	1.321612	1.328938
00:00:00.067	1.292308	1.312088	1.307692
00:00:00.067	1.305495	1.323810	1.315751
00:00:00.099	1.306960	1.325275	1.327473
00:00:00.099	1.309890	1.326740	1.320147
00:00:00.100	1.308425	1.317949	1.334799
00:00:00.100	1.301832	1.323077	1.347253
00:00:00.101	1.310623	1.323810	1.331136
00:00:00.101	1.307692	1.312088	1.304029
00:00:00.101	1.306227	1.312088	1.304029
00:00:00.102	1.305495	1.320879	1.305495
00:00:00.102	1.304029	1.318681	1.300366
00:00:00.102	1.311355	1.319414	1.315751
00:00:00.103	1.316484	1.324542	1.317216
00:00:00.103	1.267399	1.324542	1.310623
00:00:00.104	1.285714	1.320879	1.316484
00:00:00.104	1.315751	1.312088	1.309158
00:00:00.104	1.322344	1.320879	1.310623
00:00:00.105	1.342125	1.310623	1.326007
00:00:00.105	1.378022	1.313553	1.342125
00:00:00.105	1.386813	1.319414	1.323810
00:00:00.106	1.342125	1.316484	1.320147
00:00:00.106	1.301832	1.314286	1.309890
00:00:00.106	1.294505	1.326740	1.315018
00:00:00.107	1.290842	1.324542	1.314286
00:00:00.107	1.291575	1.317949	1.305495
00:00:00.107	1.300366	1.318681	1.314286
00:00:00.108	1.295238	1.309890	1.314286
00:00:00.108	1.306227	1.323810	1.335531
00:00:00.108	1.312088	1.320147	1.328938
00:00:00.109	1.315018	1.326007	1.311355
00:00:00.109	1.295238	1.321612	1.304029
00:00:00.110	1.291575	1.322344	1.321612
00:00:00.110	1.272527	1.315018	1.315018
00:00:00.110	1.305495	1.328205	1.315751
00:00:00.111	1.299634	1.320147	1.312821
00:00:00.111	1.315018	1.317949	1.304029
00:00:00.111	1.301832	1.309158	1.300366
00:00:00.112	1.345055	1.317949	1.311355
00:00:00.112	1.385348	1.327473	1.318681
00:00:00.112	1.312821	1.317949	1.323810
00:00:00.114	1.276923	1.310623	1.297436
00:00:00.114	1.323077	1.315751	1.332601
00:00:00.114	1.363370	1.317949	1.342857
00:00:00.117	1.388278	1.324542	1.351648
00:00:00.117	1.401465	1.320147	1.344322
00:00:00.117	1.361172	1.323077	1.342857
00:00:00.117	1.271795	1.315018	1.320879
00:00:00.117	1.230037	1.319414	1.316484
00:00:00.117	1.217582	1.323077	1.311355
00:00:00.117	1.241026	1.309158	1.312821
00:00:00.117	1.271062	1.322344	1.322344
00:00:00.117	1.372894	1.315751	1.331868
00:00:00.149	1.431502	1.326740	1.350183
00:00:00.149	1.268864	1.324542	1.320147
00:00:00.152	1.193407	1.308425	1.281319
00:00:00.152	1.302564	1.316484	1.288645
00:00:00.152	1.347985	1.321612	1.312821
00:00:00.152	1.322344	1.321612	1.331868
00:00:00.152	1.310623	1.318681	1.320147
00:00:00.152	1.302564	1.322344	1.312088
00:00:00.152	1.279121	1.317949	1.297436
00:00:00.152	1.305495	1.328205	1.306227
00:00:00.152	1.320147	1.319414	1.300366
00:00:00.153	1.332601	1.312088	1.282784
00:00:00.153	1.331136	1.315018	1.294505
00:00:00.154	1.356044	1.331136	1.358974
00:00:00.154	1.351648	1.322344	1.380952
00:00:00.154	1.363370	1.323810	1.375824
00:00:00.155	1.320147	1.312088	1.347253
00:00:00.155	1.315751	1.329670	1.329670
00:00:00.155	1.323810	1.328938	1.323077
00:00:00.157	1.295238	1.317216	1.318681
00:00:00.157	1.286447	1.305495	1.294505
00:00:00.157	1.301832	1.318681	1.301832
00:00:00.157	1.284249	1.309890	1.314286
00:00:00.157	1.311355	1.326740	1.311355
00:00:00.158	1.313553	1.321612	1.301832
00:00:00.158	1.301832	1.318681	1.312088
00:00:00.158	1.302564	1.315018	1.331868
00:00:00.159	1.296703	1.320879	1.329670
00:00:00.159	1.303297	1.325275	1.332601
00:00:00.159	1.324542	1.318681	1.341392
00:00:00.160	1.336264	1.322344	1.360440
00:00:00.160	1.319414	1.314286	1.308425
00:00:00.160	1.333333	1.325275	1.328938
00:00:00.161	1.315018	1.315751	1.301832
00:00:00.161	1.324542	1.320879	1.287912
00:00:00.161	1.317949	1.327473	1.313553
00:00:00.162	1.314286	1.322344	1.323077
00:00:00.162	1.306227	1.318681	1.313553
00:00:00.163	1.295971	1.306227	1.306227
00:00:00.163	1.297436	1.316484	1.322344
00:00:00.163	1.312088	1.323810	1.312821
00:00:00.164	1.287912	1.312088	1.307692
00:00:00.164	1.294505	1.317949	1.323077
00:00:00.164	1.315018	1.326740	1.332601
00:00:00.165	1.315751	1.322344	1.325275
00:00:00.165	1.300366	1.305495	1.304029
00:00:00.165	1.322344	1.323077	1.338462
00:00:00.166	1.337729	1.326007	1.354579
00:00:00.166	1.307692	1.317216	1.312821
00:00:00.166	1.303297	1.321612	1.306227
00:00:00.199	1.304029	1.311355	1.311355
00:00:00.199	1.311355	1.309158	1.300366
00:00:00.199	1.306227	1.316484	1.317949
00:00:00.200	1.301099	1.323810	1.315751
00:00:00.200	1.292308	1.320147	1.302564
00:00:00.200	1.309158	1.322344	1.311355
00:00:00.201	1.291575	1.307692	1.296703
00:00:00.201	1.295238	1.309890	1.290110
00:00:00.202	1.316484	1.320147	1.309158
00:00:00.202	1.369963	1.327473	1.334799
00:00:00.202	1.362637	1.316484	1.357509
00:00:00.203	1.334799	1.311355	1.323077
00:00:00.203	1.325275	1.314286	1.331868
00:00:00.203	1.321612	1.317949	1.346520
00:00:00.204	1.314286	1.325275	1.332601
00:00:00.204	1.299634	1.322344	1.338462
00:00:00.204	1.288645	1.317949	1.319414
00:00:00.205	1.294505	1.320879	1.319414
00:00:00.205	1.263004	1.326740	1.320147
00:00:00.205	1.256410	1.322344	1.304762
00:00:00.206	1.280586	1.318681	1.284982
00:00:00.206	1.310623	1.323077	1.284982
00:00:00.207	1.311355	1.311355	1.287179
00:00:00.207	1.353114	1.318681	1.295971
00:00:00.207	1.354579	1.308425	1.346520
00:00:00.209	1.377289	1.316484	1.370696
00:00:00.209	1.366300	1.326007	1.317216
00:00:00.209	1.387546	1.329670	1.349451
00:00:00.209	1.362637	1.317949	1.345788
00:00:00.209	1.323810	1.317216	1.328938
00:00:00.209	1.286447	1.317949	1.300366
00:00:00.212	1.287179	1.325275	1.304029
00:00:00.212	1.276923	1.319414	1.298901
00:00:00.212	1.281319	1.319414	1.310623
00:00:00.212	1.284982	1.309890	1.302564
00:00:00.212	1.292308	1.321612	1.314286
00:00:00.212	1.304762	1.321612	1.315018
00:00:00.212	1.307692	1.319414	1.298168
00:00:00.212	1.316484	1.320879	1.297436
00:00:00.216	1.299634	1.311355	1.305495
00:00:00.216	1.300366	1.321612	1.331136
00:00:00.216	1.317949	1.329670	1.340659
00:00:00.216	1.293773	1.322344	1.322344
00:00:00.216	1.295971	1.320879	1.340659
00:00:00.216	1.303297	1.311355	1.345055
00:00:00.216	1.309158	1.323077	1.340659
00:00:00.216	1.334066	1.318681	1.326007
00:00:00.216	1.321612	1.323077	1.292308
00:00:00.216	1.296703	1.310623	1.292308
00:00:00.216	1.284249	1.316484	1.307692
00:00:00.248	1.294505	1.320879	1.312821
00:00:00.249	1.332601	1.331868	1.329670
00:00:00.249	1.350183	1.316484	1.312821
00:00:00.250	1.355311	1.316484	1.317949
00:00:00.250	1.321612	1.317949	1.317216
00:00:00.250	1.327473	1.326007	1.331136
00:00:00.251	1.343590	1.323077	1.346520
00:00:00.251	1.309158	1.303297	1.323077
00:00:00.251	1.312821	1.319414	1.323077
00:00:00.252	1.317949	1.326740	1.317949
00:00:00.252	1.291575	1.325275	1.313553
00:00:00.252	1.301832	1.327473	1.317949
00:00:00.253	1.314286	1.311355	1.314286
00:00:00.253	1.323810	1.315751	1.320879
00:00:00.253	1.306227	1.308425	1.302564
00:00:00.254	1.307692	1.317949	1.309158
00:00:00.254	1.323810	1.320879	1.322344
00:00:00.255	1.337729	1.328205	1.334066
00:00:00.255	1.311355	1.321612	1.323810
00:00:00.255	1.293773	1.320147	1.321612
00:00:00.256	1.276923	1.317949	1.318681
00:00:00.256	1.246154	1.317216	1.323810
00:00:00.256	1.273260	1.321612	1.313553
00:00:00.257	1.309890	1.319414	1.312821
00:00:00.257	1.312088	1.317216	1.312088
00:00:00.257	1.309158	1.317216	1.307692
00:00:00.258	1.305495	1.320147	1.308425
00:00:00.258	1.303297	1.318681	1.300366
00:00:00.258	1.316484	1.320147	1.321612
00:00:00.259	1.331868	1.320147	1.330403
00:00:00.259	1.339194	1.320147	1.320879
00:00:00.260	1.386813	1.320879	1.306227
00:00:00.260	1.405861	1.323077	1.325275
00:00:00.261	1.228571	1.322344	1.358974
00:00:00.261	1.250549	1.318681	1.345055
00:00:00.261	1.312088	1.323077	1.323810
00:00:00.261	1.320147	1.319414	1.323077
00:00:00.262	1.330403	1.323810	1.308425
00:00:00.262	1.323810	1.320147	1.322344
00:00:00.262	1.317216	1.316484	1.327473
00:00:00.263	1.315018	1.317949	1.340659
00:00:00.263	1.317216	1.321612	1.336996
00:00:00.263	1.329670	1.323077	1.304029
00:00:00.264	1.345055	1.320879	1.310623
00:00:00.264	1.334799	1.309158	1.295971
00:00:00.265	1.319414	1.323810	1.311355
00:00:00.265	1.309890	1.313553	1.304762
00:00:00.265	1.315018	1.311355	1.302564
00:00:00.266	1.303297	1.318681	1.330403
00:00:00.266	1.296703	1.318681	1.336264
00:00:00.298	1.300366	1.319414	1.323810
00:00:00.299	1.304762	1.325275	1.326007
00:00:00.299	1.302564	1.323810	1.304762
00:00:00.299	1.272527	1.309158	1.295238
00:00:00.300	1.287912	1.312821	1.294505
00:00:00.300	1.297436	1.315751	1.326007
00:00:00.300	1.298901	1.320879	1.304029
00:00:00.301	1.300366	1.311355	1.286447
00:00:00.301	1.329670	1.309158	1.335531
00:00:00.301	1.371429	1.325275	1.364103
00:00:00.302	1.345055	1.331136	1.349451
00:00:00.302	1.334066	1.328205	1.323810
00:00:00.302	1.334799	1.321612	1.316484
00:00:00.303	1.315018	1.311355	1.295971
00:00:00.303	1.305495	1.312821	1.280586
00:00:00.304	1.315018	1.325275	1.298168
00:00:00.304	1.317216	1.327473	1.339194
00:00:00.304	1.320147	1.322344	1.338462
00:00:00.307	1.319414	1.326740	1.343590
00:00:00.307	1.295971	1.309890	1.315018
00:00:00.307	1.297436	1.317949	1.323810
00:00:00.308	1.300366	1.310623	1.329670
00:00:00.308	1.297436	1.312821	1.319414
00:00:00.308	1.286447	1.311355	1.313553
00:00:00.308	1.294505	1.312821	1.296703
00:00:00.308	1.295971	1.306227	1.293773
00:00:00.308	1.306960	1.317216	1.323077
00:00:00.308	1.319414	1.323810	1.332601
00:00:00.308	1.312821	1.318681	1.317949
00:00:00.312	1.329670	1.320879	1.341392
00:00:00.312	1.342857	1.319414	1.345055
00:00:00.312	1.320147	1.326007	1.311355
00:00:00.312	1.298901	1.323077	1.298901
00:00:00.312	1.298901	1.320879	1.298168
00:00:00.312	1.323810	1.319414	1.336264
00:00:00.312	1.308425	1.320147	1.342125
00:00:00.312	1.268132	1.318681	1.308425
00:00:00.312	1.235897	1.312821	1.298901
00:00:00.312	1.277656	1.327473	1.323810
00:00:00.312	1.328938	1.328205	1.325275
00:00:00.313	1.378755	1.325275	1.354579
00:00:00.313	1.375824	1.312088	1.338462
00:00:00.313	1.390476	1.320879	1.328938
00:00:00.314	1.372894	1.320147	1.319414
00:00:00.314	1.314286	1.315751	1.315751
00:00:00.314	1.304762	1.328938	1.334066
00:00:00.315	1.301832	1.317216	1.320879
00:00:00.315	1.308425	1.323077	1.312088
00:00:00.315	1.298168	1.312088	1.300366
00:00:00.316	1.294505	1.312088	1.310623
00:00:00.348	1.298901	1.320879	1.311355
00:00:00.348	1.280586	1.315018	1.309158
00:00:00.349	1.287912	1.325275	1.313553
00:00:00.349	1.287179	1.322344	1.311355
00:00:00.349	1.295971	1.316484	1.304029
00:00:00.350	1.305495	1.319414	1.315751
00:00:00.350	1.328205	1.323077	1.331868
00:00:00.350	1.334066	1.323810	1.323077
00:00:00.351	1.320879	1.315018	1.311355
00:00:00.351	1.342125	1.320879	1.320147
00:00:00.352	1.319414	1.319414	1.320879
00:00:00.352	1.289377	1.323077	1.317949
00:00:00.352	1.290110	1.315751	1.322344
00:00:00.353	1.314286	1.318681	1.326740
00:00:00.353	1.320147	1.319414	1.320879
00:00:00.353	1.320879	1.312821	1.304762
00:00:00.354	1.329670	1.319414	1.317216
00:00:00.354	1.365568	1.323077	1.323810
00:00:00.354	1.314286	1.304762	1.316484
00:00:00.355	1.303297	1.326007	1.336264
00:00:00.355	1.290110	1.324542	1.329670
00:00:00.355	1.294505	1.320147	1.305495
00:00:00.356	1.279853	1.314286	1.276190
00:00:00.356	1.282784	1.323810	1.289377
00:00:00.357	1.285714	1.317949	1.300366
00:00:00.357	1.307692	1.317216	1.295238
00:00:00.357	1.338462	1.323810	1.301832
00:00:00.358	1.346520	1.312821	1.361172
00:00:00.358	1.383150	1.329670	1.434432
00:00:00.358	1.350916	1.325275	1.385348
00:00:00.359	1.318681	1.329670	1.374359
00:00:00.359	1.319414	1.321612	1.315751
00:00:00.359	1.304029	1.322344	1.282784
00:00:00.360	1.293773	1.320879	1.293773
00:00:00.360	1.299634	1.309158	1.289377
00:00:00.361	1.302564	1.311355	1.291575
00:00:00.361	1.306960	1.324542	1.315751
00:00:00.361	1.291575	1.312088	1.326740
00:00:00.362	1.306227	1.315018	1.354579
00:00:00.362	1.339927	1.325275	1.344322
00:00:00.362	1.324542	1.313553	1.312821
00:00:00.363	1.325275	1.320879	1.303297
00:00:00.363	1.285714	1.314286	1.287912
00:00:00.363	1.297436	1.327473	1.296703
00:00:00.364	1.282784	1.312088	1.271062
00:00:00.364	1.314286	1.328938	1.312821
00:00:00.364	1.306960	1.326740	1.323810
00:00:00.365	1.311355	1.323810	1.326007
00:00:00.365	1.312088	1.324542	1.335531
00:00:00.366	1.316484	1.320147	1.339927
00:00:00.398	1.322344	1.320147	1.339194
00:00:00.398	1.324542	1.325275	1.332601
00:00:00.398	1.317949	1.323810	1.327473
00:00:00.399	1.321612	1.323810	1.312821
00:00:00.399	1.315751	1.317949	1.302564
00:00:00.400	1.322344	1.323810	1.319414
00:00:00.400	1.294505	1.311355	1.316484
00:00:00.400	1.288645	1.308425	1.306227
00:00:00.403	1.317216	1.326740	1.330403
00:00:00.403	1.320879	1.323077	1.328205
00:00:00.403	1.312088	1.315018	1.312088
00:00:00.403	1.307692	1.316484	1.321612
00:00:00.403	1.323810	1.321612	1.345788
00:00:00.403	1.327473	1.327473	1.333333
00:00:00.405	1.328938	1.323810	1.326007
00:00:00.405	1.308425	1.312088	1.311355
00:00:00.405	1.291575	1.308425	1.306960
00:00:00.405	1.279853	1.321612	1.309890
00:00:00.405	1.285714	1.324542	1.303297
00:00:00.405	1.317949	1.321612	1.294505
00:00:00.405	1.317216	1.320879	1.293040
00:00:00.405	1.304762	1.320879	1.304029
00:00:00.409	1.322344	1.321612	1.347253
00:00:00.409	1.344322	1.323077	1.406593
00:00:00.409	1.353114	1.320879	1.378022
00:00:00.409	1.334066	1.323810	1.334799
00:00:00.409	1.312088	1.317949	1.313553
00:00:00.409	1.314286	1.312088	1.293040
00:00:00.409	1.302564	1.315018	1.292308
00:00:00.409	1.312088	1.321612	1.315018
00:00:00.409	1.330403	1.323077	1.331136
00:00:00.409	1.330403	1.323810	1.312821
00:00:00.409	1.300366	1.312821	1.290110
00:00:00.410	1.270330	1.309890	1.294505
00:00:00.410	1.304762	1.327473	1.328205
00:00:00.410	1.313553	1.318681	1.325275
00:00:00.411	1.329670	1.325275	1.336996
00:00:00.411	1.321612	1.320879	1.317216
00:00:00.411	1.301832	1.313553	1.307692
00:00:00.412	1.329670	1.328938	1.322344
00:00:00.412	1.356044	1.316484	1.319414
00:00:00.412	1.367033	1.321612	1.309890
00:00:00.413	1.363370	1.316484	1.284249
00:00:00.413	1.298168	1.312821	1.307692
00:00:00.413	1.171429	1.326740	1.372894
00:00:00.414	1.191209	1.325275	1.386081
00:00:00.414	1.236630	1.320879	1.337729
00:00:00.415	1.290110	1.318681	1.309158
00:00:00.415	1.328205	1.317216	1.317216
00:00:00.415	1.347253	1.323077	1.296703
00:00:00.447	1.381685	1.331868	1.311355
00:00:00.448	1.395604	1.320147	1.300366
00:00:00.448	1.359707	1.321612	1.317949
00:00:00.450	1.333333	1.320879	1.333333
00:00:00.450	1.359707	1.324542	1.333333
00:00:00.450	1.317949	1.316484	1.307692
00:00:00.450	1.297436	1.327473	1.312821
00:00:00.450	1.301832	1.318681	1.311355
00:00:00.450	1.318681	1.324542	1.316484
00:00:00.451	1.336264	1.318681	1.313553
00:00:00.451	1.312088	1.315018	1.309158
00:00:00.451	1.279121	1.309890	1.312821
00:00:00.452	1.304762	1.326007	1.347253
00:00:00.452	1.328938	1.323810	1.341392
00:00:00.453	1.317949	1.322344	1.309890
00:00:00.453	1.301099	1.326007	1.314286
00:00:00.453	1.296703	1.313553	1.328205
00:00:00.454	1.296703	1.319414	1.334066
00:00:00.454	1.299634	1.317216	1.320879
00:00:00.454	1.304029	1.322344	1.318681
00:00:00.455	1.316484	1.324542	1.326007
00:00:00.455	1.295971	1.315751	1.313553
00:00:00.455	1.287179	1.322344	1.317949
00:00:00.456	1.294505	1.327473	1.315751
00:00:00.456	1.295238	1.319414	1.302564
00:00:00.456	1.302564	1.311355	1.300366
00:00:00.457	1.312821	1.312088	1.307692
00:00:00.457	1.344322	1.326007	1.316484
00:00:00.458	1.377289	1.323810	1.327473
00:00:00.458	1.346520	1.320147	1.317216
00:00:00.458	1.331136	1.310623	1.347253
00:00:00.459	1.317949	1.320147	1.351648
00:00:00.459	1.306960	1.325275	1.323810
00:00:00.459	1.300366	1.320147	1.300366
00:00:00.460	1.283516	1.311355	1.305495
00:00:00.460	1.285714	1.323810	1.323810
00:00:00.460	1.292308	1.327473	1.332601
00:00:00.461	1.306227	1.319414	1.323077
00:00:00.461	1.317949	1.309158	1.323077
00:00:00.461	1.308425	1.312821	1.305495
00:00:00.462	1.301832	1.315751	1.292308
00:00:00.462	1.294505	1.317216	1.257143
00:00:00.463	1.295238	1.320879	1.271062
00:00:00.463	1.293773	1.317216	1.268132
00:00:00.463	1.330403	1.324542	1.276923
00:00:00.464	1.342857	1.311355	1.305495
00:00:00.464	1.351648	1.314286	1.369963
00:00:00.464	1.363370	1.323810	1.437363
00:00:00.465	1.361172	1.321612	1.443223
00:00:00.465	1.317216	1.323077	1.347253
00:00:00.499	1.300366	1.317949	1.370696
00:00:00.499	1.320147	1.323810	1.339194
00:00:00.499	1.297436	1.320147	1.300366
00:00:00.499	1.293773	1.323077	1.288645
00:00:00.499	1.287179	1.323077	1.293040
00:00:00.499	1.296703	1.319414	1.254945
00:00:00.499	1.315751	1.320879	1.306960
00:00:00.501	1.304029	1.322344	1.329670
00:00:00.501	1.316484	1.310623	1.327473
00:00:00.501	1.328938	1.317949	1.326740
00:00:00.505	1.317949	1.325275	1.331136
00:00:00.505	1.297436	1.313553	1.316484
00:00:00.505	1.324542	1.327473	1.319414
00:00:00.505	1.312088	1.312088	1.298168
00:00:00.505	1.306227	1.312821	1.290842
00:00:00.505	1.323810	1.318681	1.293773
00:00:00.505	1.354579	1.320879	1.317216
00:00:00.505	1.336996	1.318681	1.322344
00:00:00.505	1.326740	1.320147	1.316484
00:00:00.505	1.323810	1.327473	1.329670
00:00:00.505	1.278388	1.322344	1.331868
00:00:00.505	1.300366	1.315751	1.339194
00:00:00.505	1.307692	1.317949	1.322344
00:00:00.506	1.299634	1.319414	1.315018
00:00:00.506	1.303297	1.314286	1.306960
00:00:00.506	1.323810	1.326007	1.323077
00:00:00.507	1.301832	1.312821	1.306960
00:00:00.507	1.295971	1.317216	1.316484
00:00:00.507	1.307692	1.323810	1.326007
00:00:00.508	1.315751	1.320879	1.322344
00:00:00.508	1.317216	1.315751	1.309158
00:00:00.508	1.308425	1.313553	1.296703
00:00:00.509	1.315018	1.321612	1.320879
00:00:00.509	1.321612	1.328205	1.332601
00:00:00.509	1.323077	1.321612	1.323810
00:00:00.510	1.310623	1.309890	1.319414
00:00:00.510	1.298168	1.310623	1.319414
00:00:00.511	1.304762	1.306227	1.312821
00:00:00.511	1.313553	1.316484	1.320147
00:00:00.511	1.321612	1.323810	1.317949
00:00:00.512	1.314286	1.318681	1.306227
00:00:00.512	1.323810	1.325275	1.306960
00:00:00.512	1.323810	1.325275	1.315018
00:00:00.513	1.318681	1.328205	1.328205
00:00:00.513	1.315018	1.330403	1.323810
00:00:00.513	1.309890	1.323077	1.319414
00:00:00.514	1.306227	1.319414	1.326740
00:00:00.514	1.318681	1.320147	1.319414
00:00:00.514	1.306227	1.315018	1.309890
00:00:00.515	1.310623	1.309890	1.311355
00:00:00.547	1.310623	1.317216	1.328205
00:00:00.547	1.312088	1.321612	1.323810
00:00:00.548	1.304029	1.311355	1.317949
00:00:00.548	1.318681	1.325275	1.326740
00:00:00.548	1.338462	1.323077	1.322344
00:00:00.549	1.313553	1.318681	1.321612
00:00:00.549	1.315751	1.325275	1.320879
00:00:00.550	1.314286	1.324542	1.325275
00:00:00.550	1.320879	1.324542	1.327473
00:00:00.550	1.303297	1.312088	1.315751
00:00:00.551	1.319414	1.323077	1.327473
00:00:00.551	1.312088	1.317216	1.317216
00:00:00.551	1.311355	1.315018	1.304762
00:00:00.552	1.311355	1.322344	1.302564
00:00:00.552	1.311355	1.322344	1.301099
00:00:00.552	1.298901	1.312821	1.297436
00:00:00.553	1.317949	1.323810	1.315018
00:00:00.554	1.303297	1.314286	1.322344
00:00:00.554	1.317216	1.314286	1.318681
00:00:00.554	1.312821	1.321612	1.356044
00:00:00.554	1.306227	1.314286	1.350916
00:00:00.555	1.288645	1.317949	1.314286
00:00:00.555	1.305495	1.317949	1.303297
00:00:00.555	1.310623	1.306960	1.312088
00:00:00.556	1.326007	1.318681	1.312088
00:00:00.556	1.310623	1.315751	1.312821
00:00:00.556	1.332601	1.326007	1.329670
00:00:00.557	1.325275	1.316484	1.326740
00:00:00.557	1.314286	1.320879	1.321612
00:00:00.557	1.301832	1.327473	1.352381
00:00:00.558	1.283516	1.323077	1.334066
00:00:00.558	1.361905	1.324542	1.339927
00:00:00.558	1.397070	1.317949	1.310623
00:00:00.559	1.249084	1.311355	1.274725
00:00:00.559	1.295238	1.317216	1.284249
00:00:00.560	1.332601	1.312821	1.291575
00:00:00.560	1.287912	1.326740	1.334066
00:00:00.560	1.279121	1.320147	1.312821
00:00:00.562	1.267399	1.324542	1.280586
00:00:00.562	1.290842	1.313553	1.271795
00:00:00.562	1.331868	1.319414	1.309890
00:00:00.562	1.350183	1.323077	1.329670
00:00:00.562	1.361905	1.315751	1.356777
00:00:00.562	1.397802	1.317216	1.386813
00:00:00.565	1.356044	1.326007	1.405128
00:00:00.565	1.298901	1.312821	1.354579
00:00:00.565	1.283516	1.320147	1.316484
00:00:00.565	1.294505	1.324542	1.296703
00:00:00.565	1.290842	1.322344	1.290842
00:00:00.565	1.280586	1.323077	1.298168
00:00:00.597	1.295238	1.320879	1.287912
00:00:00.597	1.296703	1.316484	1.279853
00:00:00.597	1.320879	1.320879	1.300366
00:00:00.601	1.344322	1.320879	1.332601
00:00:00.601	1.340659	1.314286	1.350183
00:00:00.601	1.352381	1.324542	1.375824
00:00:00.601	1.311355	1.319414	1.345788
00:00:00.601	1.304762	1.320147	1.312088
00:00:00.601	1.271062	1.305495	1.298901
00:00:00.601	1.293773	1.310623	1.291575
00:00:00.601	1.304762	1.312821	1.303297
00:00:00.601	1.320147	1.320879	1.306227
00:00:00.601	1.331868	1.326007	1.325275
00:00:00.601	1.336996	1.317216	1.329670
00:00:00.602	1.314286	1.309158	1.313553
00:00:00.602	1.294505	1.317949	1.317949
00:00:00.602	1.306227	1.325275	1.315751
00:00:00.603	1.302564	1.318681	1.311355
00:00:00.603	1.295971	1.306960	1.300366
00:00:00.604	1.287179	1.317216	1.317216
00:00:00.604	1.283516	1.312821	1.310623
00:00:00.604	1.328205	1.323810	1.328938
00:00:00.605	1.316484	1.319414	1.316484
00:00:00.605	1.315018	1.330403	1.326740
00:00:00.606	1.335531	1.323077	1.320879
00:00:00.606	1.322344	1.317949	1.322344
00:00:00.606	1.315751	1.319414	1.323810
00:00:00.606	1.311355	1.317216	1.323077
00:00:00.607	1.327473	1.327473	1.334066
00:00:00.607	1.315751	1.322344	1.304029
00:00:00.608	1.303297	1.312088	1.296703
00:00:00.608	1.315018	1.324542	1.323077
00:00:00.608	1.311355	1.321612	1.316484
00:00:00.609	1.307692	1.312821	1.312821
00:00:00.609	1.301832	1.312821	1.319414
00:00:00.609	1.301099	1.314286	1.313553
00:00:00.610	1.306227	1.330403	1.322344
00:00:00.610	1.299634	1.323810	1.313553
00:00:00.610	1.317216	1.320147	1.325275
00:00:00.611	1.340659	1.315018	1.331136
00:00:00.611	1.319414	1.312821	1.304762
00:00:00.611	1.319414	1.312088	1.316484
00:00:00.612	1.307692	1.323077	1.309890
00:00:00.612	1.311355	1.326740	1.329670
00:00:00.613	1.326007	1.311355	1.341392
00:00:00.613	1.326740	1.317216	1.346520
00:00:00.613	1.318681	1.327473	1.338462
00:00:00.614	1.310623	1.328938	1.322344
00:00:00.614	1.310623	1.324542	1.335531
00:00:00.614	1.302564	1.317949	1.320879
00:00:00.647	1.309158	1.323810	1.334799
00:00:00.647	1.300366	1.312088	1.328205
00:00:00.647	1.304029	1.314286	1.315018
00:00:00.648	1.319414	1.321612	1.321612
00:00:00.648	1.306227	1.319414	1.310623
00:00:00.648	1.285714	1.312088	1.304762
00:00:00.649	1.275458	1.306227	1.299634
00:00:00.649	1.320147	1.326740	1.319414
00:00:00.649	1.320879	1.320147	1.314286
00:00:00.650	1.320147	1.307692	1.293040
00:00:00.650	1.323810	1.305495	1.281319
00:00:00.650	1.341392	1.324542	1.310623
00:00:00.651	1.340659	1.323810	1.323077
00:00:00.651	1.325275	1.320147	1.314286
00:00:00.652	1.326740	1.312088	1.339194
00:00:00.652	1.342125	1.317949	1.342857
00:00:00.652	1.331136	1.324542	1.346520
00:00:00.653	1.309158	1.324542	1.309158
00:00:00.653	1.253480	1.319414	1.283516
00:00:00.653	1.264469	1.309158	1.308425
00:00:00.654	1.303297	1.315751	1.335531
00:00:00.654	1.312821	1.318681	1.332601
00:00:00.654	1.323810	1.326740	1.320147
00:00:00.655	1.329670	1.315751	1.320879
00:00:00.655	1.344322	1.311355	1.315018
00:00:00.655	1.331868	1.313553	1.310623
00:00:00.656	1.313553	1.317216	1.317949
00:00:00.656	1.306960	1.323810	1.327473
00:00:00.659	1.300366	1.323810	1.327473
00:00:00.659	1.302564	1.323077	1.299634
00:00:00.659	1.285714	1.312088	1.271062
00:00:00.659	1.291575	1.314286	1.305495
00:00:00.659	1.256410	1.313553	1.318681
00:00:00.659	1.241758	1.331136	1.333333
00:00:00.660	1.284982	1.323810	1.325275
00:00:00.660	1.317949	1.315751	1.311355
00:00:00.660	1.348718	1.312088	1.342857
00:00:00.661	1.377289	1.317216	1.344322
00:00:00.661	1.427106	1.324542	1.346520
00:00:00.661	1.413187	1.328205	1.347253
00:00:00.661	1.327473	1.317216	1.314286
00:00:00.661	1.249817	1.315018	1.312088
00:00:00.665	1.279853	1.317949	1.311355
00:00:00.665	1.303297	1.317216	1.294505
00:00:00.665	1.308425	1.317949	1.300366
00:00:00.665	1.301832	1.320147	1.315751
00:00:00.665	1.298901	1.317216	1.306227
00:00:00.665	1.328205	1.320147	1.317949
00:00:00.665	1.345055	1.323810	1.317949
00:00:00.665	1.287912	1.320147	1.295238
00:00:00.697	1.269597	1.319414	1.293773
00:00:00.697	1.300366	1.321612	1.314286
00:00:00.697	1.306227	1.321612	1.323810
00:00:00.697	1.295971	1.315018	1.332601
00:00:00.698	1.276923	1.320147	1.323810
00:00:00.698	1.282784	1.313553	1.364103
00:00:00.698	1.338462	1.323077	1.373626
00:00:00.699	1.359707	1.323077	1.343590
00:00:00.699	1.355311	1.313553	1.323077
00:00:00.699	1.390476	1.323810	1.323810
00:00:00.700	1.352381	1.309890	1.318681
00:00:00.700	1.318681	1.321612	1.336996
00:00:00.701	1.305495	1.309158	1.311355
00:00:00.701	1.299634	1.320147	1.298901
00:00:00.701	1.320147	1.323077	1.300366
00:00:00.702	1.195604	1.319414	1.297436
00:00:00.702	1.231502	1.310623	1.291575
00:00:00.702	1.294505	1.327473	1.323810
00:00:00.703	1.293040	1.319414	1.309158
00:00:00.703	1.295971	1.317216	1.319414
00:00:00.703	1.344322	1.317216	1.318681
00:00:00.704	1.367033	1.327473	1.332601
00:00:00.704	1.374359	1.326740	1.338462
00:00:00.705	1.347985	1.324542	1.330403
00:00:00.705	1.314286	1.317216	1.321612
00:00:00.705	1.305495	1.320879	1.315751
00:00:00.706	1.308425	1.331136	1.326007
00:00:00.706	1.284249	1.320879	1.307692
00:00:00.706	1.291575	1.307692	1.295971
00:00:00.707	1.288645	1.307692	1.310623
00:00:00.707	1.298901	1.328938	1.309158
00:00:00.707	1.320879	1.327473	1.331136
00:00:00.708	1.328205	1.323077	1.331868
00:00:00.708	1.340659	1.324542	1.363370
00:00:00.708	1.312088	1.312821	1.341392
00:00:00.709	1.314286	1.310623	1.315751
00:00:00.709	1.337729	1.317949	1.302564
00:00:00.710	1.350183	1.326007	1.311355
00:00:00.711	1.326740	1.331868	1.318681
00:00:00.711	1.300366	1.314286	1.306960
00:00:00.711	1.287179	1.312821	1.315018
00:00:00.711	1.295238	1.320879	1.317949
00:00:00.711	1.314286	1.323810	1.319414
00:00:00.712	1.313553	1.317216	1.308425
00:00:00.712	1.312088	1.328205	1.323077
00:00:00.712	1.301099	1.311355	1.320879
00:00:00.713	1.299634	1.311355	1.320147
00:00:00.713	1.312088	1.320879	1.323810
00:00:00.713	1.307692	1.320147	1.309890
00:00:00.714	1.314286	1.317216	1.315018
00:00:00.746	1.300366	1.314286	1.320147
00:00:00.746	1.303297	1.309890	1.300366
00:00:00.747	1.295971	1.313553	1.315018
00:00:00.747	1.296703	1.314286	1.310623
00:00:00.747	1.300366	1.315018	1.310623
00:00:00.748	1.315018	1.326740	1.321612
00:00:00.748	1.326740	1.326007	1.339927
00:00:00.749	1.344322	1.312821	1.353846
00:00:00.749	1.302564	1.302564	1.305495
00:00:00.749	1.320147	1.323077	1.303297
00:00:00.750	1.337729	1.324542	1.320879
00:00:00.750	1.315751	1.319414	1.335531
00:00:00.750	1.291575	1.320879	1.323077
00:00:00.751	1.278388	1.309890	1.309890
00:00:00.751	1.313553	1.323810	1.349451
00:00:00.751	1.317949	1.319414	1.300366
00:00:00.752	1.312088	1.322344	1.288645
00:00:00.752	1.316484	1.326007	1.297436
00:00:00.752	1.328938	1.320147	1.339194
00:00:00.753	1.327473	1.324542	1.343590
00:00:00.753	1.313553	1.315751	1.317949
00:00:00.757	1.315018	1.322344	1.334799
00:00:00.757	1.309158	1.312088	1.336996
00:00:00.757	1.343590	1.317949	1.336264
00:00:00.757	1.356044	1.323810	1.339194
00:00:00.757	1.329670	1.323810	1.305495
00:00:00.757	1.297436	1.316484	1.294505
00:00:00.757	1.294505	1.320879	1.309158
00:00:00.757	1.290842	1.315751	1.309158
00:00:00.757	1.276923	1.321612	1.307692
00:00:00.757	1.284982	1.326007	1.327473
00:00:00.757	1.247619	1.315751	1.323810
00:00:00.757	1.241758	1.323077	1.339194
00:00:00.761	1.285714	1.317949	1.325275
00:00:00.761	1.379487	1.317949	1.319414
00:00:00.761	1.450549	1.320879	1.289377
00:00:00.761	1.411722	1.315751	1.292308
00:00:00.761	1.386081	1.312088	1.341392
00:00:00.761	1.329670	1.313553	1.320879
00:00:00.761	1.266667	1.312821	1.317216
00:00:00.761	1.218315	1.315018	1.310623
00:00:00.761	1.254212	1.319414	1.309158
00:00:00.761	1.288645	1.310623	1.309890
00:00:00.761	1.300366	1.319414	1.328938
00:00:00.762	1.323810	1.310623	1.320879
00:00:00.763	1.343590	1.309158	1.345055
00:00:00.763	1.320147	1.312088	1.355311
00:00:00.763	1.326740	1.325275	1.331136
00:00:00.763	1.291575	1.317949	1.300366
00:00:00.764	1.288645	1.312821	1.269597
00:00:00.796	1.261538	1.316484	1.295971
00:00:00.796	1.257875	1.317216	1.305495
00:00:00.796	1.290842	1.323077	1.320879
00:00:00.797	1.339194	1.323810	1.319414
00:00:00.797	1.376557	1.323810	1.309158
00:00:00.798	1.359707	1.319414	1.309890
00:00:00.798	1.362637	1.316484	1.306227
00:00:00.798	1.337729	1.310623	1.313553
00:00:00.799	1.345788	1.317949	1.367033
00:00:00.799	1.330403	1.327473	1.355311
00:00:00.799	1.260806	1.324542	1.330403
00:00:00.800	1.267399	1.316484	1.318681
00:00:00.800	1.303297	1.317949	1.318681
00:00:00.800	1.306227	1.317216	1.317216
00:00:00.801	1.312088	1.320879	1.314286
00:00:00.801	1.307692	1.324542	1.315751
00:00:00.802	1.289377	1.317216	1.309890
00:00:00.802	1.282784	1.315751	1.315018
00:00:00.802	1.282051	1.313553	1.312088
00:00:00.803	1.316484	1.314286	1.314286
00:00:00.803	1.328938	1.316484	1.322344
00:00:00.803	1.334799	1.313553	1.310623
00:00:00.804	1.334066	1.326007	1.331136
00:00:00.804	1.332601	1.328938	1.330403
00:00:00.804	1.299634	1.317949	1.323810
00:00:00.805	1.282784	1.323810	1.326007
00:00:00.805	1.243956	1.320879	1.313553
00:00:00.805	1.297436	1.311355	1.312088
00:00:00.806	1.327473	1.323810	1.323810
00:00:00.806	1.323810	1.318681	1.320879
00:00:00.807	1.310623	1.314286	1.307692
00:00:00.807	1.313553	1.309890	1.305495
00:00:00.807	1.326007	1.325275	1.317216
00:00:00.808	1.320147	1.326007	1.322344
00:00:00.808	1.315018	1.328938	1.323810
00:00:00.808	1.290842	1.315751	1.318681
00:00:00.809	1.292308	1.326740	1.328205
00:00:00.809	1.294505	1.320147	1.333333
00:00:00.809	1.334799	1.317216	1.327473
00:00:00.810	1.364835	1.324542	1.316484
00:00:00.810	1.370696	1.334066	1.334066
00:00:00.810	1.248352	1.324542	1.319414
00:00:00.811	1.320147	1.322344	1.328938
00:00:00.811	1.357509	1.320147	1.336264
00:00:00.812	1.328205	1.310623	1.326740
00:00:00.812	1.320879	1.322344	1.316484
00:00:00.812	1.299634	1.309158	1.306960
00:00:00.813	1.294505	1.320879	1.306960
00:00:00.813	1.300366	1.323810	1.313553
00:00:00.813	1.315751	1.323810	1.334799
00:00:00.846	1.306960	1.323077	1.326740
00:00:00.846	1.280586	1.317216	1.297436
00:00:00.847	1.300366	1.322344	1.314286
00:00:00.847	1.317949	1.323810	1.312821
00:00:00.847	1.302564	1.320147	1.297436
00:00:00.847	1.291575	1.315751	1.268132
00:00:00.848	1.347253	1.314286	1.321612
00:00:00.848	1.397070	1.315751	1.377289
00:00:00.848	1.397802	1.326007	1.407326
00:00:00.849	1.361172	1.327473	1.377289
00:00:00.849	1.313553	1.317216	1.321612
00:00:00.849	1.291575	1.317949	1.317949
00:00:00.850	1.276923	1.316484	1.309158
00:00:00.850	1.304762	1.320879	1.304029
00:00:00.853	1.317216	1.322344	1.308425
00:00:00.853	1.314286	1.321612	1.306227
00:00:00.853	1.319414	1.307692	1.302564
00:00:00.853	1.287179	1.312821	1.309890
00:00:00.853	1.266667	1.318681	1.306227
00:00:00.853	1.231502	1.324542	1.308425
00:00:00.853	1.239560	1.314286	1.309158
00:00:00.853	1.272527	1.320147	1.296703
00:00:00.853	1.326740	1.310623	1.340659
00:00:00.854	1.343590	1.312088	1.323810
00:00:00.854	1.333333	1.320879	1.317949
00:00:00.854	1.394139	1.324542	1.345055
00:00:00.858	1.410256	1.322344	1.320879
00:00:00.858	1.370696	1.308425	1.280586
00:00:00.858	1.297436	1.314286	1.286447
00:00:00.858	1.292308	1.320879	1.300366
00:00:00.858	1.306227	1.325275	1.304762
00:00:00.858	1.328205	1.320147	1.336264
00:00:00.858	1.329670	1.310623	1.345055
00:00:00.858	1.310623	1.318681	1.332601
00:00:00.858	1.312821	1.319414	1.330403
00:00:00.858	1.298168	1.323810	1.323810
00:00:00.858	1.292308	1.317949	1.315018
00:00:00.860	1.279121	1.312088	1.309890
00:00:00.860	1.276923	1.316484	1.317216
00:00:00.860	1.288645	1.311355	1.328205
00:00:00.860	1.317949	1.326007	1.336264
00:00:00.860	1.308425	1.322344	1.322344
00:00:00.861	1.296703	1.313553	1.309158
00:00:00.861	1.282784	1.314286	1.309158
00:00:00.861	1.311355	1.327473	1.334799
00:00:00.862	1.317949	1.324542	1.326007
00:00:00.862	1.326740	1.320879	1.318681
00:00:00.862	1.323810	1.317216	1.315018
00:00:00.863	1.308425	1.318681	1.318681
00:00:00.863	1.301832	1.321612	1.320879
