timestamp	ch1	ch2	ch3
00:00:00.000	1.304029	1.315018	1.314286
00:00:00.000	1.320879	1.323810	1.326007
00:00:00.000	1.306960	1.320879	1.320147
00:00:00.000	1.315751	1.336264	1.323810
00:00:00.000	1.315751	1.334799	1.327473
00:00:00.001	1.300366	1.320147	1.321612
00:00:00.001	1.304029	1.320147	1.323077
00:00:00.002	1.314286	1.312088	1.310623
00:00:00.034	1.314286	1.303297	1.314286
00:00:00.034	1.301099	1.288645	1.308425
00:00:00.034	1.328938	1.303297	1.334799
00:00:00.035	1.316484	1.304029	1.316484
00:00:00.035	1.306227	1.309890	1.315751
00:00:00.035	1.307692	1.322344	1.318681
00:00:00.036	1.294505	1.314286	1.321612
00:00:00.036	1.304762	1.326007	1.331136
00:00:00.037	1.306960	1.324542	1.315751
00:00:00.037	1.302564	1.334066	1.326007
00:00:00.037	1.296703	1.325275	1.320879
00:00:00.038	1.303297	1.318681	1.320879
00:00:00.038	1.305495	1.324542	1.320879
00:00:00.038	1.323810	1.328205	1.325275
00:00:00.039	1.355311	1.325275	1.313553
00:00:00.039	1.358242	1.318681	1.292308
00:00:00.039	1.323810	1.312821	1.308425
00:00:00.040	1.306227	1.318681	1.312088
00:00:00.040	1.300366	1.314286	1.314286
00:00:00.041	1.312088	1.324542	1.328205
00:00:00.041	1.301832	1.320147	1.321612
00:00:00.041	1.298901	1.314286	1.320147
00:00:00.042	1.315751	1.317949	1.321612
00:00:00.042	1.309158	1.310623	1.309158
00:00:00.042	1.354579	1.321612	1.322344
00:00:00.043	1.386081	1.315018	1.313553
00:00:00.043	1.356777	1.323810	1.339194
00:00:00.043	1.221978	1.318681	1.346520
00:00:00.044	1.268864	1.315018	1.339927
00:00:00.044	1.297436	1.327473	1.328938
00:00:00.044	1.285714	1.321612	1.301832
00:00:00.045	1.297436	1.315751	1.295238
00:00:00.045	1.305495	1.316484	1.289377
00:00:00.046	1.297436	1.313553	1.271795
00:00:00.046	1.295238	1.311355	1.295238
00:00:00.046	1.331868	1.327473	1.358242
00:00:00.047	1.347985	1.331868	1.375824
00:00:00.047	1.322344	1.312821	1.320147
00:00:00.047	1.326740	1.312821	1.303297
00:00:00.048	1.308425	1.317949	1.331136
00:00:00.048	1.329670	1.326740	1.300366
00:00:00.048	1.326740	1.318681	1.270330
00:00:00.049	1.351648	1.328938	1.284982
00:00:00.049	1.352381	1.323077	1.320147
00:00:00.049	1.335531	1.313553	1.309890
00:00:00.050	1.317949	1.310623	1.330403
00:00:00.050	1.292308	1.321612	1.347253
00:00:00.051	1.221245	1.323077	1.327473
00:00:00.052	1.238828	1.326007	1.334799
00:00:00.052	1.298901	1.310623	1.344322
00:00:00.083	1.303297	1.316484	1.329670
00:00:00.084	1.320147	1.325275	1.321612
00:00:00.084	1.361172	1.312088	1.303297
00:00:00.085	1.391209	1.316484	1.328205
00:00:00.085	1.357509	1.317949	1.336996
00:00:00.085	1.309890	1.314286	1.360440
00:00:00.086	1.312821	1.326740	1.368498
00:00:00.086	1.359707	1.322344	1.330403
00:00:00.086	1.325275	1.320879	1.290110
00:00:00.087	1.320147	1.315751	1.281319
00:00:00.087	1.312088	1.315751	1.307692
00:00:00.087	1.320147	1.319414	1.334066
00:00:00.089	1.279853	1.320147	1.323810
00:00:00.089	1.243223	1.323810	1.301832
00:00:00.089	1.242491	1.318681	1.301832
00:00:00.092	1.313553	1.323810	1.315018
00:00:00.092	1.314286	1.319414	1.312821
00:00:00.092	1.312821	1.321612	1.319414
00:00:00.092	1.319414	1.315018	1.312088
00:00:00.092	1.323810	1.311355	1.315018
00:00:00.092	1.333333	1.312821	1.304762
00:00:00.092	1.328205	1.319414	1.313553
00:00:00.092	1.307692	1.320147	1.321612
00:00:00.092	1.270330	1.323810	1.320147
00:00:00.092	1.269597	1.320879	1.318681
00:00:00.092	1.295238	1.317216	1.315018
00:00:00.095	1.313553	1.311355	1.312088
00:00:00.095	1.322344	1.319414	1.311355
00:00:00.095	1.326740	1.323077	1.317949
00:00:00.095	1.336996	1.323077	1.327473
00:00:00.095	1.328205	1.318681	1.323810
00:00:00.095	1.319414	1.317949	1.328938
00:00:00.095	1.312088	1.320879	1.323810
00:00:00.095	1.309158	1.320147	1.318681
00:00:00.096	1.313553	1.320879	1.320147
00:00:00.096	1.313553	1.315018	1.320147
00:00:00.096	1.306960	1.320879	1.323810
00:00:00.097	1.320147	1.319414	1.319414
00:00:00.097	1.326007	1.315751	1.317949
00:00:00.097	1.325275	1.320879	1.319414
00:00:00.098	1.318681	1.323810	1.319414
00:00:00.098	1.330403	1.325275	1.323810
00:00:00.098	1.338462	1.320147	1.315751
00:00:00.099	1.296703	1.323810	1.317216
00:00:00.099	1.273260	1.320147	1.318681
00:00:00.100	1.282784	1.317216	1.307692
00:00:00.100	1.330403	1.327473	1.327473
00:00:00.100	1.330403	1.323810	1.323077
00:00:00.101	1.335531	1.326740	1.334799
00:00:00.101	1.309158	1.314286	1.322344
00:00:00.133	1.301832	1.321612	1.327473
00:00:00.134	1.306227	1.325275	1.334799
00:00:00.134	1.312821	1.328938	1.322344
00:00:00.134	1.311355	1.319414	1.315751
00:00:00.135	1.331136	1.313553	1.322344
00:00:00.136	1.309890	1.317949	1.320879
00:00:00.136	1.301832	1.313553	1.298168
00:00:00.136	1.320147	1.325275	1.315751
00:00:00.136	1.321612	1.316484	1.306960
00:00:00.136	1.309158	1.319414	1.305495
00:00:00.137	1.315018	1.318681	1.315018
00:00:00.137	1.317216	1.326007	1.332601
00:00:00.138	1.317949	1.323077	1.323810
00:00:00.138	1.313553	1.315018	1.325275
00:00:00.138	1.310623	1.315018	1.320147
00:00:00.139	1.317949	1.323810	1.341392
00:00:00.139	1.305495	1.323077	1.330403
00:00:00.139	1.314286	1.323077	1.332601
00:00:00.140	1.323077	1.324542	1.300366
00:00:00.140	1.309890	1.311355	1.273260
00:00:00.140	1.310623	1.318681	1.312088
00:00:00.141	1.302564	1.321612	1.329670
00:00:00.141	1.313553	1.321612	1.332601
00:00:00.141	1.312088	1.315751	1.312821
00:00:00.142	1.293040	1.312088	1.282784
00:00:00.142	1.326007	1.320879	1.315751
00:00:00.143	1.350183	1.330403	1.361172
00:00:00.143	1.356044	1.316484	1.362637
00:00:00.143	1.337729	1.326740	1.301832
00:00:00.144	1.297436	1.323810	1.310623
00:00:00.144	1.271062	1.315018	1.298901
00:00:00.144	1.270330	1.323810	1.287912
00:00:00.145	1.248352	1.306960	1.259341
00:00:00.145	1.271062	1.320879	1.276923
00:00:00.145	1.299634	1.308425	1.306227
00:00:00.146	1.309890	1.310623	1.320879
00:00:00.146	1.320147	1.309890	1.312088
00:00:00.146	1.391209	1.321612	1.433700
00:00:00.147	1.448352	1.333333	1.449817
00:00:00.147	1.387546	1.325275	1.405128
00:00:00.148	1.315018	1.316484	1.320147
00:00:00.148	1.303297	1.321612	1.297436
00:00:00.148	1.313553	1.317216	1.292308
00:00:00.149	1.348718	1.323810	1.300366
00:00:00.149	1.298901	1.316484	1.295971
00:00:00.149	1.270330	1.315018	1.300366
00:00:00.150	1.248352	1.317949	1.308425
00:00:00.150	1.238828	1.313553	1.293773
00:00:00.150	1.263736	1.309890	1.294505
00:00:00.151	1.272527	1.312821	1.295971
00:00:00.183	1.350183	1.309158	1.295971
00:00:00.183	1.415385	1.310623	1.319414
00:00:00.184	1.334799	1.326740	1.350916
00:00:00.184	1.281319	1.321612	1.349451
00:00:00.184	1.283516	1.319414	1.315018
00:00:00.188	1.249084	1.320147	1.310623
00:00:00.188	1.326740	1.313553	1.306960
00:00:00.188	1.344322	1.326740	1.344322
00:00:00.188	1.304029	1.312821	1.342857
00:00:00.188	1.311355	1.321612	1.331868
00:00:00.188	1.315018	1.323077	1.310623
00:00:00.188	1.308425	1.318681	1.312088
00:00:00.188	1.315751	1.322344	1.314286
00:00:00.188	1.312088	1.319414	1.308425
00:00:00.188	1.309158	1.318681	1.316484
00:00:00.188	1.315018	1.312821	1.309890
00:00:00.189	1.319414	1.322344	1.319414
00:00:00.189	1.310623	1.314286	1.308425
00:00:00.189	1.312088	1.324542	1.321612
00:00:00.192	1.300366	1.312088	1.312821
00:00:00.192	1.315018	1.323810	1.323810
00:00:00.192	1.307692	1.317216	1.314286
00:00:00.192	1.315018	1.323810	1.326740
00:00:00.192	1.323810	1.324542	1.320879
00:00:00.192	1.322344	1.323077	1.318681
00:00:00.192	1.317949	1.326007	1.322344
00:00:00.192	1.309890	1.317216	1.320879
00:00:00.193	1.308425	1.321612	1.321612
00:00:00.193	1.301832	1.312821	1.312088
00:00:00.193	1.317216	1.323077	1.327473
00:00:00.194	1.298901	1.316484	1.320879
00:00:00.194	1.294505	1.312821	1.315018
00:00:00.194	1.317216	1.326007	1.326007
00:00:00.195	1.308425	1.308425	1.315751
00:00:00.195	1.323810	1.326740	1.323810
00:00:00.195	1.319414	1.321612	1.317216
00:00:00.196	1.321612	1.323077	1.321612
00:00:00.196	1.319414	1.314286	1.316484
00:00:00.197	1.315751	1.322344	1.323810
00:00:00.197	1.312088	1.326007	1.323077
00:00:00.197	1.304029	1.322344	1.319414
00:00:00.198	1.304029	1.323810	1.320147
