timestamp	ch1	ch2	ch3
00:00:00.000	1.327473	1.317949	1.320879
00:00:00.001	1.344322	1.317949	1.337729
00:00:00.001	1.366300	1.318681	1.347985
00:00:00.001	1.345788	1.319414	1.343590
00:00:00.002	1.313553	1.314286	1.339194
00:00:00.002	1.296703	1.318681	1.342857
00:00:00.002	1.273260	1.313553	1.292308
00:00:00.003	1.256410	1.310623	1.279121
00:00:00.035	1.257143	1.309890	1.253480
00:00:00.035	1.295238	1.317949	1.271795
00:00:00.036	1.307692	1.309158	1.266667
00:00:00.036	1.335531	1.315751	1.253480
00:00:00.036	1.352381	1.307692	1.320147
00:00:00.038	1.378022	1.309890	1.403663
00:00:00.038	1.375092	1.320879	1.430037
00:00:00.038	1.371429	1.336264	1.414652
00:00:00.038	1.288645	1.316484	1.331136
00:00:00.038	1.275458	1.327473	1.294505
00:00:00.039	1.306960	1.327473	1.315751
00:00:00.039	1.316484	1.320879	1.292308
00:00:00.039	1.319414	1.311355	1.287912
00:00:00.040	1.323810	1.315751	1.304762
00:00:00.040	1.341392	1.317949	1.319414
00:00:00.040	1.337729	1.312088	1.306960
00:00:00.041	1.320879	1.316484	1.381685
00:00:00.041	1.290110	1.325275	1.417582
00:00:00.041	1.282784	1.317216	1.346520
00:00:00.042	1.329670	1.326007	1.321612
00:00:00.042	1.366300	1.327473	1.322344
00:00:00.043	1.336996	1.312821	1.282784
00:00:00.043	1.390476	1.331868	1.298168
00:00:00.043	1.345055	1.327473	1.290842
00:00:00.044	1.120147	1.314286	1.293773
00:00:00.044	1.159707	1.324542	1.304029
00:00:00.044	1.279853	1.324542	1.304762
00:00:00.045	1.291575	1.321612	1.292308
00:00:00.045	1.282784	1.311355	1.290842
00:00:00.045	1.350183	1.325275	1.326740
00:00:00.048	1.373626	1.332601	1.363370
00:00:00.048	1.356777	1.328205	1.330403
00:00:00.048	1.310623	1.317216	1.302564
00:00:00.048	1.336996	1.323810	1.315751
00:00:00.048	1.358974	1.322344	1.336996
00:00:00.048	1.335531	1.314286	1.394139
00:00:00.048	1.310623	1.312088	1.347253
00:00:00.048	1.309890	1.301832	1.298901
00:00:00.051	1.330403	1.323077	1.307692
00:00:00.051	1.313553	1.312821	1.323810
00:00:00.051	1.309158	1.323810	1.323077
00:00:00.051	1.295971	1.320147	1.305495
00:00:00.051	1.293040	1.317216	1.309158
00:00:00.051	1.287179	1.285714	1.306227
00:00:00.051	1.300366	1.254212	1.323810
00:00:00.051	1.323810	1.265934	1.320879
00:00:00.052	1.326007	1.293040	1.317949
00:00:00.052	1.329670	1.301099	1.306960
00:00:00.052	1.336264	1.341392	1.315018
00:00:00.053	1.327473	1.365568	1.304029
00:00:00.085	1.312088	1.419048	1.308425
00:00:00.085	1.295971	1.415385	1.309158
00:00:00.086	1.277656	1.388278	1.320147
00:00:00.086	1.294505	1.328205	1.317949
00:00:00.086	1.306227	1.306960	1.320147
00:00:00.087	1.316484	1.305495	1.323810
00:00:00.087	1.308425	1.301832	1.326740
00:00:00.087	1.310623	1.304762	1.326740
00:00:00.088	1.320879	1.306960	1.326007
00:00:00.088	1.307692	1.299634	1.315751
00:00:00.088	1.307692	1.299634	1.315751
00:00:00.089	1.315751	1.313553	1.323810
00:00:00.090	1.323810	1.313553	1.315751
00:00:00.090	1.315018	1.305495	1.309158
00:00:00.090	1.315751	1.315018	1.308425
00:00:00.090	1.315018	1.321612	1.317949
00:00:00.091	1.315751	1.319414	1.316484
00:00:00.091	1.302564	1.312088	1.313553
00:00:00.091	1.312088	1.309158	1.305495
00:00:00.092	1.327473	1.320147	1.347253
00:00:00.092	1.335531	1.320147	1.350916
00:00:00.092	1.322344	1.320879	1.327473
00:00:00.093	1.306960	1.309890	1.310623
00:00:00.093	1.291575	1.315751	1.312821
00:00:00.093	1.300366	1.322344	1.308425
00:00:00.094	1.313553	1.329670	1.316484
00:00:00.094	1.304762	1.323810	1.328205
00:00:00.094	1.304029	1.323810	1.331868
00:00:00.095	1.295238	1.312821	1.326007
00:00:00.095	1.297436	1.314286	1.339194
00:00:00.096	1.304762	1.317216	1.323810
00:00:00.096	1.284249	1.309158	1.317216
00:00:00.096	1.301099	1.321612	1.308425
00:00:00.097	1.320879	1.321612	1.298901
00:00:00.097	1.321612	1.315018	1.219048
00:00:00.097	1.323077	1.325275	1.252747
00:00:00.098	1.316484	1.320147	1.293773
00:00:00.098	1.334066	1.320147	1.284982
00:00:00.098	1.372894	1.326740	1.291575
00:00:00.099	1.382418	1.324542	1.354579
00:00:00.099	1.400000	1.323810	1.441026
00:00:00.099	1.369231	1.319414	1.427839
00:00:00.100	1.332601	1.322344	1.370696
00:00:00.100	1.278388	1.323077	1.320879
00:00:00.101	1.241026	1.312088	1.271795
00:00:00.101	1.256410	1.307692	1.303297
00:00:00.101	1.313553	1.326740	1.388278
00:00:00.102	1.300366	1.317949	1.368498
00:00:00.102	1.296703	1.321612	1.334799
00:00:00.102	1.295238	1.313553	1.306227
00:00:00.135	1.326007	1.313553	1.296703
00:00:00.135	1.326740	1.320879	1.293040
00:00:00.135	1.300366	1.326007	1.300366
00:00:00.136	1.284982	1.326007	1.292308
00:00:00.136	1.301832	1.323077	1.287179
00:00:00.136	1.315018	1.316484	1.308425
00:00:00.137	1.307692	1.309890	1.331868
00:00:00.137	1.309158	1.306227	1.309158
00:00:00.137	1.294505	1.306960	1.308425
00:00:00.138	1.304762	1.326007	1.310623
00:00:00.138	1.287912	1.319414	1.308425
00:00:00.139	1.300366	1.322344	1.309158
00:00:00.139	1.312088	1.323810	1.318681
00:00:00.139	1.342857	1.322344	1.350183
00:00:00.140	1.336264	1.315751	1.352381
00:00:00.140	1.353846	1.323810	1.337729
00:00:00.140	1.358974	1.324542	1.323810
00:00:00.141	1.320879	1.321612	1.286447
00:00:00.143	1.284249	1.305495	1.276190
00:00:00.143	1.299634	1.322344	1.295238
00:00:00.143	1.300366	1.321612	1.340659
00:00:00.143	1.295971	1.320879	1.333333
00:00:00.143	1.304029	1.314286	1.363370
00:00:00.143	1.314286	1.321612	1.382418
00:00:00.143	1.318681	1.326007	1.342857
00:00:00.145	1.319414	1.322344	1.317949
00:00:00.145	1.305495	1.311355	1.298168
00:00:00.145	1.302564	1.310623	1.295971
00:00:00.145	1.320879	1.326007	1.306227
00:00:00.145	1.322344	1.323810	1.312088
00:00:00.145	1.300366	1.314286	1.303297
00:00:00.148	1.296703	1.317949	1.304762
00:00:00.148	1.295238	1.317949	1.317216
00:00:00.148	1.319414	1.327473	1.315751
00:00:00.148	1.326740	1.323810	1.318681
00:00:00.148	1.311355	1.320879	1.313553
00:00:00.148	1.298901	1.314286	1.309158
00:00:00.148	1.320879	1.320147	1.318681
00:00:00.149	1.328938	1.325275	1.323810
00:00:00.149	1.311355	1.321612	1.323077
00:00:00.149	1.298168	1.312088	1.312088
00:00:00.149	1.306227	1.322344	1.328938
00:00:00.150	1.323810	1.330403	1.326007
00:00:00.150	1.323810	1.320879	1.318681
00:00:00.150	1.326740	1.313553	1.305495
00:00:00.151	1.310623	1.309158	1.312088
00:00:00.151	1.316484	1.316484	1.328938
00:00:00.151	1.333333	1.327473	1.336264
00:00:00.152	1.322344	1.323077	1.320879
00:00:00.152	1.301099	1.311355	1.309890
00:00:00.184	1.284982	1.316484	1.315751
00:00:00.185	1.303297	1.323077	1.315018
00:00:00.185	1.325275	1.323810	1.317949
00:00:00.185	1.327473	1.323810	1.340659
00:00:00.186	1.337729	1.320147	1.334066
00:00:00.186	1.334799	1.320147	1.326740
00:00:00.186	1.336996	1.317216	1.312088
00:00:00.187	1.327473	1.320147	1.304762
00:00:00.187	1.334066	1.319414	1.300366
00:00:00.188	1.342125	1.320879	1.311355
00:00:00.188	1.370696	1.320147	1.323077
00:00:00.188	1.232967	1.314286	1.304762
00:00:00.189	1.110623	1.316484	1.314286
00:00:00.189	1.190476	1.317216	1.337729
00:00:00.189	1.290842	1.325275	1.345055
00:00:00.190	1.334066	1.321612	1.325275
00:00:00.190	1.317216	1.311355	1.288645
00:00:00.190	1.322344	1.317949	1.283516
00:00:00.191	1.336996	1.309890	1.274725
00:00:00.191	1.400733	1.336264	1.293040
00:00:00.192	1.339927	1.318681	1.288645
00:00:00.192	1.330403	1.320879	1.354579
00:00:00.192	1.350916	1.322344	1.412454
00:00:00.193	1.346520	1.326007	1.401465
00:00:00.193	1.310623	1.315018	1.370696
00:00:00.193	1.317949	1.312821	1.310623
00:00:00.194	1.344322	1.321612	1.314286
00:00:00.194	1.348718	1.315018	1.340659
00:00:00.194	1.336996	1.321612	1.340659
00:00:00.195	1.308425	1.315018	1.323077
00:00:00.195	1.303297	1.327473	1.306227
00:00:00.195	1.300366	1.323810	1.295971
00:00:00.196	1.306227	1.323810	1.297436
00:00:00.196	1.295971	1.317216	1.304029
00:00:00.197	1.317949	1.321612	1.313553
00:00:00.197	1.309158	1.325275	1.311355
00:00:00.197	1.306227	1.317216	1.302564
00:00:00.198	1.294505	1.308425	1.292308
00:00:00.198	1.300366	1.326740	1.306960
00:00:00.198	1.286447	1.323077	1.303297
00:00:00.199	1.276923	1.317216	1.322344
00:00:00.199	1.296703	1.312088	1.323810
00:00:00.199	1.315751	1.325275	1.348718
00:00:00.200	1.315751	1.323810	1.339194
00:00:00.200	1.319414	1.321612	1.334799
00:00:00.200	1.316484	1.311355	1.332601
00:00:00.201	1.319414	1.312821	1.317216
00:00:00.201	1.342125	1.320879	1.332601
00:00:00.202	1.339927	1.323077	1.330403
00:00:00.202	1.320879	1.320879	1.317949
00:00:00.235	1.308425	1.317216	1.304762
00:00:00.235	1.300366	1.317216	1.293040
00:00:00.235	1.317949	1.320879	1.333333
00:00:00.235	1.310623	1.317216	1.327473
00:00:00.236	1.304762	1.314286	1.293773
00:00:00.236	1.300366	1.312821	1.298901
00:00:00.236	1.317949	1.326007	1.341392
00:00:00.237	1.338462	1.323810	1.339194
00:00:00.237	1.325275	1.320879	1.321612
00:00:00.237	1.304029	1.312821	1.304029
00:00:00.239	1.295971	1.320879	1.317216
00:00:00.239	1.310623	1.324542	1.320147
00:00:00.239	1.310623	1.321612	1.310623
00:00:00.241	1.317216	1.323810	1.323077
00:00:00.241	1.319414	1.327473	1.323810
00:00:00.241	1.301099	1.315751	1.309158
00:00:00.241	1.302564	1.323077	1.317949
00:00:00.241	1.293773	1.320147	1.317949
00:00:00.241	1.307692	1.323810	1.323810
00:00:00.241	1.309890	1.325275	1.313553
00:00:00.241	1.318681	1.325275	1.295971
00:00:00.244	1.334799	1.323810	1.315751
00:00:00.244	1.324542	1.311355	1.313553
00:00:00.244	1.317216	1.320879	1.320147
00:00:00.244	1.314286	1.317216	1.317949
00:00:00.244	1.307692	1.313553	1.313553
00:00:00.244	1.312088	1.314286	1.319414
00:00:00.244	1.312088	1.324542	1.330403
00:00:00.244	1.317949	1.323810	1.326740
00:00:00.244	1.315751	1.318681	1.319414
00:00:00.245	1.302564	1.312821	1.317949
00:00:00.246	1.320879	1.327473	1.329670
00:00:00.246	1.306227	1.313553	1.313553
00:00:00.247	1.312821	1.317949	1.320879
00:00:00.247	1.291575	1.304762	1.306960
00:00:00.247	1.312088	1.328938	1.332601
00:00:00.247	1.312821	1.321612	1.315751
00:00:00.247	1.315018	1.316484	1.310623
00:00:00.248	1.317949	1.318681	1.318681
00:00:00.248	1.312821	1.309890	1.312821
00:00:00.248	1.315018	1.312821	1.315751
00:00:00.249	1.309158	1.326007	1.331136
00:00:00.249	1.269597	1.307692	1.297436
00:00:00.250	1.275458	1.309890	1.293773
00:00:00.250	1.319414	1.328205	1.341392
00:00:00.250	1.338462	1.327473	1.353846
00:00:00.251	1.309158	1.320879	1.306960
00:00:00.251	1.298901	1.317949	1.294505
00:00:00.251	1.323077	1.322344	1.293040
00:00:00.252	1.341392	1.319414	1.325275
00:00:00.284	1.340659	1.324542	1.337729
00:00:00.284	1.329670	1.317216	1.334799
00:00:00.285	1.309158	1.316484	1.350183
00:00:00.285	1.312088	1.323077	1.336996
00:00:00.285	1.310623	1.328205	1.308425
00:00:00.286	1.297436	1.318681	1.281319
00:00:00.286	1.266667	1.307692	1.261538
00:00:00.286	1.295238	1.320879	1.293773
00:00:00.287	1.330403	1.318681	1.319414
00:00:00.287	1.323810	1.325275	1.336996
00:00:00.287	1.334066	1.311355	1.358242
00:00:00.288	1.307692	1.317216	1.345788
00:00:00.288	1.298168	1.306960	1.349451
00:00:00.289	1.350183	1.323077	1.372894
00:00:00.289	1.354579	1.328205	1.336996
00:00:00.289	1.317216	1.323810	1.282784
00:00:00.290	1.318681	1.331136	1.312088
00:00:00.290	1.330403	1.323077	1.320147
00:00:00.290	1.330403	1.318681	1.336996
00:00:00.291	1.297436	1.317216	1.333333
00:00:00.291	1.301099	1.319414	1.289377
00:00:00.291	1.299634	1.315751	1.297436
00:00:00.292	1.296703	1.320147	1.315018
00:00:00.292	1.306960	1.320147	1.304762
00:00:00.292	1.326007	1.323077	1.306227
00:00:00.293	1.312821	1.312088	1.302564
00:00:00.293	1.306960	1.319414	1.318681
00:00:00.294	1.304029	1.315018	1.331136
00:00:00.294	1.287179	1.315018	1.300366
00:00:00.294	1.321612	1.321612	1.300366
00:00:00.295	1.320879	1.310623	1.285714
00:00:00.295	1.321612	1.315751	1.299634
00:00:00.295	1.306227	1.317216	1.312821
00:00:00.296	1.308425	1.312821	1.362637
00:00:00.296	1.332601	1.322344	1.425641
00:00:00.296	1.320147	1.327473	1.364103
00:00:00.297	1.308425	1.326740	1.323077
00:00:00.297	1.306960	1.316484	1.311355
00:00:00.297	1.320879	1.323077	1.315018
00:00:00.299	1.332601	1.329670	1.317216
00:00:00.299	1.321612	1.315018	1.300366
00:00:00.299	1.306227	1.320147	1.304762
00:00:00.299	1.282051	1.311355	1.303297
00:00:00.299	1.305495	1.315751	1.304762
00:00:00.300	1.308425	1.323077	1.309890
00:00:00.300	1.290110	1.312821	1.306227
00:00:00.300	1.301099	1.324542	1.318681
00:00:00.301	1.310623	1.308425	1.311355
00:00:00.301	1.326740	1.318681	1.313553
00:00:00.301	1.302564	1.313553	1.321612
00:00:00.335	1.315751	1.321612	1.318681
00:00:00.335	1.317216	1.323077	1.318681
00:00:00.335	1.310623	1.314286	1.312821
00:00:00.335	1.320879	1.323810	1.323077
00:00:00.335	1.315751	1.325275	1.321612
00:00:00.335	1.299634	1.312088	1.312088
00:00:00.338	1.306960	1.314286	1.315751
00:00:00.338	1.325275	1.324542	1.326007
00:00:00.338	1.330403	1.319414	1.325275
00:00:00.338	1.323810	1.320879	1.323077
00:00:00.338	1.306960	1.317949	1.309890
00:00:00.338	1.299634	1.312821	1.311355
00:00:00.338	1.301832	1.319414	1.312088
00:00:00.338	1.336264	1.336996	1.342857
00:00:00.339	1.325275	1.327473	1.328938
00:00:00.339	1.301832	1.312088	1.306960
00:00:00.339	1.301832	1.315018	1.318681
00:00:00.340	1.318681	1.326740	1.331136
00:00:00.340	1.321612	1.325275	1.327473
00:00:00.340	1.312088	1.319414	1.315751
00:00:00.341	1.307692	1.307692	1.309890
00:00:00.341	1.315751	1.289377	1.323810
00:00:00.342	1.307692	1.259341	1.319414
00:00:00.342	1.304029	1.273993	1.320879
00:00:00.342	1.309890	1.298168	1.320879
00:00:00.343	1.306227	1.310623	1.315751
00:00:00.343	1.310623	1.329670	1.317949
00:00:00.343	1.299634	1.357509	1.318681
00:00:00.344	1.314286	1.408059	1.323810
00:00:00.344	1.310623	1.413187	1.323810
00:00:00.344	1.320879	1.380952	1.320147
00:00:00.345	1.312821	1.314286	1.314286
00:00:00.345	1.306960	1.295238	1.320879
00:00:00.345	1.316484	1.304029	1.323810
00:00:00.346	1.315751	1.307692	1.312088
00:00:00.346	1.307692	1.295971	1.300366
00:00:00.347	1.309158	1.307692	1.316484
00:00:00.347	1.323810	1.318681	1.326007
00:00:00.347	1.298168	1.312088	1.313553
00:00:00.348	1.302564	1.307692	1.323810
00:00:00.348	1.313553	1.308425	1.331868
00:00:00.348	1.329670	1.317216	1.320879
00:00:00.349	1.332601	1.305495	1.307692
00:00:00.349	1.336264	1.308425	1.328938
00:00:00.349	1.317216	1.320879	1.323810
00:00:00.350	1.315018	1.323810	1.349451
00:00:00.351	1.308425	1.323077	1.326007
00:00:00.351	1.282051	1.312088	1.283516
00:00:00.351	1.298168	1.315018	1.332601
00:00:00.351	1.334066	1.320879	1.317949
00:00:00.383	1.341392	1.326007	1.334066
00:00:00.384	1.327473	1.315018	1.312821
00:00:00.384	1.326007	1.318681	1.304029
00:00:00.384	1.358974	1.319414	1.336996
00:00:00.385	1.353846	1.315751	1.330403
00:00:00.385	1.309890	1.323810	1.319414
00:00:00.386	1.273260	1.322344	1.306960
00:00:00.386	1.267399	1.321612	1.305495
00:00:00.386	1.284249	1.313553	1.322344
00:00:00.387	1.309890	1.317216	1.310623
00:00:00.387	1.293773	1.321612	1.304029
00:00:00.387	1.293773	1.315751	1.302564
00:00:00.388	1.313553	1.326007	1.306227
00:00:00.388	1.317216	1.322344	1.372894
00:00:00.388	1.327473	1.322344	1.360440
00:00:00.389	1.313553	1.315751	1.328938
00:00:00.389	1.329670	1.323077	1.336264
00:00:00.390	1.351648	1.326007	1.345788
00:00:00.390	1.328205	1.317949	1.312088
00:00:00.390	1.303297	1.319414	1.293773
00:00:00.391	1.304762	1.319414	1.298901
00:00:00.391	1.317216	1.320147	1.317216
00:00:00.391	1.314286	1.320147	1.306227
00:00:00.392	1.310623	1.322344	1.311355
00:00:00.392	1.309158	1.323810	1.336264
00:00:00.392	1.286447	1.318681	1.333333
00:00:00.393	1.287179	1.322344	1.316484
00:00:00.393	1.313553	1.315751	1.309890
00:00:00.393	1.313553	1.309158	1.304029
00:00:00.394	1.326740	1.312821	1.303297
00:00:00.394	1.325275	1.318681	1.330403
00:00:00.395	1.326740	1.334066	1.330403
00:00:00.395	1.316484	1.320879	1.323077
00:00:00.395	1.321612	1.325275	1.321612
00:00:00.396	1.304762	1.320879	1.320879
00:00:00.396	1.306227	1.322344	1.322344
00:00:00.396	1.297436	1.317949	1.312821
00:00:00.397	1.312088	1.316484	1.312821
00:00:00.397	1.300366	1.302564	1.309158
00:00:00.397	1.293040	1.314286	1.309158
00:00:00.402	1.336264	1.317949	1.325275
00:00:00.402	1.320147	1.315751	1.319414
00:00:00.402	1.300366	1.322344	1.329670
00:00:00.402	1.296703	1.324542	1.334066
00:00:00.402	1.288645	1.311355	1.320147
00:00:00.402	1.291575	1.327473	1.326740
00:00:00.402	1.315751	1.317949	1.320147
00:00:00.402	1.394139	1.320879	1.317949
00:00:00.402	1.372161	1.321612	1.323077
00:00:00.402	1.175092	1.313553	1.295238
00:00:00.433	1.249084	1.326740	1.312088
00:00:00.434	1.306227	1.328205	1.312821
00:00:00.434	1.347253	1.319414	1.311355
00:00:00.437	1.370696	1.325275	1.323810
00:00:00.437	1.353846	1.322344	1.309158
00:00:00.437	1.340659	1.325275	1.304762
00:00:00.437	1.346520	1.322344	1.327473
00:00:00.437	1.323077	1.326007	1.357509
00:00:00.437	1.312821	1.323810	1.365568
00:00:00.437	1.325275	1.317949	1.348718
00:00:00.437	1.331136	1.317949	1.326007
00:00:00.437	1.319414	1.320879	1.320147
00:00:00.437	1.279853	1.315018	1.303297
00:00:00.438	1.262271	1.314286	1.310623
00:00:00.438	1.301832	1.318681	1.306227
00:00:00.439	1.301832	1.317949	1.315751
00:00:00.439	1.314286	1.323077	1.315751
00:00:00.439	1.304029	1.325275	1.317949
00:00:00.440	1.273260	1.315018	1.294505
00:00:00.440	1.290110	1.323077	1.288645
00:00:00.440	1.304029	1.323810	1.295238
00:00:00.441	1.310623	1.321612	1.316484
00:00:00.441	1.330403	1.320147	1.336996
00:00:00.441	1.323077	1.310623	1.323810
00:00:00.442	1.344322	1.320147	1.317216
00:00:00.442	1.385348	1.327473	1.342125
00:00:00.442	1.367766	1.331136	1.349451
00:00:00.443	1.328938	1.322344	1.348718
00:00:00.443	1.301099	1.314286	1.342125
00:00:00.444	1.320879	1.321612	1.326007
00:00:00.444	1.307692	1.319414	1.317949
00:00:00.444	1.314286	1.315018	1.341392
00:00:00.445	1.295238	1.312821	1.323810
00:00:00.445	1.304762	1.323077	1.322344
00:00:00.445	1.308425	1.324542	1.306960
00:00:00.446	1.285714	1.318681	1.281319
00:00:00.446	1.284249	1.310623	1.276923
00:00:00.446	1.285714	1.320879	1.298168
00:00:00.447	1.293040	1.326740	1.306960
00:00:00.447	1.312088	1.319414	1.308425
00:00:00.448	1.308425	1.303297	1.306960
00:00:00.448	1.327473	1.318681	1.337729
00:00:00.448	1.340659	1.314286	1.333333
00:00:00.449	1.338462	1.326740	1.354579
00:00:00.449	1.329670	1.323810	1.350183
00:00:00.449	1.315751	1.312821	1.331868
00:00:00.450	1.318681	1.320147	1.317949
00:00:00.450	1.330403	1.321612	1.334799
00:00:00.450	1.329670	1.326007	1.323810
00:00:00.451	1.303297	1.323810	1.307692
00:00:00.483	1.294505	1.306960	1.294505
00:00:00.483	1.298901	1.316484	1.299634
00:00:00.484	1.317949	1.320147	1.297436
00:00:00.484	1.310623	1.318681	1.296703
00:00:00.484	1.312088	1.320147	1.305495
00:00:00.485	1.298168	1.310623	1.303297
00:00:00.485	1.304762	1.318681	1.311355
00:00:00.485	1.298901	1.312088	1.300366
00:00:00.486	1.306227	1.321612	1.336264
00:00:00.486	1.300366	1.316484	1.341392
00:00:00.487	1.320147	1.327473	1.341392
00:00:00.487	1.310623	1.323810	1.335531
00:00:00.487	1.287912	1.321612	1.312821
00:00:00.488	1.288645	1.327473	1.314286
00:00:00.488	1.308425	1.329670	1.332601
00:00:00.488	1.322344	1.323077	1.334799
00:00:00.489	1.317216	1.315018	1.296703
00:00:00.489	1.350183	1.322344	1.295971
00:00:00.489	1.356777	1.316484	1.322344
00:00:00.490	1.381685	1.327473	1.388278
00:00:00.490	1.343590	1.320147	1.357509
00:00:00.490	1.309890	1.315751	1.318681
00:00:00.491	1.300366	1.321612	1.319414
00:00:00.491	1.313553	1.324542	1.306227
00:00:00.492	1.328205	1.317216	1.297436
00:00:00.492	1.317216	1.320879	1.311355
00:00:00.492	1.299634	1.315018	1.312088
00:00:00.495	1.290842	1.312821	1.303297
00:00:00.495	1.295238	1.319414	1.317949
00:00:00.495	1.301832	1.309890	1.307692
00:00:00.495	1.301832	1.313553	1.310623
00:00:00.495	1.290842	1.314286	1.320147
00:00:00.495	1.292308	1.326740	1.326007
00:00:00.497	1.288645	1.324542	1.319414
00:00:00.497	1.304762	1.328205	1.323077
00:00:00.497	1.328938	1.323810	1.323810
00:00:00.497	1.351648	1.320147	1.313553
00:00:00.497	1.342125	1.326007	1.323810
00:00:00.497	1.317949	1.318681	1.319414
00:00:00.497	1.319414	1.326007	1.323810
00:00:00.497	1.312088	1.323077	1.321612
00:00:00.498	1.300366	1.318681	1.317216
00:00:00.498	1.279853	1.309158	1.308425
00:00:00.498	1.290842	1.329670	1.327473
00:00:00.501	1.300366	1.320879	1.312821
00:00:00.501	1.317216	1.318681	1.316484
00:00:00.501	1.336264	1.324542	1.326007
00:00:00.501	1.359707	1.317949	1.323810
00:00:00.501	1.413919	1.320879	1.323810
00:00:00.501	1.410989	1.315751	1.315018
00:00:00.533	1.386081	1.310623	1.314286
00:00:00.533	1.340659	1.313553	1.311355
00:00:00.533	1.178755	1.322344	1.320147
00:00:00.535	1.169963	1.312821	1.318681
00:00:00.535	1.235165	1.316484	1.313553
00:00:00.535	1.242491	1.322344	1.332601
00:00:00.535	1.271062	1.313553	1.316484
00:00:00.535	1.326740	1.326740	1.321612
00:00:00.536	1.334799	1.320879	1.295971
00:00:00.536	1.347253	1.323810	1.297436
00:00:00.536	1.336264	1.318681	1.298901
00:00:00.537	1.315018	1.309890	1.275458
00:00:00.537	1.315018	1.321612	1.306960
00:00:00.537	1.325275	1.325275	1.372894
00:00:00.538	1.334799	1.321612	1.410256
00:00:00.538	1.344322	1.314286	1.394139
00:00:00.538	1.342857	1.318681	1.330403
00:00:00.540	1.359707	1.325275	1.308425
00:00:00.540	1.326740	1.321612	1.300366
00:00:00.540	1.289377	1.312821	1.279121
00:00:00.540	1.292308	1.320879	1.292308
00:00:00.540	1.289377	1.319414	1.293773
00:00:00.541	1.296703	1.318681	1.297436
00:00:00.541	1.285714	1.317949	1.309158
00:00:00.541	1.315018	1.323810	1.337729
00:00:00.542	1.328205	1.327473	1.358974
00:00:00.542	1.323810	1.326007	1.342857
00:00:00.542	1.320879	1.325275	1.335531
00:00:00.543	1.313553	1.314286	1.336264
00:00:00.543	1.319414	1.327473	1.312088
00:00:00.543	1.290110	1.320147	1.285714
00:00:00.544	1.282051	1.312088	1.290842
00:00:00.544	1.303297	1.326740	1.304762
00:00:00.545	1.307692	1.317949	1.302564
00:00:00.545	1.317949	1.317216	1.308425
00:00:00.545	1.320147	1.311355	1.334799
00:00:00.546	1.362637	1.325275	1.364835
00:00:00.546	1.354579	1.317949	1.380952
00:00:00.546	1.312088	1.313553	1.334066
00:00:00.547	1.297436	1.312821	1.300366
00:00:00.547	1.294505	1.321612	1.307692
00:00:00.547	1.296703	1.321612	1.293773
00:00:00.548	1.299634	1.315751	1.297436
00:00:00.548	1.295238	1.315018	1.317949
00:00:00.548	1.306227	1.316484	1.315018
00:00:00.549	1.328938	1.313553	1.320147
00:00:00.549	1.335531	1.318681	1.337729
00:00:00.550	1.317216	1.319414	1.331136
00:00:00.550	1.316484	1.323810	1.320879
00:00:00.550	1.312821	1.320147	1.299634
00:00:00.582	1.304762	1.312821	1.287179
00:00:00.583	1.315018	1.328938	1.312821
00:00:00.583	1.303297	1.319414	1.309890
00:00:00.584	1.314286	1.311355	1.312088
00:00:00.584	1.317216	1.317949	1.341392
00:00:00.584	1.304762	1.321612	1.353114
00:00:00.585	1.298901	1.320879	1.326007
00:00:00.585	1.303297	1.311355	1.314286
00:00:00.585	1.300366	1.321612	1.321612
00:00:00.586	1.304762	1.317949	1.317216
00:00:00.586	1.318681	1.323077	1.323810
00:00:00.586	1.319414	1.303297	1.307692
00:00:00.587	1.332601	1.320879	1.317216
00:00:00.587	1.314286	1.319414	1.313553
00:00:00.589	1.310623	1.331868	1.323810
00:00:00.590	1.301832	1.314286	1.306227
00:00:00.590	1.311355	1.320147	1.320879
00:00:00.590	1.311355	1.320147	1.322344
00:00:00.590	1.312088	1.323810	1.323810
00:00:00.590	1.307692	1.316484	1.315751
00:00:00.590	1.312088	1.318681	1.319414
00:00:00.590	1.322344	1.320879	1.323077
00:00:00.590	1.312821	1.312088	1.314286
00:00:00.592	1.294505	1.316484	1.320147
00:00:00.592	1.298168	1.329670	1.328938
00:00:00.592	1.321612	1.324542	1.323810
00:00:00.592	1.344322	1.317949	1.309158
00:00:00.592	1.334066	1.314286	1.313553
00:00:00.596	1.322344	1.328205	1.328938
00:00:00.596	1.306227	1.324542	1.320147
00:00:00.596	1.293040	1.316484	1.309158
00:00:00.596	1.294505	1.312088	1.308425
00:00:00.596	1.304029	1.320147	1.316484
00:00:00.596	1.310623	1.320147	1.317216
00:00:00.596	1.307692	1.315018	1.320147
00:00:00.596	1.302564	1.263736	1.323810
00:00:00.596	1.315018	1.263004	1.320879
00:00:00.596	1.323810	1.284982	1.322344
00:00:00.596	1.300366	1.314286	1.317216
00:00:00.596	1.292308	1.325275	1.317216
00:00:00.598	1.304762	1.349451	1.317216
00:00:00.598	1.305495	1.389011	1.314286
00:00:00.598	1.309890	1.406593	1.316484
00:00:00.598	1.308425	1.398535	1.323810
00:00:00.598	1.300366	1.356777	1.347253
00:00:00.599	1.309158	1.304762	1.323077
00:00:00.599	1.309158	1.298901	1.268864
00:00:00.599	1.295971	1.311355	1.297436
00:00:00.600	1.315751	1.305495	1.309890
00:00:00.600	1.352381	1.301832	1.307692
00:00:00.632	1.424176	1.310623	1.331868
00:00:00.633	1.446154	1.309158	1.334799
00:00:00.633	1.359707	1.305495	1.326007
00:00:00.633	1.178022	1.306227	1.338462
00:00:00.634	1.244689	1.320879	1.328938
00:00:00.634	1.287912	1.315018	1.309158
00:00:00.634	1.320879	1.318681	1.322344
00:00:00.635	1.333333	1.317949	1.317949
00:00:00.635	1.351648	1.323077	1.316484
00:00:00.635	1.394139	1.313553	1.317949
00:00:00.636	1.344322	1.310623	1.347253
00:00:00.636	1.300366	1.319414	1.326007
00:00:00.637	1.287179	1.319414	1.304029
00:00:00.637	1.275458	1.317949	1.282784
00:00:00.637	1.299634	1.300366	1.270330
00:00:00.638	1.289377	1.304762	1.304029
00:00:00.638	1.289377	1.323077	1.370696
00:00:00.638	1.319414	1.317949	1.365568
00:00:00.639	1.323810	1.321612	1.380220
00:00:00.639	1.284249	1.323077	1.326007
00:00:00.639	1.302564	1.323077	1.303297
00:00:00.640	1.322344	1.331868	1.309158
00:00:00.640	1.316484	1.326740	1.292308
00:00:00.640	1.327473	1.321612	1.296703
00:00:00.641	1.309890	1.323810	1.292308
00:00:00.641	1.291575	1.328938	1.291575
00:00:00.642	1.287179	1.313553	1.286447
00:00:00.642	1.311355	1.318681	1.312088
00:00:00.642	1.331868	1.314286	1.347253
00:00:00.643	1.347253	1.322344	1.367033
00:00:00.643	1.350916	1.314286	1.349451
00:00:00.644	1.340659	1.317216	1.334799
00:00:00.644	1.326007	1.320879	1.326740
00:00:00.644	1.288645	1.323810	1.326740
00:00:00.644	1.253480	1.306227	1.306960
00:00:00.645	1.232234	1.306227	1.317216
00:00:00.645	1.307692	1.318681	1.315751
00:00:00.646	1.331136	1.317216	1.299634
00:00:00.646	1.332601	1.312821	1.304029
00:00:00.646	1.326007	1.320147	1.312088
00:00:00.647	1.312088	1.323077	1.322344
00:00:00.647	1.313553	1.321612	1.317216
00:00:00.647	1.313553	1.325275	1.319414
00:00:00.648	1.300366	1.312821	1.311355
00:00:00.648	1.317949	1.320879	1.320879
00:00:00.648	1.320879	1.323810	1.323810
00:00:00.649	1.306227	1.314286	1.309158
00:00:00.649	1.310623	1.324542	1.323810
00:00:00.649	1.318681	1.328205	1.323810
00:00:00.650	1.313553	1.322344	1.317949
00:00:00.682	1.311355	1.315018	1.309890
00:00:00.682	1.305495	1.315018	1.320147
00:00:00.683	1.308425	1.323077	1.316484
00:00:00.683	1.321612	1.325275	1.328205
00:00:00.683	1.326007	1.320147	1.323810
00:00:00.684	1.320879	1.317216	1.311355
00:00:00.684	1.315751	1.321612	1.323810
00:00:00.685	1.318681	1.315751	1.312821
00:00:00.685	1.312821	1.317216	1.322344
00:00:00.685	1.298168	1.309158	1.312088
00:00:00.688	1.309158	1.321612	1.320147
00:00:00.688	1.304762	1.318681	1.318681
00:00:00.688	1.309158	1.315751	1.304762
00:00:00.688	1.314286	1.311355	1.306227
00:00:00.688	1.313553	1.315018	1.331868
00:00:00.688	1.323810	1.326740	1.330403
00:00:00.688	1.312088	1.318681	1.312088
00:00:00.688	1.324542	1.320147	1.323810
00:00:00.688	1.315751	1.325275	1.320147
00:00:00.689	1.299634	1.317949	1.318681
00:00:00.689	1.300366	1.313553	1.309158
00:00:00.690	1.302564	1.320147	1.328205
00:00:00.690	1.316484	1.318681	1.323810
00:00:00.690	1.306227	1.314286	1.313553
00:00:00.694	1.297436	1.315018	1.326007
00:00:00.694	1.320147	1.322344	1.328938
00:00:00.694	1.334066	1.322344	1.307692
00:00:00.694	1.342125	1.324542	1.320147
00:00:00.694	1.320879	1.323810	1.316484
00:00:00.694	1.269597	1.322344	1.295971
00:00:00.694	1.268864	1.315018	1.297436
00:00:00.694	1.284249	1.314286	1.300366
00:00:00.694	1.306227	1.317216	1.305495
00:00:00.694	1.297436	1.314286	1.293773
00:00:00.694	1.331868	1.321612	1.300366
00:00:00.695	1.320147	1.312088	1.304029
00:00:00.695	1.342125	1.315751	1.388278
00:00:00.695	1.366300	1.323810	1.423443
00:00:00.696	1.333333	1.315751	1.375824
00:00:00.696	1.319414	1.314286	1.346520
00:00:00.696	1.331868	1.333333	1.316484
00:00:00.697	1.301832	1.326007	1.263736
00:00:00.697	1.309890	1.312821	1.303297
00:00:00.697	1.327473	1.326740	1.334066
00:00:00.698	1.301099	1.323077	1.313553
00:00:00.698	1.305495	1.326007	1.320147
00:00:00.699	1.285714	1.312088	1.285714
00:00:00.699	1.284249	1.320879	1.290110
00:00:00.699	1.315018	1.318681	1.302564
00:00:00.700	1.300366	1.315751	1.315751
00:00:00.732	1.289377	1.327473	1.302564
00:00:00.732	1.297436	1.317949	1.290842
00:00:00.733	1.325275	1.315751	1.308425
00:00:00.733	1.352381	1.312088	1.360440
00:00:00.733	1.358974	1.326007	1.358242
00:00:00.734	1.323810	1.320147	1.367766
00:00:00.734	1.326740	1.317949	1.355311
00:00:00.734	1.299634	1.317216	1.300366
00:00:00.735	1.275458	1.316484	1.287179
00:00:00.735	1.315018	1.318681	1.294505
00:00:00.735	1.370696	1.318681	1.335531
00:00:00.736	1.373626	1.323077	1.331136
00:00:00.736	1.328938	1.309158	1.303297
00:00:00.736	1.303297	1.319414	1.320147
00:00:00.737	1.301832	1.320147	1.307692
00:00:00.737	1.287179	1.318681	1.305495
00:00:00.738	1.265201	1.328938	1.328205
00:00:00.738	1.296703	1.323077	1.313553
00:00:00.738	1.301832	1.317949	1.297436
00:00:00.739	1.300366	1.324542	1.317949
00:00:00.739	1.297436	1.320147	1.318681
00:00:00.739	1.312088	1.327473	1.321612
00:00:00.740	1.317216	1.323810	1.326740
00:00:00.740	1.326740	1.315751	1.316484
00:00:00.740	1.333333	1.313553	1.320147
00:00:00.741	1.318681	1.323077	1.331136
00:00:00.741	1.311355	1.321612	1.321612
00:00:00.741	1.290842	1.315751	1.319414
00:00:00.742	1.304029	1.329670	1.323810
00:00:00.742	1.304029	1.326007	1.323810
00:00:00.743	1.288645	1.316484	1.310623
00:00:00.743	1.304762	1.315018	1.312821
00:00:00.743	1.313553	1.312821	1.318681
00:00:00.744	1.330403	1.315018	1.317949
00:00:00.744	1.383883	1.328205	1.323810
00:00:00.744	1.382418	1.313553	1.312088
00:00:00.745	1.233700	1.309158	1.303297
00:00:00.745	1.230037	1.317949	1.316484
00:00:00.745	1.294505	1.325275	1.322344
00:00:00.746	1.317216	1.325275	1.331868
00:00:00.746	1.312821	1.307692	1.317216
00:00:00.746	1.324542	1.320879	1.334799
00:00:00.747	1.327473	1.326740	1.320147
00:00:00.747	1.317949	1.322344	1.307692
00:00:00.748	1.300366	1.306960	1.297436
00:00:00.752	1.317949	1.319414	1.326740
00:00:00.752	1.323810	1.326007	1.328205
00:00:00.752	1.312088	1.321612	1.326007
00:00:00.752	1.316484	1.324542	1.323077
00:00:00.752	1.317949	1.324542	1.319414
00:00:00.783	1.304762	1.313553	1.312821
00:00:00.783	1.298168	1.323810	1.323810
00:00:00.783	1.286447	1.320147	1.321612
00:00:00.784	1.293773	1.313553	1.306960
00:00:00.784	1.300366	1.309158	1.315018
00:00:00.784	1.334066	1.320879	1.323810
00:00:00.785	1.336264	1.321612	1.325275
00:00:00.785	1.358974	1.306960	1.319414
00:00:00.785	1.342125	1.314286	1.323810
00:00:00.785	1.335531	1.321612	1.334066
00:00:00.785	1.315018	1.322344	1.323810
00:00:00.786	1.306227	1.312821	1.304029
00:00:00.789	1.336996	1.315018	1.312088
00:00:00.789	1.350183	1.313553	1.309890
00:00:00.789	1.342857	1.325275	1.316484
00:00:00.789	1.306960	1.313553	1.304029
00:00:00.789	1.264469	1.317949	1.323810
00:00:00.789	1.243223	1.324542	1.322344
00:00:00.789	1.252747	1.325275	1.309890
00:00:00.789	1.263736	1.321612	1.305495
00:00:00.789	1.308425	1.319414	1.319414
00:00:00.789	1.296703	1.322344	1.312821
00:00:00.789	1.309158	1.319414	1.299634
00:00:00.790	1.345788	1.320147	1.332601
00:00:00.790	1.347985	1.312821	1.329670
00:00:00.791	1.367766	1.328938	1.338462
00:00:00.791	1.378022	1.323077	1.326007
00:00:00.791	1.344322	1.313553	1.299634
00:00:00.792	1.300366	1.318681	1.334799
00:00:00.792	1.290842	1.327473	1.359707
00:00:00.792	1.240293	1.319414	1.309158
00:00:00.793	1.260073	1.311355	1.303297
00:00:00.793	1.315018	1.324542	1.340659
00:00:00.793	1.309890	1.319414	1.313553
00:00:00.794	1.276190	1.311355	1.271795
00:00:00.794	1.280586	1.308425	1.299634
00:00:00.794	1.327473	1.327473	1.307692
00:00:00.795	1.356044	1.323077	1.307692
00:00:00.795	1.364835	1.312088	1.369231
00:00:00.796	1.328938	1.325275	1.386813
00:00:00.796	1.304762	1.320147	1.326740
00:00:00.796	1.280586	1.318681	1.288645
