timestamp	ch1	ch2	ch3
00:00:00.000	1.326740	1.323810	1.329670
00:00:00.004	1.327473	1.318681	1.319414
00:00:00.004	1.309158	1.305495	1.317216
00:00:00.004	1.308425	1.318681	1.315018
00:00:00.004	1.306960	1.318681	1.317949
00:00:00.004	1.297436	1.317949	1.310623
00:00:00.004	1.317949	1.316484	1.311355
00:00:00.004	1.320147	1.318681	1.309890
00:00:00.004	1.330403	1.324542	1.313553
00:00:00.004	1.321612	1.317949	1.320147
00:00:00.004	1.323810	1.322344	1.339194
00:00:00.004	1.301832	1.306227	1.316484
00:00:00.007	1.310623	1.312088	1.339194
00:00:00.007	1.335531	1.326740	1.356044
00:00:00.007	1.320879	1.321612	1.326007
00:00:00.007	1.315018	1.322344	1.317949
00:00:00.007	1.315751	1.323077	1.318681
00:00:00.007	1.298168	1.319414	1.314286
00:00:00.007	1.296703	1.317949	1.313553
00:00:00.007	1.304029	1.320147	1.317216
00:00:00.008	1.295238	1.318681	1.316484
00:00:00.008	1.295238	1.320147	1.315751
00:00:00.008	1.298901	1.326740	1.314286
00:00:00.009	1.286447	1.310623	1.305495
00:00:00.009	1.284982	1.310623	1.305495
00:00:00.009	1.309890	1.323077	1.304029
00:00:00.010	1.330403	1.312088	1.299634
00:00:00.010	1.347253	1.323810	1.317216
00:00:00.010	1.320879	1.316484	1.303297
00:00:00.011	1.323810	1.318681	1.339194
00:00:00.011	1.352381	1.327473	1.342125
00:00:00.011	1.322344	1.306960	1.302564
00:00:00.012	1.327473	1.321612	1.332601
00:00:00.012	1.326740	1.314286	1.322344
00:00:00.013	1.315751	1.322344	1.350916
00:00:00.013	1.284982	1.320879	1.336996
00:00:00.013	1.285714	1.321612	1.309890
00:00:00.014	1.290110	1.313553	1.295238
00:00:00.014	1.273260	1.322344	1.297436
00:00:00.014	1.282051	1.327473	1.321612
00:00:00.015	1.304762	1.322344	1.336996
00:00:00.015	1.324542	1.314286	1.326740
00:00:00.015	1.332601	1.320879	1.326007
00:00:00.016	1.345788	1.314286	1.334799
00:00:00.016	1.347253	1.324542	1.336996
00:00:00.016	1.347253	1.327473	1.308425
00:00:00.017	1.333333	1.326007	1.309158
00:00:00.017	1.324542	1.321612	1.328938
00:00:00.018	1.292308	1.312088	1.307692
00:00:00.018	1.305495	1.323810	1.315751
00:00:00.050	1.306960	1.325275	1.327473
00:00:00.050	1.309890	1.326740	1.320147
00:00:00.051	1.308425	1.317949	1.334799
00:00:00.051	1.301832	1.323077	1.347253
00:00:00.052	1.310623	1.323810	1.331136
00:00:00.052	1.307692	1.312088	1.304029
00:00:00.052	1.306227	1.312088	1.304029
00:00:00.053	1.305495	1.320879	1.305495
00:00:00.053	1.304029	1.318681	1.300366
00:00:00.053	1.311355	1.319414	1.315751
00:00:00.054	1.316484	1.324542	1.317216
00:00:00.054	1.267399	1.324542	1.310623
00:00:00.055	1.285714	1.320879	1.316484
00:00:00.055	1.315751	1.312088	1.309158
00:00:00.055	1.322344	1.320879	1.310623
00:00:00.056	1.342125	1.310623	1.326007
00:00:00.056	1.378022	1.313553	1.342125
00:00:00.056	1.386813	1.319414	1.323810
00:00:00.057	1.342125	1.316484	1.320147
00:00:00.057	1.301832	1.314286	1.309890
00:00:00.057	1.294505	1.326740	1.315018
00:00:00.058	1.290842	1.324542	1.314286
00:00:00.058	1.291575	1.317949	1.305495
00:00:00.058	1.300366	1.318681	1.314286
00:00:00.059	1.295238	1.309890	1.314286
00:00:00.059	1.306227	1.323810	1.335531
00:00:00.059	1.312088	1.320147	1.328938
00:00:00.060	1.315018	1.326007	1.311355
00:00:00.060	1.295238	1.321612	1.304029
00:00:00.061	1.291575	1.322344	1.321612
00:00:00.061	1.272527	1.315018	1.315018
00:00:00.061	1.305495	1.328205	1.315751
00:00:00.062	1.299634	1.320147	1.312821
00:00:00.062	1.315018	1.317949	1.304029
00:00:00.062	1.301832	1.309158	1.300366
00:00:00.063	1.345055	1.317949	1.311355
00:00:00.063	1.385348	1.327473	1.318681
00:00:00.063	1.312821	1.317949	1.323810
00:00:00.065	1.276923	1.310623	1.297436
00:00:00.065	1.323077	1.315751	1.332601
00:00:00.065	1.363370	1.317949	1.342857
00:00:00.067	1.388278	1.324542	1.351648
00:00:00.067	1.401465	1.320147	1.344322
00:00:00.067	1.361172	1.323077	1.342857
00:00:00.067	1.271795	1.315018	1.320879
00:00:00.067	1.230037	1.319414	1.316484
00:00:00.067	1.217582	1.323077	1.311355
00:00:00.067	1.241026	1.309158	1.312821
00:00:00.067	1.271062	1.322344	1.322344
00:00:00.068	1.372894	1.315751	1.331868
00:00:00.100	1.431502	1.326740	1.350183
00:00:00.100	1.268864	1.324542	1.320147
00:00:00.103	1.193407	1.308425	1.281319
00:00:00.103	1.302564	1.316484	1.288645
00:00:00.103	1.347985	1.321612	1.312821
00:00:00.103	1.322344	1.321612	1.331868
00:00:00.103	1.310623	1.318681	1.320147
00:00:00.103	1.302564	1.322344	1.312088
00:00:00.103	1.279121	1.317949	1.297436
00:00:00.103	1.305495	1.328205	1.306227
00:00:00.103	1.320147	1.319414	1.300366
00:00:00.104	1.332601	1.312088	1.282784
00:00:00.104	1.331136	1.315018	1.294505
00:00:00.105	1.356044	1.331136	1.358974
00:00:00.105	1.351648	1.322344	1.380952
00:00:00.105	1.363370	1.323810	1.375824
00:00:00.106	1.320147	1.312088	1.347253
00:00:00.106	1.315751	1.329670	1.329670
00:00:00.106	1.323810	1.328938	1.323077
00:00:00.108	1.295238	1.317216	1.318681
00:00:00.108	1.286447	1.305495	1.294505
00:00:00.108	1.301832	1.318681	1.301832
00:00:00.108	1.284249	1.309890	1.314286
00:00:00.108	1.311355	1.326740	1.311355
00:00:00.109	1.313553	1.321612	1.301832
00:00:00.109	1.301832	1.318681	1.312088
00:00:00.109	1.302564	1.315018	1.331868
00:00:00.110	1.296703	1.320879	1.329670
00:00:00.110	1.303297	1.325275	1.332601
00:00:00.110	1.324542	1.318681	1.341392
00:00:00.111	1.336264	1.322344	1.360440
00:00:00.111	1.319414	1.314286	1.308425
00:00:00.111	1.333333	1.325275	1.328938
00:00:00.112	1.315018	1.315751	1.301832
00:00:00.112	1.324542	1.320879	1.287912
00:00:00.112	1.317949	1.327473	1.313553
00:00:00.113	1.314286	1.322344	1.323077
00:00:00.113	1.306227	1.318681	1.313553
00:00:00.114	1.295971	1.306227	1.306227
00:00:00.114	1.297436	1.316484	1.322344
00:00:00.114	1.312088	1.323810	1.312821
00:00:00.115	1.287912	1.312088	1.307692
00:00:00.115	1.294505	1.317949	1.323077
00:00:00.115	1.315018	1.326740	1.332601
00:00:00.116	1.315751	1.322344	1.325275
00:00:00.116	1.300366	1.305495	1.304029
00:00:00.116	1.322344	1.323077	1.338462
00:00:00.117	1.337729	1.326007	1.354579
00:00:00.117	1.307692	1.317216	1.312821
00:00:00.117	1.303297	1.321612	1.306227
00:00:00.150	1.304029	1.311355	1.311355
00:00:00.150	1.311355	1.309158	1.300366
00:00:00.150	1.306227	1.316484	1.317949
00:00:00.151	1.301099	1.323810	1.315751
00:00:00.151	1.292308	1.320147	1.302564
00:00:00.151	1.309158	1.322344	1.311355
00:00:00.152	1.291575	1.307692	1.296703
00:00:00.152	1.295238	1.309890	1.290110
00:00:00.153	1.316484	1.320147	1.309158
00:00:00.153	1.369963	1.327473	1.334799
00:00:00.153	1.362637	1.316484	1.357509
00:00:00.154	1.334799	1.311355	1.323077
00:00:00.154	1.325275	1.314286	1.331868
00:00:00.154	1.321612	1.317949	1.346520
00:00:00.155	1.314286	1.325275	1.332601
00:00:00.155	1.299634	1.322344	1.338462
00:00:00.155	1.288645	1.317949	1.319414
00:00:00.156	1.294505	1.320879	1.319414
00:00:00.156	1.263004	1.326740	1.320147
00:00:00.156	1.256410	1.322344	1.304762
00:00:00.157	1.280586	1.318681	1.284982
00:00:00.157	1.310623	1.323077	1.284982
00:00:00.158	1.311355	1.311355	1.287179
00:00:00.158	1.353114	1.318681	1.295971
00:00:00.158	1.354579	1.308425	1.346520
00:00:00.160	1.377289	1.316484	1.370696
00:00:00.160	1.366300	1.326007	1.317216
00:00:00.160	1.387546	1.329670	1.349451
00:00:00.160	1.362637	1.317949	1.345788
00:00:00.160	1.323810	1.317216	1.328938
00:00:00.160	1.286447	1.317949	1.300366
00:00:00.163	1.287179	1.325275	1.304029
00:00:00.163	1.276923	1.319414	1.298901
00:00:00.163	1.281319	1.319414	1.310623
00:00:00.163	1.284982	1.309890	1.302564
00:00:00.163	1.292308	1.321612	1.314286
00:00:00.163	1.304762	1.321612	1.315018
00:00:00.163	1.307692	1.319414	1.298168
00:00:00.163	1.316484	1.320879	1.297436
00:00:00.166	1.299634	1.311355	1.305495
00:00:00.166	1.300366	1.321612	1.331136
00:00:00.166	1.317949	1.329670	1.340659
00:00:00.166	1.293773	1.322344	1.322344
00:00:00.166	1.295971	1.320879	1.340659
00:00:00.166	1.303297	1.311355	1.345055
00:00:00.166	1.309158	1.323077	1.340659
00:00:00.166	1.334066	1.318681	1.326007
00:00:00.166	1.321612	1.323077	1.292308
00:00:00.167	1.296703	1.310623	1.292308
00:00:00.167	1.284249	1.316484	1.307692
00:00:00.199	1.294505	1.320879	1.312821
00:00:00.200	1.332601	1.331868	1.329670
00:00:00.200	1.350183	1.316484	1.312821
00:00:00.201	1.355311	1.316484	1.317949
00:00:00.201	1.321612	1.317949	1.317216
00:00:00.201	1.327473	1.326007	1.331136
00:00:00.202	1.343590	1.323077	1.346520
00:00:00.202	1.309158	1.303297	1.323077
00:00:00.202	1.312821	1.319414	1.323077
00:00:00.203	1.317949	1.326740	1.317949
00:00:00.203	1.291575	1.325275	1.313553
00:00:00.203	1.301832	1.327473	1.317949
00:00:00.204	1.314286	1.311355	1.314286
00:00:00.204	1.323810	1.315751	1.320879
00:00:00.204	1.306227	1.308425	1.302564
00:00:00.205	1.307692	1.317949	1.309158
00:00:00.205	1.323810	1.320879	1.322344
00:00:00.206	1.337729	1.328205	1.334066
00:00:00.206	1.311355	1.321612	1.323810
00:00:00.206	1.293773	1.320147	1.321612
00:00:00.207	1.276923	1.317949	1.318681
00:00:00.207	1.246154	1.317216	1.323810
00:00:00.207	1.273260	1.321612	1.313553
00:00:00.208	1.309890	1.319414	1.312821
00:00:00.208	1.312088	1.317216	1.312088
00:00:00.208	1.309158	1.317216	1.307692
00:00:00.209	1.305495	1.320147	1.308425
00:00:00.209	1.303297	1.318681	1.300366
00:00:00.209	1.316484	1.320147	1.321612
00:00:00.210	1.331868	1.320147	1.330403
00:00:00.210	1.339194	1.320147	1.320879
00:00:00.211	1.386813	1.320879	1.306227
00:00:00.211	1.405861	1.323077	1.325275
00:00:00.212	1.228571	1.322344	1.358974
00:00:00.212	1.250549	1.318681	1.345055
00:00:00.212	1.312088	1.323077	1.323810
00:00:00.212	1.320147	1.319414	1.323077
00:00:00.213	1.330403	1.323810	1.308425
00:00:00.213	1.323810	1.320147	1.322344
00:00:00.213	1.317216	1.316484	1.327473
00:00:00.214	1.315018	1.317949	1.340659
00:00:00.214	1.317216	1.321612	1.336996
00:00:00.214	1.329670	1.323077	1.304029
00:00:00.215	1.345055	1.320879	1.310623
00:00:00.215	1.334799	1.309158	1.295971
00:00:00.216	1.319414	1.323810	1.311355
00:00:00.216	1.309890	1.313553	1.304762
00:00:00.216	1.315018	1.311355	1.302564
00:00:00.217	1.303297	1.318681	1.330403
00:00:00.217	1.296703	1.318681	1.336264
00:00:00.249	1.300366	1.319414	1.323810
00:00:00.250	1.304762	1.325275	1.326007
00:00:00.250	1.302564	1.323810	1.304762
00:00:00.250	1.272527	1.309158	1.295238
00:00:00.251	1.287912	1.312821	1.294505
00:00:00.251	1.297436	1.315751	1.326007
00:00:00.251	1.298901	1.320879	1.304029
00:00:00.252	1.300366	1.311355	1.286447
00:00:00.252	1.329670	1.309158	1.335531
00:00:00.252	1.371429	1.325275	1.364103
00:00:00.253	1.345055	1.331136	1.349451
00:00:00.253	1.334066	1.328205	1.323810
00:00:00.253	1.334799	1.321612	1.316484
00:00:00.254	1.315018	1.311355	1.295971
00:00:00.254	1.305495	1.312821	1.280586
00:00:00.255	1.315018	1.325275	1.298168
00:00:00.255	1.317216	1.327473	1.339194
00:00:00.255	1.320147	1.322344	1.338462
00:00:00.258	1.319414	1.326740	1.343590
00:00:00.258	1.295971	1.309890	1.315018
00:00:00.258	1.297436	1.317949	1.323810
00:00:00.259	1.300366	1.310623	1.329670
00:00:00.259	1.297436	1.312821	1.319414
00:00:00.259	1.286447	1.311355	1.313553
00:00:00.259	1.294505	1.312821	1.296703
00:00:00.259	1.295971	1.306227	1.293773
00:00:00.259	1.306960	1.317216	1.323077
00:00:00.259	1.319414	1.323810	1.332601
00:00:00.259	1.312821	1.318681	1.317949
00:00:00.263	1.329670	1.320879	1.341392
00:00:00.263	1.342857	1.319414	1.345055
00:00:00.263	1.320147	1.326007	1.311355
00:00:00.263	1.298901	1.323077	1.298901
00:00:00.263	1.298901	1.320879	1.298168
00:00:00.263	1.323810	1.319414	1.336264
00:00:00.263	1.308425	1.320147	1.342125
00:00:00.263	1.268132	1.318681	1.308425
00:00:00.263	1.235897	1.312821	1.298901
00:00:00.263	1.277656	1.327473	1.323810
00:00:00.263	1.328938	1.328205	1.325275
00:00:00.264	1.378755	1.325275	1.354579
00:00:00.264	1.375824	1.312088	1.338462
00:00:00.264	1.390476	1.320879	1.328938
00:00:00.265	1.372894	1.320147	1.319414
00:00:00.265	1.314286	1.315751	1.315751
00:00:00.265	1.304762	1.328938	1.334066
00:00:00.266	1.301832	1.317216	1.320879
00:00:00.266	1.308425	1.323077	1.312088
00:00:00.266	1.298168	1.312088	1.300366
00:00:00.267	1.294505	1.312088	1.310623
00:00:00.299	1.298901	1.320879	1.311355
00:00:00.299	1.280586	1.315018	1.309158
00:00:00.300	1.287912	1.325275	1.313553
00:00:00.300	1.287179	1.322344	1.311355
00:00:00.300	1.295971	1.316484	1.304029
00:00:00.301	1.305495	1.319414	1.315751
00:00:00.301	1.328205	1.323077	1.331868
00:00:00.301	1.334066	1.323810	1.323077
00:00:00.302	1.320879	1.315018	1.311355
00:00:00.302	1.342125	1.320879	1.320147
00:00:00.303	1.319414	1.319414	1.320879
00:00:00.303	1.289377	1.323077	1.317949
00:00:00.303	1.290110	1.315751	1.322344
00:00:00.304	1.314286	1.318681	1.326740
00:00:00.304	1.320147	1.319414	1.320879
00:00:00.304	1.320879	1.312821	1.304762
00:00:00.305	1.329670	1.319414	1.317216
00:00:00.305	1.365568	1.323077	1.323810
00:00:00.305	1.314286	1.304762	1.316484
00:00:00.306	1.303297	1.326007	1.336264
00:00:00.306	1.290110	1.324542	1.329670
00:00:00.306	1.294505	1.320147	1.305495
00:00:00.307	1.279853	1.314286	1.276190
00:00:00.307	1.282784	1.323810	1.289377
00:00:00.308	1.285714	1.317949	1.300366
00:00:00.308	1.307692	1.317216	1.295238
00:00:00.308	1.338462	1.323810	1.301832
00:00:00.309	1.346520	1.312821	1.361172
00:00:00.309	1.383150	1.329670	1.434432
00:00:00.309	1.350916	1.325275	1.385348
00:00:00.310	1.318681	1.329670	1.374359
00:00:00.310	1.319414	1.321612	1.315751
00:00:00.310	1.304029	1.322344	1.282784
00:00:00.311	1.293773	1.320879	1.293773
00:00:00.311	1.299634	1.309158	1.289377
00:00:00.312	1.302564	1.311355	1.291575
00:00:00.312	1.306960	1.324542	1.315751
00:00:00.312	1.291575	1.312088	1.326740
00:00:00.313	1.306227	1.315018	1.354579
00:00:00.313	1.339927	1.325275	1.344322
00:00:00.313	1.324542	1.313553	1.312821
00:00:00.314	1.325275	1.320879	1.303297
00:00:00.314	1.285714	1.314286	1.287912
00:00:00.314	1.297436	1.327473	1.296703
00:00:00.315	1.282784	1.312088	1.271062
00:00:00.315	1.314286	1.328938	1.312821
00:00:00.315	1.306960	1.326740	1.323810
00:00:00.316	1.311355	1.323810	1.326007
00:00:00.316	1.312088	1.324542	1.335531
00:00:00.317	1.316484	1.320147	1.339927
00:00:00.349	1.322344	1.320147	1.339194
00:00:00.349	1.324542	1.325275	1.332601
00:00:00.349	1.317949	1.323810	1.327473
00:00:00.350	1.321612	1.323810	1.312821
00:00:00.350	1.315751	1.317949	1.302564
00:00:00.351	1.322344	1.323810	1.319414
00:00:00.351	1.294505	1.311355	1.316484
00:00:00.351	1.288645	1.308425	1.306227
00:00:00.354	1.317216	1.326740	1.330403
00:00:00.354	1.320879	1.323077	1.328205
00:00:00.354	1.312088	1.315018	1.312088
00:00:00.354	1.307692	1.316484	1.321612
00:00:00.354	1.323810	1.321612	1.345788
00:00:00.354	1.327473	1.327473	1.333333
00:00:00.356	1.328938	1.323810	1.326007
00:00:00.356	1.308425	1.312088	1.311355
00:00:00.356	1.291575	1.308425	1.306960
00:00:00.356	1.279853	1.321612	1.309890
00:00:00.356	1.285714	1.324542	1.303297
00:00:00.356	1.317949	1.321612	1.294505
00:00:00.356	1.317216	1.320879	1.293040
00:00:00.356	1.304762	1.320879	1.304029
00:00:00.360	1.322344	1.321612	1.347253
00:00:00.360	1.344322	1.323077	1.406593
00:00:00.360	1.353114	1.320879	1.378022
00:00:00.360	1.334066	1.323810	1.334799
00:00:00.360	1.312088	1.317949	1.313553
00:00:00.360	1.314286	1.312088	1.293040
00:00:00.360	1.302564	1.315018	1.292308
00:00:00.360	1.312088	1.321612	1.315018
00:00:00.360	1.330403	1.323077	1.331136
00:00:00.360	1.330403	1.323810	1.312821
00:00:00.360	1.300366	1.312821	1.290110
00:00:00.361	1.270330	1.309890	1.294505
00:00:00.361	1.304762	1.327473	1.328205
00:00:00.361	1.313553	1.318681	1.325275
00:00:00.362	1.329670	1.325275	1.336996
00:00:00.362	1.321612	1.320879	1.317216
00:00:00.362	1.301832	1.313553	1.307692
00:00:00.363	1.329670	1.328938	1.322344
00:00:00.363	1.356044	1.316484	1.319414
00:00:00.363	1.367033	1.321612	1.309890
00:00:00.364	1.363370	1.316484	1.284249
00:00:00.364	1.298168	1.312821	1.307692
00:00:00.364	1.171429	1.326740	1.372894
00:00:00.365	1.191209	1.325275	1.386081
00:00:00.365	1.236630	1.320879	1.337729
00:00:00.366	1.290110	1.318681	1.309158
00:00:00.366	1.328205	1.317216	1.317216
00:00:00.366	1.347253	1.323077	1.296703
00:00:00.398	1.381685	1.331868	1.311355
00:00:00.399	1.395604	1.320147	1.300366
00:00:00.399	1.359707	1.321612	1.317949
00:00:00.401	1.333333	1.320879	1.333333
00:00:00.401	1.359707	1.324542	1.333333
00:00:00.401	1.317949	1.316484	1.307692
00:00:00.401	1.297436	1.327473	1.312821
00:00:00.401	1.301832	1.318681	1.311355
00:00:00.401	1.318681	1.324542	1.316484
00:00:00.402	1.336264	1.318681	1.313553
00:00:00.402	1.312088	1.315018	1.309158
00:00:00.402	1.279121	1.309890	1.312821
00:00:00.403	1.304762	1.326007	1.347253
00:00:00.403	1.328938	1.323810	1.341392
00:00:00.404	1.317949	1.322344	1.309890
00:00:00.404	1.301099	1.326007	1.314286
00:00:00.404	1.296703	1.313553	1.328205
00:00:00.405	1.296703	1.319414	1.334066
00:00:00.405	1.299634	1.317216	1.320879
00:00:00.405	1.304029	1.322344	1.318681
00:00:00.406	1.316484	1.324542	1.326007
00:00:00.406	1.295971	1.315751	1.313553
00:00:00.406	1.287179	1.322344	1.317949
00:00:00.407	1.294505	1.327473	1.315751
00:00:00.407	1.295238	1.319414	1.302564
00:00:00.407	1.302564	1.311355	1.300366
00:00:00.408	1.312821	1.312088	1.307692
00:00:00.408	1.344322	1.326007	1.316484
00:00:00.409	1.377289	1.323810	1.327473
00:00:00.409	1.346520	1.320147	1.317216
00:00:00.409	1.331136	1.310623	1.347253
00:00:00.410	1.317949	1.320147	1.351648
00:00:00.410	1.306960	1.325275	1.323810
00:00:00.410	1.300366	1.320147	1.300366
00:00:00.411	1.283516	1.311355	1.305495
00:00:00.411	1.285714	1.323810	1.323810
00:00:00.411	1.292308	1.327473	1.332601
00:00:00.412	1.306227	1.319414	1.323077
00:00:00.412	1.317949	1.309158	1.323077
00:00:00.412	1.308425	1.312821	1.305495
00:00:00.413	1.301832	1.315751	1.292308
00:00:00.413	1.294505	1.317216	1.257143
00:00:00.414	1.295238	1.320879	1.271062
00:00:00.414	1.293773	1.317216	1.268132
00:00:00.414	1.330403	1.324542	1.276923
00:00:00.415	1.342857	1.311355	1.305495
00:00:00.415	1.351648	1.314286	1.369963
00:00:00.415	1.363370	1.323810	1.437363
00:00:00.416	1.361172	1.321612	1.443223
00:00:00.416	1.317216	1.323077	1.347253
00:00:00.450	1.300366	1.317949	1.370696
00:00:00.450	1.320147	1.323810	1.339194
00:00:00.450	1.297436	1.320147	1.300366
00:00:00.450	1.293773	1.323077	1.288645
00:00:00.450	1.287179	1.323077	1.293040
00:00:00.450	1.296703	1.319414	1.254945
00:00:00.450	1.315751	1.320879	1.306960
00:00:00.452	1.304029	1.322344	1.329670
00:00:00.452	1.316484	1.310623	1.327473
00:00:00.452	1.328938	1.317949	1.326740
00:00:00.455	1.317949	1.325275	1.331136
00:00:00.455	1.297436	1.313553	1.316484
00:00:00.455	1.324542	1.327473	1.319414
00:00:00.455	1.312088	1.312088	1.298168
00:00:00.455	1.306227	1.312821	1.290842
00:00:00.455	1.323810	1.318681	1.293773
00:00:00.455	1.354579	1.320879	1.317216
00:00:00.455	1.336996	1.318681	1.322344
00:00:00.455	1.326740	1.320147	1.316484
00:00:00.455	1.323810	1.327473	1.329670
00:00:00.455	1.278388	1.322344	1.331868
00:00:00.456	1.300366	1.315751	1.339194
00:00:00.456	1.307692	1.317949	1.322344
00:00:00.457	1.299634	1.319414	1.315018
00:00:00.457	1.303297	1.314286	1.306960
00:00:00.457	1.323810	1.326007	1.323077
00:00:00.458	1.301832	1.312821	1.306960
00:00:00.458	1.295971	1.317216	1.316484
00:00:00.458	1.307692	1.323810	1.326007
00:00:00.459	1.315751	1.320879	1.322344
00:00:00.459	1.317216	1.315751	1.309158
00:00:00.459	1.308425	1.313553	1.296703
00:00:00.460	1.315018	1.321612	1.320879
00:00:00.460	1.321612	1.328205	1.332601
00:00:00.460	1.323077	1.321612	1.323810
00:00:00.461	1.310623	1.309890	1.319414
00:00:00.461	1.298168	1.310623	1.319414
00:00:00.462	1.304762	1.306227	1.312821
00:00:00.462	1.313553	1.316484	1.320147
00:00:00.462	1.321612	1.323810	1.317949
00:00:00.463	1.314286	1.318681	1.306227
00:00:00.463	1.323810	1.325275	1.306960
00:00:00.463	1.323810	1.325275	1.315018
00:00:00.464	1.318681	1.328205	1.328205
00:00:00.464	1.315018	1.330403	1.323810
00:00:00.464	1.309890	1.323077	1.319414
00:00:00.465	1.306227	1.319414	1.326740
00:00:00.465	1.318681	1.320147	1.319414
00:00:00.465	1.306227	1.315018	1.309890
00:00:00.466	1.310623	1.309890	1.311355
00:00:00.498	1.310623	1.317216	1.328205
00:00:00.498	1.312088	1.321612	1.323810
00:00:00.499	1.304029	1.311355	1.317949
00:00:00.499	1.318681	1.325275	1.326740
00:00:00.499	1.338462	1.323077	1.322344
00:00:00.500	1.313553	1.318681	1.321612
00:00:00.500	1.315751	1.325275	1.320879
00:00:00.501	1.314286	1.324542	1.325275
00:00:00.501	1.320879	1.324542	1.327473
00:00:00.501	1.303297	1.312088	1.315751
00:00:00.502	1.319414	1.323077	1.327473
00:00:00.502	1.312088	1.317216	1.317216
00:00:00.502	1.311355	1.315018	1.304762
00:00:00.503	1.311355	1.322344	1.302564
00:00:00.503	1.311355	1.322344	1.301099
00:00:00.503	1.298901	1.312821	1.297436
00:00:00.504	1.317949	1.323810	1.315018
00:00:00.505	1.303297	1.314286	1.322344
00:00:00.505	1.317216	1.314286	1.318681
00:00:00.505	1.312821	1.321612	1.356044
00:00:00.505	1.306227	1.314286	1.350916
00:00:00.506	1.288645	1.317949	1.314286
00:00:00.506	1.305495	1.317949	1.303297
00:00:00.506	1.310623	1.306960	1.312088
00:00:00.507	1.326007	1.318681	1.312088
00:00:00.507	1.310623	1.315751	1.312821
00:00:00.507	1.332601	1.326007	1.329670
00:00:00.508	1.325275	1.316484	1.326740
00:00:00.508	1.314286	1.320879	1.321612
00:00:00.508	1.301832	1.327473	1.352381
00:00:00.509	1.283516	1.323077	1.334066
00:00:00.509	1.361905	1.324542	1.339927
00:00:00.509	1.397070	1.317949	1.310623
00:00:00.510	1.249084	1.311355	1.274725
00:00:00.510	1.295238	1.317216	1.284249
00:00:00.511	1.332601	1.312821	1.291575
00:00:00.511	1.287912	1.326740	1.334066
00:00:00.511	1.279121	1.320147	1.312821
00:00:00.513	1.267399	1.324542	1.280586
00:00:00.513	1.290842	1.313553	1.271795
00:00:00.513	1.331868	1.319414	1.309890
00:00:00.513	1.350183	1.323077	1.329670
00:00:00.513	1.361905	1.315751	1.356777
00:00:00.513	1.397802	1.317216	1.386813
00:00:00.516	1.356044	1.326007	1.405128
00:00:00.516	1.298901	1.312821	1.354579
00:00:00.516	1.283516	1.320147	1.316484
00:00:00.516	1.294505	1.324542	1.296703
00:00:00.516	1.290842	1.322344	1.290842
00:00:00.516	1.280586	1.323077	1.298168
00:00:00.548	1.295238	1.320879	1.287912
00:00:00.548	1.296703	1.316484	1.279853
00:00:00.548	1.320879	1.320879	1.300366
00:00:00.552	1.344322	1.320879	1.332601
00:00:00.552	1.340659	1.314286	1.350183
00:00:00.552	1.352381	1.324542	1.375824
00:00:00.552	1.311355	1.319414	1.345788
00:00:00.552	1.304762	1.320147	1.312088
00:00:00.552	1.271062	1.305495	1.298901
00:00:00.552	1.293773	1.310623	1.291575
00:00:00.552	1.304762	1.312821	1.303297
00:00:00.552	1.320147	1.320879	1.306227
00:00:00.552	1.331868	1.326007	1.325275
00:00:00.552	1.336996	1.317216	1.329670
00:00:00.553	1.314286	1.309158	1.313553
00:00:00.553	1.294505	1.317949	1.317949
00:00:00.553	1.306227	1.325275	1.315751
00:00:00.554	1.302564	1.318681	1.311355
00:00:00.554	1.295971	1.306960	1.300366
00:00:00.555	1.287179	1.317216	1.317216
00:00:00.555	1.283516	1.312821	1.310623
00:00:00.555	1.328205	1.323810	1.328938
00:00:00.556	1.316484	1.319414	1.316484
00:00:00.556	1.315018	1.330403	1.326740
00:00:00.557	1.335531	1.323077	1.320879
00:00:00.557	1.322344	1.317949	1.322344
00:00:00.557	1.315751	1.319414	1.323810
00:00:00.557	1.311355	1.317216	1.323077
00:00:00.558	1.327473	1.327473	1.334066
00:00:00.558	1.315751	1.322344	1.304029
00:00:00.559	1.303297	1.312088	1.296703
00:00:00.559	1.315018	1.324542	1.323077
00:00:00.559	1.311355	1.321612	1.316484
00:00:00.560	1.307692	1.312821	1.312821
00:00:00.560	1.301832	1.312821	1.319414
00:00:00.560	1.301099	1.314286	1.313553
00:00:00.561	1.306227	1.330403	1.322344
00:00:00.561	1.299634	1.323810	1.313553
00:00:00.561	1.317216	1.320147	1.325275
00:00:00.562	1.340659	1.315018	1.331136
00:00:00.562	1.319414	1.312821	1.304762
00:00:00.562	1.319414	1.312088	1.316484
00:00:00.563	1.307692	1.323077	1.309890
00:00:00.563	1.311355	1.326740	1.329670
00:00:00.564	1.326007	1.311355	1.341392
00:00:00.564	1.326740	1.317216	1.346520
00:00:00.564	1.318681	1.327473	1.338462
00:00:00.565	1.310623	1.328938	1.322344
00:00:00.565	1.310623	1.324542	1.335531
00:00:00.565	1.302564	1.317949	1.320879
00:00:00.598	1.309158	1.323810	1.334799
00:00:00.598	1.300366	1.312088	1.328205
00:00:00.598	1.304029	1.314286	1.315018
00:00:00.599	1.319414	1.321612	1.321612
00:00:00.599	1.306227	1.319414	1.310623
00:00:00.599	1.285714	1.312088	1.304762
00:00:00.600	1.275458	1.306227	1.299634
00:00:00.600	1.320147	1.326740	1.319414
00:00:00.600	1.320879	1.320147	1.314286
00:00:00.601	1.320147	1.307692	1.293040
00:00:00.601	1.323810	1.305495	1.281319
00:00:00.601	1.341392	1.324542	1.310623
00:00:00.602	1.340659	1.323810	1.323077
00:00:00.602	1.325275	1.320147	1.314286
00:00:00.603	1.326740	1.312088	1.339194
00:00:00.603	1.342125	1.317949	1.342857
00:00:00.603	1.331136	1.324542	1.346520
00:00:00.604	1.309158	1.324542	1.309158
00:00:00.604	1.253480	1.319414	1.283516
00:00:00.604	1.264469	1.309158	1.308425
00:00:00.605	1.303297	1.315751	1.335531
00:00:00.605	1.312821	1.318681	1.332601
00:00:00.605	1.323810	1.326740	1.320147
00:00:00.606	1.329670	1.315751	1.320879
00:00:00.606	1.344322	1.311355	1.315018
00:00:00.606	1.331868	1.313553	1.310623
00:00:00.607	1.313553	1.317216	1.317949
00:00:00.607	1.306960	1.323810	1.327473
00:00:00.609	1.300366	1.323810	1.327473
00:00:00.609	1.302564	1.323077	1.299634
00:00:00.609	1.285714	1.312088	1.271062
00:00:00.609	1.291575	1.314286	1.305495
00:00:00.609	1.256410	1.313553	1.318681
00:00:00.609	1.241758	1.331136	1.333333
00:00:00.610	1.284982	1.323810	1.325275
00:00:00.610	1.317949	1.315751	1.311355
00:00:00.610	1.348718	1.312088	1.342857
00:00:00.612	1.377289	1.317216	1.344322
00:00:00.612	1.427106	1.324542	1.346520
00:00:00.612	1.413187	1.328205	1.347253
00:00:00.612	1.327473	1.317216	1.314286
00:00:00.612	1.249817	1.315018	1.312088
00:00:00.616	1.279853	1.317949	1.311355
00:00:00.616	1.303297	1.317216	1.294505
00:00:00.616	1.308425	1.317949	1.300366
00:00:00.616	1.301832	1.320147	1.315751
00:00:00.616	1.298901	1.317216	1.306227
00:00:00.616	1.328205	1.320147	1.317949
00:00:00.616	1.345055	1.323810	1.317949
00:00:00.616	1.287912	1.320147	1.295238
00:00:00.648	1.269597	1.319414	1.293773
00:00:00.648	1.300366	1.321612	1.314286
00:00:00.648	1.306227	1.321612	1.323810
00:00:00.648	1.295971	1.315018	1.332601
00:00:00.649	1.276923	1.320147	1.323810
00:00:00.649	1.282784	1.313553	1.364103
00:00:00.649	1.338462	1.323077	1.373626
00:00:00.650	1.359707	1.323077	1.343590
00:00:00.650	1.355311	1.313553	1.323077
00:00:00.650	1.390476	1.323810	1.323810
00:00:00.651	1.352381	1.309890	1.318681
00:00:00.651	1.318681	1.321612	1.336996
00:00:00.652	1.305495	1.309158	1.311355
00:00:00.652	1.299634	1.320147	1.298901
00:00:00.652	1.320147	1.323077	1.300366
00:00:00.653	1.195604	1.319414	1.297436
00:00:00.653	1.231502	1.310623	1.291575
00:00:00.653	1.294505	1.327473	1.323810
00:00:00.654	1.293040	1.319414	1.309158
00:00:00.654	1.295971	1.317216	1.319414
00:00:00.654	1.344322	1.317216	1.318681
00:00:00.655	1.367033	1.327473	1.332601
00:00:00.655	1.374359	1.326740	1.338462
00:00:00.656	1.347985	1.324542	1.330403
00:00:00.656	1.314286	1.317216	1.321612
00:00:00.656	1.305495	1.320879	1.315751
00:00:00.657	1.308425	1.331136	1.326007
00:00:00.657	1.284249	1.320879	1.307692
00:00:00.657	1.291575	1.307692	1.295971
00:00:00.658	1.288645	1.307692	1.310623
00:00:00.658	1.298901	1.328938	1.309158
00:00:00.658	1.320879	1.327473	1.331136
00:00:00.659	1.328205	1.323077	1.331868
00:00:00.659	1.340659	1.324542	1.363370
00:00:00.659	1.312088	1.312821	1.341392
00:00:00.660	1.314286	1.310623	1.315751
00:00:00.660	1.337729	1.317949	1.302564
00:00:00.661	1.350183	1.326007	1.311355
00:00:00.662	1.326740	1.331868	1.318681
00:00:00.662	1.300366	1.314286	1.306960
00:00:00.662	1.287179	1.312821	1.315018
00:00:00.662	1.295238	1.320879	1.317949
00:00:00.662	1.314286	1.323810	1.319414
00:00:00.663	1.313553	1.317216	1.308425
00:00:00.663	1.312088	1.328205	1.323077
00:00:00.663	1.301099	1.311355	1.320879
00:00:00.664	1.299634	1.311355	1.320147
00:00:00.664	1.312088	1.320879	1.323810
00:00:00.664	1.307692	1.320147	1.309890
00:00:00.665	1.314286	1.317216	1.315018
00:00:00.697	1.300366	1.314286	1.320147
00:00:00.697	1.303297	1.309890	1.300366
00:00:00.698	1.295971	1.313553	1.315018
00:00:00.698	1.296703	1.314286	1.310623
00:00:00.698	1.300366	1.315018	1.310623
00:00:00.699	1.315018	1.326740	1.321612
00:00:00.699	1.326740	1.326007	1.339927
00:00:00.700	1.344322	1.312821	1.353846
00:00:00.700	1.302564	1.302564	1.305495
00:00:00.700	1.320147	1.323077	1.303297
00:00:00.701	1.337729	1.324542	1.320879
00:00:00.701	1.315751	1.319414	1.335531
00:00:00.701	1.291575	1.320879	1.323077
00:00:00.702	1.278388	1.309890	1.309890
00:00:00.702	1.313553	1.323810	1.349451
00:00:00.702	1.317949	1.319414	1.300366
00:00:00.703	1.312088	1.322344	1.288645
00:00:00.703	1.316484	1.326007	1.297436
00:00:00.703	1.328938	1.320147	1.339194
00:00:00.704	1.327473	1.324542	1.343590
00:00:00.704	1.313553	1.315751	1.317949
00:00:00.708	1.315018	1.322344	1.334799
00:00:00.708	1.309158	1.312088	1.336996
00:00:00.708	1.343590	1.317949	1.336264
00:00:00.708	1.356044	1.323810	1.339194
00:00:00.708	1.329670	1.323810	1.305495
00:00:00.708	1.297436	1.316484	1.294505
00:00:00.708	1.294505	1.320879	1.309158
00:00:00.708	1.290842	1.315751	1.309158
00:00:00.708	1.276923	1.321612	1.307692
00:00:00.708	1.284982	1.326007	1.327473
00:00:00.708	1.247619	1.315751	1.323810
00:00:00.708	1.241758	1.323077	1.339194
00:00:00.712	1.285714	1.317949	1.325275
00:00:00.712	1.379487	1.317949	1.319414
00:00:00.712	1.450549	1.320879	1.289377
00:00:00.712	1.411722	1.315751	1.292308
00:00:00.712	1.386081	1.312088	1.341392
00:00:00.712	1.329670	1.313553	1.320879
00:00:00.712	1.266667	1.312821	1.317216
00:00:00.712	1.218315	1.315018	1.310623
00:00:00.712	1.254212	1.319414	1.309158
00:00:00.712	1.288645	1.310623	1.309890
00:00:00.712	1.300366	1.319414	1.328938
00:00:00.713	1.323810	1.310623	1.320879
00:00:00.714	1.343590	1.309158	1.345055
00:00:00.714	1.320147	1.312088	1.355311
00:00:00.714	1.326740	1.325275	1.331136
00:00:00.714	1.291575	1.317949	1.300366
00:00:00.715	1.288645	1.312821	1.269597
00:00:00.747	1.261538	1.316484	1.295971
00:00:00.747	1.257875	1.317216	1.305495
00:00:00.747	1.290842	1.323077	1.320879
00:00:00.748	1.339194	1.323810	1.319414
00:00:00.748	1.376557	1.323810	1.309158
00:00:00.749	1.359707	1.319414	1.309890
00:00:00.749	1.362637	1.316484	1.306227
00:00:00.749	1.337729	1.310623	1.313553
00:00:00.750	1.345788	1.317949	1.367033
00:00:00.750	1.330403	1.327473	1.355311
00:00:00.750	1.260806	1.324542	1.330403
00:00:00.751	1.267399	1.316484	1.318681
00:00:00.751	1.303297	1.317949	1.318681
00:00:00.751	1.306227	1.317216	1.317216
00:00:00.752	1.312088	1.320879	1.314286
00:00:00.752	1.307692	1.324542	1.315751
00:00:00.753	1.289377	1.317216	1.309890
00:00:00.753	1.282784	1.315751	1.315018
00:00:00.753	1.282051	1.313553	1.312088
00:00:00.754	1.316484	1.314286	1.314286
00:00:00.754	1.328938	1.316484	1.322344
00:00:00.754	1.334799	1.313553	1.310623
00:00:00.755	1.334066	1.326007	1.331136
00:00:00.755	1.332601	1.328938	1.330403
00:00:00.755	1.299634	1.317949	1.323810
00:00:00.756	1.282784	1.323810	1.326007
00:00:00.756	1.243956	1.320879	1.313553
00:00:00.756	1.297436	1.311355	1.312088
00:00:00.757	1.327473	1.323810	1.323810
00:00:00.757	1.323810	1.318681	1.320879
00:00:00.758	1.310623	1.314286	1.307692
00:00:00.758	1.313553	1.309890	1.305495
00:00:00.758	1.326007	1.325275	1.317216
00:00:00.759	1.320147	1.326007	1.322344
00:00:00.759	1.315018	1.328938	1.323810
00:00:00.759	1.290842	1.315751	1.318681
00:00:00.760	1.292308	1.326740	1.328205
00:00:00.760	1.294505	1.320147	1.333333
00:00:00.760	1.334799	1.317216	1.327473
00:00:00.761	1.364835	1.324542	1.316484
00:00:00.761	1.370696	1.334066	1.334066
00:00:00.761	1.248352	1.324542	1.319414
00:00:00.762	1.320147	1.322344	1.328938
00:00:00.762	1.357509	1.320147	1.336264
00:00:00.763	1.328205	1.310623	1.326740
00:00:00.763	1.320879	1.322344	1.316484
00:00:00.763	1.299634	1.309158	1.306960
00:00:00.764	1.294505	1.320879	1.306960
00:00:00.764	1.300366	1.323810	1.313553
00:00:00.764	1.315751	1.323810	1.334799
