timestamp	ch1	ch2	ch3
00:00:00.000	1.304762	1.320879	1.311355
00:00:00.000	1.317949	1.326007	1.325275
00:00:00.000	1.305495	1.316484	1.310623
00:00:00.000	1.307692	1.321612	1.314286
00:00:00.000	1.299634	1.305495	1.300366
00:00:00.000	1.315018	1.328938	1.321612
00:00:00.000	1.311355	1.329670	1.318681
00:00:00.000	1.311355	1.326007	1.326007
00:00:00.001	1.315751	1.323810	1.327473
00:00:00.001	1.317949	1.326740	1.323810
00:00:00.001	1.304029	1.312821	1.320147
00:00:00.002	1.299634	1.317949	1.330403
00:00:00.002	1.312088	1.323810	1.317216
00:00:00.003	1.327473	1.313553	1.314286
00:00:00.003	1.335531	1.317949	1.355311
00:00:00.003	1.327473	1.310623	1.309158
00:00:00.004	1.323810	1.318681	1.303297
00:00:00.004	1.331868	1.326007	1.288645
00:00:00.004	1.337729	1.324542	1.305495
00:00:00.005	1.344322	1.326007	1.336264
00:00:00.005	1.340659	1.323077	1.338462
00:00:00.005	1.309158	1.311355	1.323810
00:00:00.006	1.280586	1.304029	1.309158
00:00:00.006	1.309890	1.326007	1.345055
00:00:00.006	1.298168	1.317216	1.333333
00:00:00.007	1.314286	1.326007	1.358242
00:00:00.007	1.295971	1.324542	1.332601
00:00:00.008	1.289377	1.309890	1.307692
00:00:00.008	1.304762	1.317216	1.300366
00:00:00.008	1.296703	1.309158	1.305495
00:00:00.009	1.314286	1.324542	1.312088
00:00:00.009	1.316484	1.320147	1.317949
00:00:00.009	1.315018	1.323810	1.305495
00:00:00.010	1.304029	1.322344	1.300366
00:00:00.010	1.307692	1.324542	1.308425
00:00:00.010	1.300366	1.320147	1.317949
00:00:00.011	1.316484	1.319414	1.327473
00:00:00.011	1.325275	1.319414	1.313553
00:00:00.011	1.306960	1.308425	1.287179
00:00:00.012	1.327473	1.327473	1.330403
00:00:00.012	1.337729	1.330403	1.368498
00:00:00.013	1.323810	1.318681	1.340659
00:00:00.013	1.322344	1.319414	1.332601
00:00:00.013	1.324542	1.320879	1.331136
00:00:00.014	1.287179	1.311355	1.283516
00:00:00.014	1.286447	1.315751	1.312088
00:00:00.014	1.306227	1.328205	1.314286
00:00:00.015	1.285714	1.317216	1.293040
00:00:00.015	1.289377	1.308425	1.300366
00:00:00.015	1.301832	1.318681	1.296703
00:00:00.048	1.284982	1.308425	1.292308
00:00:00.048	1.316484	1.312821	1.325275
00:00:00.048	1.347253	1.313553	1.370696
00:00:00.049	1.365568	1.324542	1.349451
00:00:00.049	1.310623	1.315018	1.317949
00:00:00.049	1.285714	1.314286	1.333333
00:00:00.050	1.304029	1.323810	1.342857
00:00:00.051	1.312821	1.323077	1.309158
00:00:00.051	1.317949	1.324542	1.319414
00:00:00.051	1.326007	1.317949	1.320147
00:00:00.051	1.340659	1.308425	1.320147
00:00:00.052	1.373626	1.314286	1.331868
00:00:00.052	1.350183	1.317216	1.326740
00:00:00.052	1.308425	1.328938	1.315751
00:00:00.053	1.281319	1.315751	1.292308
00:00:00.053	1.288645	1.306227	1.312088
00:00:00.053	1.298168	1.312088	1.316484
00:00:00.054	1.312088	1.325275	1.307692
00:00:00.054	1.304762	1.323810	1.315018
00:00:00.054	1.297436	1.314286	1.310623
00:00:00.055	1.307692	1.325275	1.327473
00:00:00.055	1.304762	1.312821	1.307692
00:00:00.056	1.317216	1.326007	1.300366
00:00:00.056	1.323810	1.327473	1.312821
00:00:00.056	1.304762	1.314286	1.304762
00:00:00.057	1.301832	1.314286	1.338462
00:00:00.057	1.310623	1.323077	1.350916
00:00:00.057	1.312088	1.323810	1.321612
00:00:00.059	1.315751	1.323810	1.311355
00:00:00.059	1.296703	1.311355	1.304762
00:00:00.059	1.295238	1.314286	1.317949
00:00:00.059	1.307692	1.324542	1.321612
00:00:00.060	1.313553	1.320879	1.315018
00:00:00.060	1.320879	1.321612	1.329670
00:00:00.061	1.319414	1.313553	1.332601
00:00:00.061	1.307692	1.320147	1.330403
00:00:00.061	1.323077	1.325275	1.311355
00:00:00.061	1.330403	1.321612	1.293040
00:00:00.061	1.318681	1.313553	1.298168
00:00:00.062	1.297436	1.308425	1.317949
00:00:00.062	1.316484	1.320879	1.320147
00:00:00.062	1.331136	1.321612	1.323077
00:00:00.065	1.314286	1.312088	1.321612
00:00:00.065	1.307692	1.320147	1.329670
00:00:00.065	1.309158	1.328205	1.320147
00:00:00.065	1.307692	1.325275	1.327473
00:00:00.065	1.307692	1.317949	1.315751
00:00:00.065	1.301099	1.315751	1.320879
00:00:00.065	1.312821	1.322344	1.326740
00:00:00.065	1.324542	1.323077	1.330403
00:00:00.097	1.309890	1.313553	1.308425
00:00:00.098	1.304762	1.309890	1.299634
00:00:00.098	1.336996	1.329670	1.329670
00:00:00.098	1.310623	1.318681	1.318681
00:00:00.099	1.306227	1.323810	1.327473
00:00:00.099	1.306227	1.316484	1.317949
00:00:00.100	1.312088	1.320879	1.323077
00:00:00.100	1.312088	1.318681	1.317949
00:00:00.100	1.304762	1.317949	1.325275
00:00:00.101	1.311355	1.321612	1.319414
00:00:00.101	1.310623	1.319414	1.320879
00:00:00.101	1.311355	1.316484	1.306227
00:00:00.102	1.313553	1.322344	1.310623
00:00:00.102	1.315751	1.317949	1.320147
00:00:00.103	1.306960	1.320879	1.317949
00:00:00.103	1.307692	1.320879	1.296703
00:00:00.103	1.314286	1.321612	1.303297
00:00:00.104	1.310623	1.320147	1.300366
00:00:00.104	1.304029	1.316484	1.304762
00:00:00.104	1.307692	1.313553	1.309158
00:00:00.105	1.293040	1.306227	1.305495
00:00:00.105	1.298168	1.316484	1.328938
00:00:00.105	1.306227	1.320879	1.373626
00:00:00.106	1.320879	1.320147	1.349451
00:00:00.106	1.334066	1.321612	1.317949
00:00:00.106	1.326740	1.318681	1.296703
00:00:00.107	1.328205	1.316484	1.310623
00:00:00.107	1.345055	1.324542	1.334066
00:00:00.107	1.339927	1.322344	1.349451
00:00:00.108	1.339927	1.324542	1.364103
00:00:00.108	1.306227	1.312821	1.337729
00:00:00.109	1.276923	1.309890	1.317949
00:00:00.109	1.316484	1.325275	1.332601
00:00:00.109	1.316484	1.321612	1.312821
00:00:00.110	1.303297	1.323810	1.309158
00:00:00.110	1.300366	1.320879	1.309890
00:00:00.110	1.295971	1.313553	1.306227
00:00:00.111	1.298901	1.308425	1.303297
00:00:00.111	1.273260	1.316484	1.312088
00:00:00.111	1.279853	1.316484	1.311355
00:00:00.112	1.287912	1.321612	1.298168
00:00:00.112	1.312088	1.321612	1.292308
00:00:00.112	1.323077	1.317216	1.297436
00:00:00.113	1.332601	1.318681	1.311355
00:00:00.113	1.345788	1.319414	1.336996
00:00:00.114	1.377289	1.323810	1.356777
00:00:00.114	1.368498	1.325275	1.353846
00:00:00.114	1.316484	1.323077	1.328205
00:00:00.115	1.265201	1.315018	1.331136
00:00:00.115	1.293040	1.317949	1.334799
00:00:00.147	1.312821	1.323810	1.326740
00:00:00.148	1.315018	1.313553	1.304762
00:00:00.148	1.306227	1.315751	1.297436
00:00:00.148	1.320879	1.328205	1.317216
00:00:00.149	1.323077	1.325275	1.316484
00:00:00.149	1.298901	1.315751	1.313553
00:00:00.149	1.306960	1.318681	1.309890
00:00:00.150	1.306960	1.321612	1.321612
00:00:00.150	1.306227	1.317216	1.315751
00:00:00.150	1.299634	1.320147	1.313553
00:00:00.151	1.306960	1.319414	1.317949
00:00:00.151	1.295238	1.312821	1.312088
00:00:00.151	1.306227	1.320879	1.314286
00:00:00.152	1.326007	1.321612	1.320147
00:00:00.152	1.332601	1.321612	1.322344
00:00:00.153	1.322344	1.312821	1.308425
00:00:00.153	1.317949	1.321612	1.309890
00:00:00.154	1.306227	1.308425	1.313553
00:00:00.154	1.317216	1.323810	1.334066
00:00:00.154	1.316484	1.317216	1.328938
00:00:00.154	1.314286	1.321612	1.335531
00:00:00.157	1.303297	1.315751	1.320147
00:00:00.157	1.317216	1.322344	1.319414
00:00:00.157	1.317949	1.322344	1.321612
00:00:00.157	1.310623	1.314286	1.314286
00:00:00.157	1.300366	1.309158	1.310623
00:00:00.157	1.306227	1.321612	1.326007
00:00:00.157	1.315018	1.322344	1.333333
00:00:00.157	1.309158	1.317216	1.314286
00:00:00.160	1.304029	1.316484	1.319414
00:00:00.160	1.304029	1.312088	1.299634
00:00:00.160	1.320147	1.321612	1.325275
00:00:00.160	1.320147	1.322344	1.323810
00:00:00.160	1.298168	1.310623	1.309158
00:00:00.160	1.306960	1.317216	1.317216
00:00:00.160	1.312821	1.312821	1.307692
00:00:00.160	1.305495	1.318681	1.323077
00:00:00.160	1.312821	1.325275	1.326007
00:00:00.161	1.307692	1.323810	1.315751
00:00:00.161	1.307692	1.317216	1.304029
00:00:00.162	1.308425	1.306960	1.311355
00:00:00.162	1.327473	1.319414	1.331136
00:00:00.162	1.339927	1.331136	1.328938
00:00:00.163	1.311355	1.320879	1.306227
00:00:00.163	1.273260	1.319414	1.301832
00:00:00.163	1.276923	1.311355	1.306227
00:00:00.164	1.295971	1.305495	1.309890
00:00:00.164	1.325275	1.326007	1.333333
00:00:00.164	1.328205	1.321612	1.328205
00:00:00.165	1.331136	1.325275	1.342125
00:00:00.197	1.345788	1.323810	1.339194
00:00:00.197	1.345788	1.312088	1.315751
00:00:00.198	1.336996	1.320879	1.330403
00:00:00.198	1.316484	1.314286	1.312821
00:00:00.198	1.321612	1.328205	1.322344
00:00:00.199	1.309158	1.323077	1.304029
00:00:00.199	1.292308	1.317216	1.320147
00:00:00.199	1.300366	1.324542	1.342857
00:00:00.200	1.256410	1.323077	1.328938
00:00:00.200	1.234432	1.310623	1.315018
00:00:00.201	1.261538	1.315751	1.316484
00:00:00.201	1.317216	1.324542	1.335531
00:00:00.201	1.331868	1.326007	1.314286
00:00:00.202	1.326007	1.319414	1.286447
00:00:00.202	1.349451	1.322344	1.306960
00:00:00.202	1.394139	1.314286	1.353846
00:00:00.203	1.392674	1.314286	1.398535
00:00:00.203	1.348718	1.327473	1.336264
00:00:00.203	1.295238	1.325275	1.276923
00:00:00.204	1.276923	1.316484	1.284982
00:00:00.204	1.297436	1.327473	1.300366
00:00:00.204	1.291575	1.327473	1.286447
00:00:00.205	1.296703	1.306227	1.287179
00:00:00.205	1.352381	1.318681	1.312821
00:00:00.206	1.358242	1.308425	1.332601
00:00:00.206	1.345788	1.314286	1.328205
00:00:00.206	1.295238	1.315751	1.315018
00:00:00.207	1.273260	1.315751	1.323810
00:00:00.208	1.300366	1.317216	1.333333
00:00:00.208	1.326007	1.322344	1.359707
00:00:00.208	1.323810	1.333333	1.356044
00:00:00.208	1.306960	1.333333	1.334799
00:00:00.208	1.298168	1.328938	1.328938
00:00:00.209	1.307692	1.323077	1.322344
00:00:00.209	1.300366	1.310623	1.306227
00:00:00.209	1.300366	1.319414	1.317216
00:00:00.210	1.309158	1.326740	1.306960
00:00:00.210	1.289377	1.312821	1.296703
00:00:00.211	1.303297	1.319414	1.308425
00:00:00.211	1.297436	1.309890	1.299634
00:00:00.211	1.300366	1.319414	1.317216
00:00:00.212	1.328205	1.326740	1.323810
00:00:00.212	1.326007	1.311355	1.306227
00:00:00.212	1.330403	1.309890	1.320147
00:00:00.213	1.317216	1.310623	1.313553
00:00:00.213	1.316484	1.317949	1.306227
00:00:00.213	1.308425	1.312821	1.314286
00:00:00.214	1.312088	1.328205	1.323077
00:00:00.214	1.301832	1.317216	1.320879
00:00:00.214	1.310623	1.320879	1.320879
00:00:00.247	1.302564	1.323077	1.322344
00:00:00.247	1.301832	1.312821	1.313553
00:00:00.247	1.316484	1.324542	1.321612
00:00:00.248	1.312821	1.319414	1.313553
00:00:00.248	1.306227	1.307692	1.309158
00:00:00.248	1.308425	1.309158	1.315751
00:00:00.251	1.309158	1.320147	1.323810
00:00:00.251	1.320147	1.328205	1.329670
00:00:00.251	1.314286	1.319414	1.309890
00:00:00.251	1.302564	1.314286	1.320147
00:00:00.251	1.307692	1.313553	1.315018
00:00:00.251	1.318681	1.324542	1.326007
00:00:00.251	1.316484	1.317949	1.317949
00:00:00.251	1.312821	1.309158	1.312821
00:00:00.253	1.300366	1.310623	1.315751
00:00:00.253	1.325275	1.329670	1.336264
00:00:00.253	1.320879	1.320147	1.326007
00:00:00.253	1.315751	1.307692	1.308425
00:00:00.253	1.310623	1.311355	1.307692
00:00:00.254	1.308425	1.316484	1.317949
00:00:00.254	1.320879	1.325275	1.326007
00:00:00.254	1.312088	1.323810	1.325275
00:00:00.257	1.312088	1.322344	1.321612
00:00:00.257	1.312088	1.323077	1.320147
00:00:00.257	1.309158	1.318681	1.312821
00:00:00.257	1.318681	1.326007	1.328938
00:00:00.257	1.316484	1.322344	1.330403
00:00:00.257	1.306960	1.316484	1.319414
00:00:00.257	1.300366	1.311355	1.328205
00:00:00.257	1.309158	1.307692	1.328205
00:00:00.257	1.309890	1.323810	1.315751
00:00:00.258	1.316484	1.323810	1.302564
00:00:00.258	1.323077	1.315018	1.276923
00:00:00.259	1.307692	1.312088	1.274725
00:00:00.259	1.323810	1.323077	1.309158
00:00:00.260	1.336996	1.319414	1.327473
00:00:00.260	1.321612	1.317216	1.339927
00:00:00.260	1.317216	1.315751	1.353846
00:00:00.260	1.310623	1.326007	1.342857
00:00:00.261	1.317949	1.328205	1.326740
00:00:00.261	1.294505	1.309158	1.309890
00:00:00.261	1.301099	1.322344	1.312821
00:00:00.262	1.304762	1.323810	1.312821
00:00:00.262	1.309158	1.316484	1.305495
00:00:00.262	1.306960	1.311355	1.306960
00:00:00.263	1.310623	1.310623	1.318681
00:00:00.263	1.306227	1.314286	1.329670
00:00:00.264	1.310623	1.321612	1.323810
00:00:00.264	1.306227	1.316484	1.320147
00:00:00.264	1.313553	1.322344	1.332601
00:00:00.296	1.323810	1.327473	1.323810
00:00:00.297	1.331136	1.322344	1.314286
00:00:00.297	1.332601	1.321612	1.323810
00:00:00.298	1.310623	1.312088	1.300366
00:00:00.298	1.303297	1.320879	1.312088
00:00:00.298	1.298901	1.323810	1.306227
00:00:00.299	1.287912	1.317216	1.303297
00:00:00.299	1.290110	1.312088	1.306227
00:00:00.299	1.289377	1.312088	1.315751
00:00:00.300	1.315751	1.323810	1.333333
00:00:00.300	1.344322	1.323077	1.336264
00:00:00.300	1.360440	1.326007	1.352381
00:00:00.301	1.338462	1.309158	1.308425
00:00:00.301	1.331868	1.323077	1.308425
00:00:00.301	1.312821	1.323077	1.304029
00:00:00.302	1.296703	1.317949	1.320879
00:00:00.302	1.307692	1.315751	1.340659
00:00:00.303	1.311355	1.317949	1.343590
00:00:00.303	1.304029	1.328938	1.334066
00:00:00.303	1.289377	1.317949	1.325275
00:00:00.304	1.272527	1.320147	1.326740
00:00:00.304	1.290110	1.316484	1.305495
00:00:00.304	1.317949	1.311355	1.297436
00:00:00.305	1.312088	1.309890	1.288645
00:00:00.305	1.354579	1.328205	1.311355
00:00:00.305	1.374359	1.323077	1.354579
00:00:00.306	1.364835	1.328205	1.328938
00:00:00.306	1.333333	1.309890	1.312821
00:00:00.306	1.283516	1.318681	1.312821
00:00:00.307	1.281319	1.327473	1.335531
00:00:00.307	1.259341	1.321612	1.331868
00:00:00.308	1.290110	1.318681	1.321612
00:00:00.308	1.300366	1.321612	1.301832
00:00:00.308	1.306960	1.317216	1.302564
00:00:00.309	1.318681	1.318681	1.309890
00:00:00.309	1.316484	1.316484	1.326740
00:00:00.309	1.313553	1.315751	1.340659
00:00:00.310	1.312821	1.317216	1.342857
00:00:00.310	1.316484	1.320147	1.330403
00:00:00.310	1.340659	1.322344	1.328205
00:00:00.311	1.326007	1.312821	1.304029
00:00:00.311	1.338462	1.326740	1.300366
00:00:00.312	1.329670	1.308425	1.295238
00:00:00.312	1.326007	1.319414	1.317216
00:00:00.312	1.304762	1.326007	1.320147
00:00:00.314	1.301099	1.318681	1.302564
00:00:00.314	1.309890	1.323077	1.323077
00:00:00.314	1.308425	1.323077	1.315751
00:00:00.315	1.308425	1.320879	1.323810
00:00:00.315	1.304029	1.317216	1.314286
00:00:00.347	1.320879	1.321612	1.331868
00:00:00.347	1.328205	1.323077	1.334066
00:00:00.347	1.320147	1.321612	1.323810
00:00:00.347	1.309890	1.321612	1.328205
00:00:00.348	1.293040	1.311355	1.314286
00:00:00.348	1.306227	1.315018	1.311355
00:00:00.348	1.304762	1.321612	1.325275
00:00:00.349	1.298901	1.315018	1.306960
00:00:00.349	1.307692	1.321612	1.329670
00:00:00.349	1.317216	1.323810	1.330403
00:00:00.352	1.315751	1.320147	1.317949
00:00:00.352	1.306227	1.322344	1.309158
00:00:00.352	1.299634	1.309158	1.304762
00:00:00.352	1.317216	1.317949	1.334066
00:00:00.352	1.329670	1.328205	1.331136
00:00:00.352	1.320879	1.324542	1.315751
00:00:00.352	1.317949	1.315018	1.303297
00:00:00.352	1.323810	1.317216	1.333333
00:00:00.353	1.304762	1.317216	1.327473
00:00:00.353	1.313553	1.321612	1.323810
00:00:00.353	1.314286	1.324542	1.323077
00:00:00.354	1.309890	1.318681	1.318681
00:00:00.354	1.297436	1.308425	1.320147
00:00:00.354	1.315018	1.321612	1.326007
00:00:00.355	1.320879	1.325275	1.328205
00:00:00.355	1.326007	1.326007	1.322344
00:00:00.356	1.321612	1.321612	1.304762
00:00:00.356	1.301832	1.312088	1.308425
00:00:00.356	1.302564	1.315018	1.317216
00:00:00.357	1.312088	1.326007	1.299634
00:00:00.357	1.323077	1.317216	1.282784
00:00:00.357	1.317949	1.312821	1.306960
00:00:00.358	1.307692	1.312821	1.319414
00:00:00.358	1.311355	1.330403	1.330403
00:00:00.358	1.317949	1.317949	1.327473
00:00:00.359	1.315018	1.314286	1.317216
00:00:00.359	1.294505	1.308425	1.293773
00:00:00.359	1.307692	1.317949	1.340659
00:00:00.360	1.322344	1.326007	1.363370
00:00:00.360	1.313553	1.324542	1.335531
00:00:00.361	1.295971	1.315751	1.300366
00:00:00.361	1.297436	1.314286	1.304762
00:00:00.361	1.302564	1.317949	1.294505
00:00:00.362	1.314286	1.318681	1.295971
00:00:00.362	1.328205	1.318681	1.325275
00:00:00.362	1.309158	1.312821	1.320879
00:00:00.363	1.304029	1.322344	1.312821
00:00:00.363	1.300366	1.309158	1.303297
00:00:00.363	1.350183	1.332601	1.378022
00:00:00.365	1.330403	1.325275	1.369231
00:00:00.396	1.309158	1.318681	1.356777
00:00:00.396	1.324542	1.326007	1.311355
00:00:00.397	1.331868	1.326007	1.311355
00:00:00.397	1.311355	1.315751	1.315751
00:00:00.397	1.298168	1.316484	1.298168
00:00:00.398	1.300366	1.321612	1.299634
00:00:00.398	1.269597	1.305495	1.279853
00:00:00.398	1.325275	1.334799	1.336996
00:00:00.399	1.314286	1.323810	1.312088
00:00:00.399	1.300366	1.323810	1.286447
00:00:00.400	1.309158	1.324542	1.290110
00:00:00.400	1.306227	1.316484	1.302564
00:00:00.400	1.303297	1.307692	1.326007
00:00:00.401	1.339194	1.318681	1.357509
00:00:00.401	1.347253	1.311355	1.341392
00:00:00.401	1.298901	1.324542	1.364103
00:00:00.402	1.287179	1.313553	1.368498
00:00:00.402	1.297436	1.312821	1.340659
00:00:00.402	1.326007	1.326007	1.298901
00:00:00.403	1.353114	1.326740	1.285714
00:00:00.403	1.334066	1.327473	1.323810
00:00:00.404	1.323077	1.317949	1.310623
00:00:00.404	1.353846	1.317949	1.334066
00:00:00.404	1.339927	1.312088	1.322344
00:00:00.405	1.314286	1.309890	1.290842
00:00:00.405	1.307692	1.315018	1.309890
00:00:00.405	1.296703	1.316484	1.317949
00:00:00.406	1.303297	1.323810	1.331136
00:00:00.406	1.302564	1.321612	1.306227
00:00:00.406	1.294505	1.309890	1.297436
00:00:00.407	1.295238	1.317216	1.314286
00:00:00.407	1.310623	1.323077	1.328205
00:00:00.407	1.294505	1.309890	1.319414
00:00:00.408	1.302564	1.321612	1.325275
00:00:00.408	1.317216	1.321612	1.316484
00:00:00.409	1.295238	1.304762	1.303297
00:00:00.409	1.316484	1.323810	1.321612
00:00:00.409	1.318681	1.325275	1.320147
00:00:00.411	1.290842	1.312821	1.293773
00:00:00.411	1.280586	1.323810	1.315018
00:00:00.411	1.297436	1.314286	1.309158
00:00:00.411	1.315751	1.326007	1.327473
00:00:00.411	1.319414	1.317949	1.322344
00:00:00.411	1.308425	1.312821	1.315751
00:00:00.412	1.315751	1.316484	1.333333
00:00:00.412	1.305495	1.317216	1.325275
00:00:00.412	1.306960	1.331868	1.331868
00:00:00.413	1.288645	1.317216	1.306227
00:00:00.413	1.295971	1.309158	1.314286
00:00:00.416	1.324542	1.320147	1.323077
00:00:00.448	1.340659	1.321612	1.317216
00:00:00.448	1.340659	1.322344	1.322344
00:00:00.448	1.329670	1.305495	1.300366
00:00:00.448	1.336996	1.317949	1.307692
00:00:00.448	1.340659	1.315751	1.318681
00:00:00.448	1.310623	1.312088	1.321612
00:00:00.449	1.309158	1.322344	1.336996
00:00:00.449	1.300366	1.317216	1.322344
00:00:00.449	1.306227	1.319414	1.321612
00:00:00.449	1.306227	1.323077	1.334066
00:00:00.449	1.317216	1.323810	1.331136
00:00:00.450	1.308425	1.326740	1.323810
00:00:00.450	1.302564	1.321612	1.313553
00:00:00.450	1.293773	1.314286	1.314286
00:00:00.451	1.301832	1.311355	1.312821
00:00:00.451	1.318681	1.322344	1.326740
00:00:00.451	1.319414	1.324542	1.333333
00:00:00.452	1.312088	1.321612	1.322344
00:00:00.452	1.294505	1.313553	1.317949
00:00:00.453	1.310623	1.323810	1.323810
00:00:00.453	1.313553	1.321612	1.317949
00:00:00.453	1.304762	1.312821	1.308425
00:00:00.454	1.310623	1.322344	1.315018
00:00:00.454	1.301832	1.308425	1.293040
00:00:00.454	1.315018	1.317216	1.314286
00:00:00.455	1.318681	1.318681	1.326740
00:00:00.455	1.319414	1.322344	1.320879
00:00:00.455	1.313553	1.315751	1.304762
00:00:00.456	1.305495	1.321612	1.307692
00:00:00.456	1.322344	1.321612	1.323810
00:00:00.456	1.312088	1.326007	1.332601
00:00:00.457	1.301832	1.324542	1.315018
00:00:00.457	1.291575	1.320879	1.304029
00:00:00.458	1.309158	1.317216	1.344322
00:00:00.458	1.328205	1.328205	1.354579
00:00:00.458	1.347253	1.328205	1.386081
00:00:00.459	1.342857	1.326007	1.349451
00:00:00.459	1.329670	1.309158	1.323810
00:00:00.459	1.334066	1.323810	1.311355
00:00:00.460	1.351648	1.324542	1.310623
00:00:00.460	1.330403	1.320879	1.308425
00:00:00.460	1.295971	1.320147	1.294505
00:00:00.461	1.298168	1.322344	1.302564
00:00:00.461	1.304029	1.323810	1.308425
00:00:00.462	1.306960	1.320879	1.313553
00:00:00.462	1.297436	1.312088	1.300366
00:00:00.462	1.309158	1.324542	1.312088
00:00:00.463	1.306227	1.317949	1.326740
00:00:00.463	1.320147	1.320879	1.372894
00:00:00.463	1.325275	1.315751	1.345788
00:00:00.496	1.334066	1.321612	1.352381
00:00:00.496	1.323810	1.326007	1.326740
00:00:00.496	1.312088	1.325275	1.300366
00:00:00.497	1.279853	1.315018	1.295238
00:00:00.497	1.286447	1.324542	1.307692
00:00:00.497	1.295238	1.321612	1.297436
00:00:00.498	1.306960	1.323810	1.288645
00:00:00.498	1.299634	1.312088	1.290842
00:00:00.498	1.316484	1.319414	1.316484
00:00:00.499	1.306227	1.326007	1.339927
00:00:00.499	1.350183	1.317216	1.310623
00:00:00.499	1.362637	1.314286	1.322344
00:00:00.500	1.345788	1.321612	1.358242
00:00:00.501	1.301099	1.323810	1.327473
00:00:00.501	1.266667	1.322344	1.331136
00:00:00.501	1.267399	1.306960	1.312088
00:00:00.501	1.315751	1.318681	1.331136
00:00:00.502	1.344322	1.327473	1.356044
00:00:00.502	1.352381	1.325275	1.360440
00:00:00.502	1.333333	1.317949	1.335531
00:00:00.503	1.322344	1.322344	1.307692
00:00:00.503	1.318681	1.323810	1.308425
00:00:00.503	1.314286	1.322344	1.307692
00:00:00.504	1.304029	1.318681	1.317949
00:00:00.504	1.284249	1.311355	1.299634
00:00:00.504	1.271795	1.307692	1.292308
00:00:00.507	1.298168	1.317216	1.314286
00:00:00.507	1.323810	1.323077	1.331136
00:00:00.507	1.322344	1.323077	1.312821
00:00:00.507	1.303297	1.309158	1.298168
00:00:00.507	1.305495	1.313553	1.309158
00:00:00.507	1.329670	1.323077	1.334799
00:00:00.507	1.341392	1.325275	1.333333
00:00:00.507	1.326007	1.317949	1.312088
00:00:00.509	1.295238	1.312821	1.309158
00:00:00.509	1.298168	1.321612	1.313553
00:00:00.509	1.315751	1.323810	1.321612
00:00:00.509	1.308425	1.320147	1.316484
00:00:00.509	1.297436	1.310623	1.310623
00:00:00.509	1.304762	1.320147	1.323077
00:00:00.514	1.312088	1.322344	1.319414
00:00:00.514	1.310623	1.318681	1.312821
00:00:00.514	1.315018	1.321612	1.320147
00:00:00.514	1.321612	1.317949	1.319414
00:00:00.514	1.315751	1.317949	1.320147
00:00:00.514	1.317216	1.316484	1.320879
00:00:00.514	1.318681	1.315751	1.320879
00:00:00.514	1.315018	1.317949	1.319414
00:00:00.514	1.304762	1.318681	1.316484
00:00:00.514	1.302564	1.321612	1.313553
00:00:00.545	1.306960	1.316484	1.311355
00:00:00.546	1.317949	1.320879	1.319414
00:00:00.546	1.311355	1.313553	1.312821
00:00:00.546	1.302564	1.310623	1.310623
00:00:00.547	1.326740	1.326740	1.321612
00:00:00.547	1.330403	1.323077	1.323810
00:00:00.547	1.320879	1.313553	1.309158
00:00:00.548	1.315018	1.320147	1.314286
00:00:00.548	1.295971	1.312088	1.318681
00:00:00.548	1.315751	1.323077	1.326740
00:00:00.549	1.307692	1.319414	1.316484
00:00:00.549	1.298901	1.311355	1.312821
00:00:00.550	1.302564	1.317216	1.309890
00:00:00.550	1.300366	1.317216	1.318681
00:00:00.550	1.315018	1.326007	1.323810
00:00:00.551	1.321612	1.317949	1.317949
00:00:00.551	1.309890	1.314286	1.317949
00:00:00.551	1.298901	1.324542	1.318681
00:00:00.552	1.298901	1.321612	1.320879
00:00:00.553	1.311355	1.328938	1.321612
00:00:00.553	1.312821	1.317216	1.294505
00:00:00.553	1.320147	1.321612	1.302564
00:00:00.553	1.312088	1.305495	1.283516
00:00:00.554	1.345055	1.323810	1.314286
00:00:00.554	1.337729	1.309890	1.327473
00:00:00.554	1.323810	1.323810	1.323077
00:00:00.555	1.297436	1.309890	1.334066
00:00:00.555	1.329670	1.313553	1.336264
00:00:00.555	1.322344	1.322344	1.346520
00:00:00.556	1.313553	1.330403	1.333333
00:00:00.556	1.315751	1.320147	1.339927
00:00:00.556	1.306227	1.328205	1.328938
00:00:00.557	1.287912	1.312821	1.293040
00:00:00.557	1.279121	1.320147	1.289377
00:00:00.557	1.278388	1.320147	1.272527
00:00:00.558	1.284982	1.323077	1.279121
00:00:00.558	1.261538	1.310623	1.263736
00:00:00.559	1.231502	1.306227	1.320147
00:00:00.559	1.271062	1.323077	1.373626
00:00:00.559	1.314286	1.323810	1.337729
00:00:00.560	1.381685	1.319414	1.355311
00:00:00.560	1.445421	1.315018	1.387546
00:00:00.560	1.430037	1.324542	1.391941
00:00:00.561	1.361905	1.318681	1.331868
00:00:00.561	1.400000	1.329670	1.389011
00:00:00.561	1.395604	1.322344	1.379487
00:00:00.562	1.304762	1.315018	1.295971
00:00:00.562	1.273260	1.316484	1.276923
00:00:00.562	1.276190	1.325275	1.284982
00:00:00.563	1.272527	1.320147	1.275458
00:00:00.595	1.292308	1.325275	1.291575
00:00:00.595	1.298168	1.325275	1.300366
00:00:00.596	1.295238	1.315751	1.307692
00:00:00.596	1.302564	1.320147	1.315018
00:00:00.596	1.306960	1.322344	1.311355
00:00:00.597	1.320147	1.328205	1.327473
00:00:00.597	1.323077	1.319414	1.349451
00:00:00.598	1.284982	1.319414	1.334799
00:00:00.598	1.278388	1.311355	1.304762
00:00:00.598	1.289377	1.314286	1.307692
00:00:00.599	1.306227	1.322344	1.312821
00:00:00.599	1.306227	1.318681	1.318681
00:00:00.599	1.304762	1.312821	1.311355
00:00:00.600	1.309158	1.309890	1.312088
00:00:00.600	1.321612	1.324542	1.323810
00:00:00.600	1.302564	1.310623	1.320147
00:00:00.602	1.314286	1.322344	1.323077
00:00:00.602	1.320879	1.322344	1.320879
00:00:00.602	1.315018	1.314286	1.317216
00:00:00.605	1.326740	1.323077	1.323810
00:00:00.605	1.326740	1.321612	1.317949
00:00:00.605	1.325275	1.316484	1.318681
00:00:00.605	1.317949	1.322344	1.320147
00:00:00.605	1.291575	1.309890	1.315018
00:00:00.605	1.299634	1.323077	1.320879
00:00:00.605	1.304029	1.312821	1.308425
00:00:00.605	1.300366	1.310623	1.321612
00:00:00.605	1.298168	1.323077	1.311355
00:00:00.605	1.323077	1.319414	1.319414
00:00:00.605	1.321612	1.314286	1.326007
00:00:00.606	1.320147	1.309890	1.320147
00:00:00.609	1.326740	1.318681	1.318681
00:00:00.609	1.312088	1.308425	1.313553
00:00:00.609	1.308425	1.310623	1.307692
00:00:00.609	1.307692	1.320147	1.323810
00:00:00.609	1.291575	1.310623	1.308425
00:00:00.609	1.295971	1.320879	1.313553
00:00:00.609	1.295971	1.312821	1.310623
00:00:00.609	1.303297	1.319414	1.308425
00:00:00.609	1.312088	1.326740	1.323810
00:00:00.609	1.310623	1.324542	1.331136
00:00:00.610	1.301099	1.311355	1.321612
00:00:00.610	1.305495	1.316484	1.315751
00:00:00.610	1.319414	1.320879	1.334066
00:00:00.611	1.328938	1.321612	1.320879
00:00:00.611	1.328938	1.322344	1.317216
00:00:00.612	1.320879	1.324542	1.307692
00:00:00.612	1.306227	1.318681	1.293040
00:00:00.612	1.308425	1.327473	1.310623
00:00:00.613	1.318681	1.323810	1.337729
00:00:00.645	1.322344	1.327473	1.344322
00:00:00.645	1.324542	1.322344	1.342857
00:00:00.646	1.320147	1.326740	1.334799
00:00:00.646	1.301099	1.311355	1.299634
00:00:00.646	1.315751	1.323077	1.304029
00:00:00.647	1.303297	1.312088	1.295971
00:00:00.647	1.298901	1.320879	1.310623
00:00:00.647	1.297436	1.323810	1.292308
00:00:00.648	1.321612	1.323810	1.308425
00:00:00.648	1.344322	1.323077	1.334799
00:00:00.648	1.328938	1.308425	1.292308
00:00:00.649	1.356777	1.314286	1.375824
00:00:00.649	1.339927	1.328938	1.391209
00:00:00.649	1.323810	1.326007	1.393407
00:00:00.650	1.316484	1.326740	1.347253
00:00:00.650	1.305495	1.320147	1.307692
00:00:00.651	1.292308	1.306960	1.290110
00:00:00.651	1.288645	1.316484	1.298168
00:00:00.651	1.304762	1.312088	1.292308
00:00:00.652	1.312088	1.323810	1.314286
00:00:00.652	1.312088	1.323077	1.311355
00:00:00.652	1.296703	1.314286	1.302564
00:00:00.653	1.307692	1.321612	1.317949
00:00:00.653	1.299634	1.314286	1.309158
00:00:00.653	1.305495	1.317216	1.309158
00:00:00.654	1.299634	1.312821	1.307692
00:00:00.654	1.301099	1.316484	1.300366
00:00:00.654	1.285714	1.306960	1.300366
00:00:00.655	1.290842	1.322344	1.312088
00:00:00.655	1.314286	1.322344	1.345055
00:00:00.656	1.323077	1.308425	1.323077
00:00:00.656	1.330403	1.316484	1.321612
00:00:00.656	1.336996	1.320147	1.314286
00:00:00.657	1.330403	1.326007	1.331868
00:00:00.657	1.336264	1.326007	1.351648
00:00:00.657	1.326740	1.306227	1.368498
00:00:00.658	1.321612	1.317949	1.334799
00:00:00.658	1.325275	1.329670	1.314286
00:00:00.658	1.324542	1.325275	1.307692
00:00:00.659	1.318681	1.323810	1.307692
00:00:00.659	1.306227	1.315018	1.297436
00:00:00.659	1.301832	1.324542	1.304762
00:00:00.660	1.290842	1.312088	1.306227
00:00:00.660	1.305495	1.323077	1.311355
00:00:00.661	1.304029	1.309158	1.318681
00:00:00.661	1.308425	1.309890	1.343590
00:00:00.661	1.315751	1.318681	1.330403
00:00:00.662	1.317216	1.325275	1.325275
00:00:00.662	1.296703	1.323077	1.323810
00:00:00.662	1.279121	1.320147	1.309158
00:00:00.695	1.273260	1.312821	1.293773
00:00:00.695	1.282784	1.320147	1.294505
00:00:00.695	1.301099	1.325275	1.289377
00:00:00.696	1.325275	1.320879	1.295238
00:00:00.696	1.328205	1.322344	1.298168
00:00:00.696	1.325275	1.314286	1.296703
00:00:00.697	1.309158	1.307692	1.302564
00:00:00.697	1.363370	1.328205	1.388278
00:00:00.697	1.369231	1.327473	1.431502
00:00:00.702	1.367766	1.314286	1.388278
00:00:00.702	1.367766	1.312821	1.357509
00:00:00.702	1.317949	1.321612	1.310623
00:00:00.702	1.294505	1.323077	1.306960
00:00:00.702	1.290110	1.321612	1.302564
00:00:00.702	1.287179	1.316484	1.293773
00:00:00.702	1.284982	1.310623	1.290110
00:00:00.702	1.284249	1.310623	1.296703
00:00:00.702	1.298901	1.323077	1.312821
00:00:00.702	1.312088	1.327473	1.320147
00:00:00.702	1.320879	1.323077	1.310623
00:00:00.702	1.323810	1.313553	1.303297
00:00:00.702	1.335531	1.319414	1.305495
00:00:00.702	1.303297	1.316484	1.306227
00:00:00.706	1.295238	1.324542	1.322344
00:00:00.706	1.303297	1.324542	1.334066
00:00:00.706	1.306227	1.320879	1.326007
00:00:00.706	1.305495	1.313553	1.331136
00:00:00.706	1.300366	1.318681	1.328205
00:00:00.706	1.301099	1.319414	1.326740
00:00:00.706	1.318681	1.324542	1.332601
00:00:00.706	1.312088	1.312821	1.317216
00:00:00.706	1.304029	1.318681	1.315751
00:00:00.706	1.299634	1.317216	1.320147
00:00:00.706	1.308425	1.320879	1.315751
00:00:00.707	1.309158	1.313553	1.293040
00:00:00.707	1.315751	1.306960	1.285714
00:00:00.707	1.322344	1.321612	1.310623
00:00:00.708	1.323077	1.324542	1.312088
00:00:00.708	1.320879	1.323810	1.317949
00:00:00.709	1.313553	1.309158	1.317949
00:00:00.710	1.328938	1.323077	1.378022
00:00:00.710	1.332601	1.327473	1.339927
00:00:00.710	1.311355	1.323077	1.303297
00:00:00.710	1.306227	1.312821	1.298168
00:00:00.710	1.336996	1.311355	1.315018
00:00:00.711	1.343590	1.324542	1.326007
00:00:00.711	1.300366	1.322344	1.312821
00:00:00.711	1.279121	1.319414	1.295971
00:00:00.712	1.265201	1.320147	1.320879
00:00:00.712	1.300366	1.318681	1.323077
00:00:00.744	1.317216	1.322344	1.339927
00:00:00.745	1.316484	1.317949	1.350916
00:00:00.745	1.321612	1.316484	1.342857
00:00:00.745	1.312088	1.317949	1.334066
00:00:00.746	1.312088	1.320147	1.323810
00:00:00.746	1.309890	1.320147	1.318681
00:00:00.746	1.312088	1.321612	1.315018
00:00:00.747	1.327473	1.317949	1.291575
00:00:00.747	1.328938	1.320879	1.288645
00:00:00.748	1.295971	1.321612	1.276923
00:00:00.748	1.285714	1.317216	1.272527
00:00:00.748	1.282784	1.312088	1.272527
00:00:00.749	1.299634	1.325275	1.294505
00:00:00.749	1.314286	1.320147	1.305495
00:00:00.749	1.303297	1.317949	1.370696
00:00:00.750	1.285714	1.314286	1.373626
00:00:00.750	1.326007	1.310623	1.376557
00:00:00.750	1.341392	1.318681	1.366300
00:00:00.751	1.359707	1.328205	1.356777
00:00:00.751	1.323810	1.314286	1.321612
00:00:00.751	1.328938	1.317949	1.289377
00:00:00.752	1.372894	1.321612	1.296703
00:00:00.752	1.358242	1.310623	1.297436
00:00:00.753	1.295971	1.317216	1.306227
00:00:00.753	1.287912	1.316484	1.326740
00:00:00.753	1.298901	1.319414	1.349451
00:00:00.754	1.299634	1.321612	1.328938
00:00:00.754	1.287179	1.321612	1.303297
00:00:00.754	1.276923	1.311355	1.290842
00:00:00.755	1.306227	1.309158	1.298901
00:00:00.755	1.314286	1.312821	1.317949
00:00:00.755	1.326007	1.323077	1.315751
00:00:00.756	1.309890	1.323077	1.312088
00:00:00.756	1.317949	1.323810	1.320879
00:00:00.756	1.320879	1.315751	1.345055
00:00:00.757	1.314286	1.325275	1.339927
00:00:00.757	1.268132	1.318681	1.299634
00:00:00.758	1.294505	1.322344	1.305495
00:00:00.758	1.330403	1.306960	1.291575
00:00:00.758	1.329670	1.319414	1.342125
00:00:00.759	1.331136	1.312821	1.343590
00:00:00.759	1.328938	1.316484	1.331868
00:00:00.759	1.332601	1.322344	1.336264
00:00:00.760	1.309158	1.313553	1.307692
00:00:00.760	1.291575	1.315751	1.312821
00:00:00.760	1.295971	1.322344	1.323810
00:00:00.761	1.271795	1.312088	1.290842
00:00:00.764	1.289377	1.322344	1.303297
00:00:00.764	1.323810	1.323810	1.331136
00:00:00.764	1.331868	1.320879	1.338462
