timestamp	ch1	ch2	ch3
00:00:00.000	1.331136	1.326007	1.320879
00:00:00.001	1.310623	1.324542	1.315751
00:00:00.001	1.303297	1.312821	1.303297
00:00:00.001	1.290842	1.313553	1.308425
00:00:00.002	1.309158	1.326740	1.320879
00:00:00.003	1.311355	1.326007	1.323810
00:00:00.003	1.323810	1.326740	1.326007
00:00:00.003	1.297436	1.322344	1.317949
00:00:00.003	1.291575	1.323077	1.314286
00:00:00.004	1.306227	1.309158	1.306227
00:00:00.004	1.325275	1.320879	1.323810
00:00:00.004	1.310623	1.318681	1.319414
00:00:00.006	1.307692	1.317216	1.306227
00:00:00.006	1.298901	1.320147	1.317216
00:00:00.006	1.309158	1.304762	1.315751
00:00:00.008	1.308425	1.306227	1.317949
00:00:00.008	1.322344	1.315018	1.331136
00:00:00.008	1.317216	1.317949	1.326007
00:00:00.008	1.323810	1.323077	1.319414
00:00:00.008	1.309890	1.311355	1.307692
00:00:00.008	1.311355	1.326740	1.328938
00:00:00.008	1.317216	1.328205	1.321612
00:00:00.008	1.312088	1.334066	1.326007
00:00:00.009	1.297436	1.320879	1.315018
00:00:00.041	1.306227	1.328938	1.323810
00:00:00.041	1.315018	1.333333	1.326007
00:00:00.044	1.323810	1.328205	1.328205
00:00:00.044	1.315018	1.317216	1.328938
00:00:00.044	1.334066	1.314286	1.315018
00:00:00.044	1.330403	1.321612	1.320879
00:00:00.044	1.324542	1.323077	1.327473
00:00:00.044	1.308425	1.320879	1.328205
00:00:00.044	1.300366	1.312821	1.322344
00:00:00.044	1.309158	1.324542	1.323810
00:00:00.044	1.314286	1.319414	1.316484
00:00:00.045	1.317949	1.319414	1.321612
00:00:00.045	1.307692	1.315751	1.318681
00:00:00.045	1.296703	1.310623	1.312821
00:00:00.046	1.306960	1.316484	1.320879
00:00:00.046	1.304762	1.312088	1.323077
00:00:00.047	1.305495	1.320147	1.323810
00:00:00.047	1.287912	1.311355	1.311355
00:00:00.047	1.315751	1.327473	1.317949
00:00:00.048	1.305495	1.312088	1.301832
00:00:00.048	1.304029	1.310623	1.290110
00:00:00.048	1.318681	1.316484	1.303297
00:00:00.049	1.342125	1.325275	1.304029
00:00:00.049	1.363370	1.317216	1.304762
00:00:00.049	1.287179	1.316484	1.316484
00:00:00.050	1.189744	1.320147	1.322344
00:00:00.050	1.296703	1.317216	1.348718
00:00:00.051	1.338462	1.319414	1.363370
00:00:00.051	1.375824	1.320879	1.378755
00:00:00.051	1.381685	1.323077	1.330403
00:00:00.052	1.331136	1.308425	1.274725
00:00:00.052	1.326007	1.329670	1.307692
00:00:00.052	1.306960	1.320879	1.311355
00:00:00.053	1.306960	1.320879	1.320879
00:00:00.053	1.300366	1.323810	1.312088
00:00:00.053	1.307692	1.318681	1.309158
00:00:00.054	1.311355	1.317949	1.309158
00:00:00.054	1.304029	1.312821	1.317216
00:00:00.055	1.313553	1.326007	1.326007
00:00:00.055	1.304762	1.312821	1.344322
00:00:00.055	1.309158	1.323077	1.337729
00:00:00.056	1.315751	1.326007	1.312821
00:00:00.056	1.305495	1.323077	1.351648
00:00:00.056	1.246154	1.328938	1.333333
00:00:00.057	1.250549	1.324542	1.304029
00:00:00.057	1.289377	1.314286	1.296703
00:00:00.057	1.339194	1.328205	1.306960
00:00:00.058	1.354579	1.312821	1.304762
00:00:00.058	1.397070	1.323810	1.323810
00:00:00.058	1.384615	1.313553	1.321612
00:00:00.091	1.344322	1.323810	1.315751
00:00:00.091	1.271062	1.319414	1.289377
00:00:00.091	1.248352	1.316484	1.290842
00:00:00.092	1.295238	1.318681	1.313553
00:00:00.092	1.321612	1.319414	1.318681
00:00:00.092	1.343590	1.322344	1.359707
00:00:00.093	1.350183	1.315751	1.397802
00:00:00.093	1.326740	1.321612	1.402198
00:00:00.093	1.309158	1.325275	1.336264
00:00:00.094	1.307692	1.322344	1.311355
00:00:00.094	1.309158	1.320879	1.303297
00:00:00.095	1.326740	1.310623	1.293773
00:00:00.095	1.324542	1.318681	1.317216
00:00:00.095	1.310623	1.326740	1.313553
00:00:00.096	1.320879	1.329670	1.298168
00:00:00.096	1.312088	1.314286	1.297436
00:00:00.096	1.278388	1.317949	1.310623
00:00:00.097	1.273993	1.313553	1.308425
00:00:00.097	1.294505	1.324542	1.304029
00:00:00.097	1.314286	1.329670	1.308425
00:00:00.098	1.298901	1.312088	1.300366
00:00:00.098	1.309158	1.320147	1.303297
00:00:00.098	1.322344	1.313553	1.346520
00:00:00.099	1.326007	1.314286	1.347253
00:00:00.099	1.328205	1.319414	1.323810
00:00:00.100	1.341392	1.326007	1.312821
00:00:00.100	1.315018	1.317949	1.299634
00:00:00.100	1.304762	1.312088	1.292308
00:00:00.102	1.297436	1.310623	1.312821
00:00:00.102	1.308425	1.323077	1.323810
00:00:00.102	1.311355	1.321612	1.326007
00:00:00.103	1.317949	1.322344	1.343590
00:00:00.103	1.320879	1.317949	1.342857
00:00:00.103	1.297436	1.312821	1.345788
00:00:00.104	1.320147	1.323810	1.333333
00:00:00.104	1.317949	1.323810	1.309890
00:00:00.104	1.323077	1.320879	1.313553
00:00:00.104	1.315018	1.310623	1.310623
00:00:00.104	1.318681	1.318681	1.325275
00:00:00.108	1.315018	1.325275	1.320879
00:00:00.108	1.311355	1.323077	1.309158
00:00:00.108	1.297436	1.311355	1.300366
00:00:00.108	1.282784	1.313553	1.310623
00:00:00.108	1.300366	1.321612	1.318681
00:00:00.108	1.315018	1.328205	1.323810
00:00:00.108	1.330403	1.317216	1.316484
00:00:00.108	1.320879	1.307692	1.315018
00:00:00.109	1.311355	1.318681	1.317216
00:00:00.109	1.317949	1.323077	1.322344
00:00:00.109	1.317949	1.322344	1.320147
00:00:00.140	1.322344	1.317949	1.319414
00:00:00.141	1.300366	1.309890	1.313553
00:00:00.141	1.303297	1.318681	1.315018
00:00:00.141	1.281319	1.317949	1.320879
00:00:00.142	1.290110	1.317216	1.317216
00:00:00.142	1.301099	1.315751	1.306227
00:00:00.143	1.323810	1.317216	1.323810
00:00:00.143	1.347253	1.319414	1.320879
00:00:00.143	1.341392	1.316484	1.319414
00:00:00.144	1.317216	1.317216	1.318681
00:00:00.144	1.312088	1.317949	1.312821
00:00:00.144	1.306227	1.317949	1.309890
00:00:00.145	1.297436	1.321612	1.309158
00:00:00.145	1.298168	1.320879	1.304029
00:00:00.145	1.304029	1.320879	1.320147
00:00:00.146	1.316484	1.322344	1.328938
00:00:00.146	1.336264	1.323810	1.351648
00:00:00.146	1.332601	1.320147	1.347253
00:00:00.147	1.318681	1.312821	1.338462
00:00:00.147	1.306227	1.315018	1.309890
00:00:00.148	1.296703	1.328938	1.320147
00:00:00.148	1.290842	1.320879	1.311355
00:00:00.148	1.308425	1.319414	1.327473
00:00:00.149	1.310623	1.314286	1.318681
00:00:00.149	1.306227	1.321612	1.298168
00:00:00.149	1.299634	1.328205	1.290842
00:00:00.150	1.300366	1.322344	1.289377
00:00:00.150	1.314286	1.308425	1.300366
00:00:00.150	1.324542	1.313553	1.323810
00:00:00.151	1.356044	1.322344	1.372894
00:00:00.151	1.402198	1.313553	1.331136
00:00:00.151	1.380952	1.313553	1.312821
00:00:00.152	1.216850	1.326740	1.314286
00:00:00.152	1.222711	1.323810	1.303297
00:00:00.153	1.301832	1.320147	1.298901
00:00:00.153	1.360440	1.312088	1.308425
00:00:00.153	1.349451	1.317949	1.306960
00:00:00.154	1.337729	1.328938	1.356044
00:00:00.154	1.342857	1.319414	1.330403
00:00:00.154	1.329670	1.323077	1.323077
00:00:00.155	1.350183	1.329670	1.342857
00:00:00.155	1.301099	1.313553	1.317949
00:00:00.155	1.321612	1.304762	1.332601
00:00:00.156	1.326007	1.326740	1.323810
00:00:00.156	1.262271	1.322344	1.305495
00:00:00.156	1.257875	1.314286	1.323810
00:00:00.157	1.290110	1.312088	1.312088
00:00:00.157	1.273260	1.320879	1.336264
00:00:00.158	1.295971	1.320147	1.323810
00:00:00.158	1.323810	1.318681	1.309890
00:00:00.190	1.333333	1.323810	1.314286
00:00:00.190	1.326007	1.328205	1.305495
00:00:00.192	1.312821	1.323077	1.299634
00:00:00.192	1.302564	1.317216	1.298901
00:00:00.192	1.312088	1.325275	1.328938
00:00:00.192	1.312088	1.319414	1.320147
00:00:00.192	1.328938	1.309158	1.321612
00:00:00.193	1.331136	1.314286	1.347253
00:00:00.193	1.314286	1.320879	1.358242
00:00:00.194	1.318681	1.326007	1.329670
00:00:00.194	1.313553	1.318681	1.309890
00:00:00.194	1.309890	1.310623	1.308425
00:00:00.194	1.317216	1.319414	1.312821
00:00:00.195	1.303297	1.312088	1.306227
00:00:00.195	1.312088	1.319414	1.309158
00:00:00.195	1.293040	1.306960	1.302564
00:00:00.196	1.315751	1.328205	1.317949
00:00:00.196	1.318681	1.325275	1.323810
00:00:00.201	1.312088	1.316484	1.302564
00:00:00.201	1.308425	1.304762	1.311355
00:00:00.201	1.322344	1.323077	1.330403
00:00:00.201	1.301099	1.311355	1.320879
00:00:00.201	1.298901	1.309890	1.300366
00:00:00.201	1.320147	1.326740	1.312088
00:00:00.201	1.316484	1.323077	1.317216
00:00:00.201	1.309158	1.309890	1.314286
00:00:00.201	1.307692	1.314286	1.317949
00:00:00.201	1.301832	1.306960	1.326007
00:00:00.201	1.314286	1.312821	1.317949
00:00:00.201	1.317216	1.317216	1.316484
00:00:00.201	1.322344	1.326007	1.325275
00:00:00.201	1.309158	1.320147	1.326007
00:00:00.204	1.315018	1.327473	1.321612
00:00:00.204	1.316484	1.331136	1.322344
00:00:00.204	1.317949	1.328205	1.318681
00:00:00.204	1.313553	1.317949	1.308425
00:00:00.204	1.323077	1.328938	1.327473
00:00:00.204	1.318681	1.325275	1.330403
00:00:00.204	1.315018	1.320147	1.313553
00:00:00.204	1.305495	1.312088	1.311355
00:00:00.204	1.309158	1.318681	1.324542
00:00:00.205	1.310623	1.314286	1.312088
00:00:00.205	1.327473	1.317949	1.321612
00:00:00.206	1.296703	1.316484	1.313553
00:00:00.206	1.318681	1.328205	1.332601
00:00:00.206	1.316484	1.323077	1.329670
00:00:00.207	1.295238	1.313553	1.288645
00:00:00.207	1.287179	1.311355	1.292308
00:00:00.207	1.312088	1.320879	1.332601
00:00:00.208	1.325275	1.320147	1.350183
00:00:00.240	1.323810	1.324542	1.341392
00:00:00.240	1.311355	1.317216	1.312088
00:00:00.241	1.311355	1.321612	1.309158
00:00:00.241	1.329670	1.318681	1.323810
00:00:00.241	1.319414	1.320147	1.330403
00:00:00.242	1.322344	1.316484	1.312821
00:00:00.242	1.324542	1.309890	1.286447
00:00:00.242	1.332601	1.314286	1.304029
00:00:00.243	1.312821	1.315018	1.306960
00:00:00.244	1.292308	1.320879	1.312088
00:00:00.244	1.286447	1.318681	1.298901
00:00:00.244	1.293040	1.313553	1.274725
00:00:00.244	1.309158	1.333333	1.328205
00:00:00.245	1.268864	1.322344	1.326007
00:00:00.245	1.298901	1.317949	1.343590
00:00:00.245	1.329670	1.317216	1.361172
00:00:00.246	1.326740	1.326007	1.355311
00:00:00.246	1.356777	1.326740	1.334066
00:00:00.246	1.438828	1.322344	1.329670
00:00:00.247	1.380220	1.309890	1.329670
00:00:00.247	1.315018	1.321612	1.355311
00:00:00.247	1.268864	1.327473	1.326007
00:00:00.248	1.254945	1.322344	1.280586
00:00:00.248	1.279853	1.312088	1.276923
00:00:00.248	1.293773	1.315751	1.286447
00:00:00.249	1.315751	1.322344	1.293773
00:00:00.249	1.306227	1.315018	1.294505
00:00:00.250	1.328938	1.325275	1.341392
00:00:00.250	1.345788	1.323077	1.347253
00:00:00.250	1.312088	1.313553	1.344322
00:00:00.251	1.344322	1.326740	1.365568
00:00:00.251	1.334066	1.314286	1.322344
00:00:00.251	1.317949	1.309890	1.308425
00:00:00.252	1.299634	1.321612	1.316484
00:00:00.252	1.290110	1.326007	1.317216
00:00:00.252	1.281319	1.318681	1.314286
00:00:00.253	1.292308	1.322344	1.319414
00:00:00.253	1.310623	1.323810	1.320879
00:00:00.254	1.305495	1.320147	1.306960
00:00:00.254	1.307692	1.315751	1.313553
00:00:00.254	1.376557	1.323810	1.327473
00:00:00.255	1.378022	1.317949	1.322344
00:00:00.255	1.249817	1.311355	1.312088
00:00:00.255	1.171429	1.307692	1.294505
00:00:00.256	1.246886	1.323077	1.306960
00:00:00.256	1.299634	1.325275	1.317216
00:00:00.256	1.301099	1.315018	1.305495
00:00:00.257	1.309890	1.314286	1.315018
00:00:00.257	1.330403	1.325275	1.302564
00:00:00.257	1.337729	1.325275	1.312088
00:00:00.290	1.331136	1.313553	1.332601
00:00:00.290	1.358974	1.326740	1.356044
00:00:00.290	1.353114	1.321612	1.336264
00:00:00.291	1.331136	1.311355	1.345788
00:00:00.291	1.314286	1.315018	1.334066
00:00:00.291	1.315018	1.322344	1.323810
00:00:00.292	1.307692	1.316484	1.314286
00:00:00.292	1.314286	1.315751	1.312821
00:00:00.295	1.305495	1.307692	1.304762
00:00:00.295	1.292308	1.310623	1.300366
00:00:00.295	1.303297	1.328205	1.306227
00:00:00.295	1.301832	1.324542	1.304762
00:00:00.295	1.290110	1.315018	1.284249
00:00:00.295	1.297436	1.312821	1.287912
00:00:00.295	1.320879	1.323810	1.338462
00:00:00.295	1.336264	1.324542	1.339194
00:00:00.296	1.342125	1.320879	1.350916
00:00:00.296	1.339927	1.313553	1.355311
00:00:00.296	1.332601	1.320879	1.337729
00:00:00.296	1.319414	1.318681	1.316484
00:00:00.297	1.312088	1.314286	1.320147
00:00:00.300	1.307692	1.316484	1.316484
00:00:00.300	1.273260	1.310623	1.306227
00:00:00.300	1.288645	1.326740	1.307692
00:00:00.300	1.298901	1.323810	1.314286
00:00:00.300	1.313553	1.310623	1.313553
00:00:00.300	1.320879	1.319414	1.334799
00:00:00.300	1.317216	1.326007	1.328205
00:00:00.300	1.325275	1.321612	1.309158
00:00:00.300	1.338462	1.323810	1.315751
00:00:00.300	1.320147	1.324542	1.328938
00:00:00.301	1.302564	1.309890	1.326007
00:00:00.301	1.304029	1.324542	1.320879
00:00:00.301	1.320147	1.323077	1.313553
00:00:00.302	1.342857	1.323077	1.327473
00:00:00.302	1.309158	1.315751	1.305495
00:00:00.303	1.293773	1.313553	1.309890
00:00:00.303	1.309158	1.320147	1.297436
00:00:00.303	1.312821	1.322344	1.289377
00:00:00.304	1.323810	1.312821	1.321612
00:00:00.304	1.306960	1.309890	1.326740
00:00:00.304	1.329670	1.320879	1.331136
00:00:00.305	1.331136	1.327473	1.328938
00:00:00.305	1.316484	1.317949	1.310623
00:00:00.305	1.297436	1.312088	1.311355
00:00:00.306	1.273260	1.318681	1.320147
00:00:00.306	1.283516	1.323810	1.313553
00:00:00.306	1.308425	1.328938	1.318681
00:00:00.307	1.316484	1.315751	1.319414
00:00:00.307	1.317216	1.309158	1.320147
00:00:00.339	1.297436	1.316484	1.323810
00:00:00.340	1.297436	1.326007	1.323810
00:00:00.340	1.286447	1.310623	1.319414
00:00:00.340	1.306227	1.315018	1.312088
00:00:00.341	1.319414	1.321612	1.315751
00:00:00.341	1.337729	1.315751	1.308425
00:00:00.342	1.349451	1.321612	1.334799
00:00:00.342	1.294505	1.317949	1.331868
00:00:00.342	1.298168	1.328205	1.314286
00:00:00.343	1.313553	1.319414	1.300366
00:00:00.343	1.332601	1.320147	1.330403
00:00:00.343	1.323077	1.315018	1.304762
00:00:00.344	1.367033	1.314286	1.313553
00:00:00.344	1.354579	1.318681	1.341392
00:00:00.344	1.303297	1.314286	1.328205
00:00:00.345	1.287179	1.318681	1.307692
00:00:00.345	1.281319	1.322344	1.300366
00:00:00.346	1.293773	1.317216	1.308425
00:00:00.346	1.309890	1.315751	1.346520
00:00:00.346	1.345055	1.328938	1.381685
00:00:00.347	1.341392	1.320147	1.350916
00:00:00.347	1.326740	1.314286	1.316484
00:00:00.347	1.307692	1.313553	1.306227
00:00:00.348	1.313553	1.318681	1.315751
00:00:00.348	1.323077	1.326007	1.317949
00:00:00.348	1.301832	1.320879	1.303297
00:00:00.349	1.291575	1.318681	1.304762
00:00:00.349	1.294505	1.316484	1.305495
00:00:00.349	1.305495	1.322344	1.304762
00:00:00.350	1.308425	1.323077	1.320147
00:00:00.350	1.295238	1.311355	1.314286
00:00:00.351	1.301832	1.321612	1.322344
00:00:00.351	1.323810	1.316484	1.312821
00:00:00.351	1.323077	1.312821	1.304029
00:00:00.352	1.312088	1.320147	1.318681
00:00:00.352	1.298901	1.326740	1.321612
00:00:00.352	1.283516	1.309890	1.310623
00:00:00.353	1.293040	1.314286	1.313553
00:00:00.353	1.312821	1.315751	1.314286
00:00:00.354	1.307692	1.323810	1.315018
00:00:00.354	1.293040	1.326740	1.309158
00:00:00.354	1.268864	1.317949	1.304762
00:00:00.354	1.312088	1.328938	1.326007
00:00:00.355	1.315751	1.323077	1.342125
00:00:00.355	1.345055	1.318681	1.325275
00:00:00.356	1.318681	1.308425	1.315751
00:00:00.356	1.312088	1.321612	1.338462
00:00:00.356	1.348718	1.326740	1.342125
00:00:00.358	1.361905	1.316484	1.349451
00:00:00.358	1.356044	1.312821	1.323810
00:00:00.390	1.360440	1.323077	1.318681
00:00:00.391	1.232234	1.321612	1.312821
00:00:00.391	1.243956	1.323810	1.306960
00:00:00.391	1.315018	1.317216	1.323810
00:00:00.391	1.326740	1.326007	1.340659
00:00:00.391	1.324542	1.326007	1.334799
00:00:00.391	1.325275	1.323077	1.320147
00:00:00.393	1.321612	1.323077	1.313553
00:00:00.393	1.293040	1.317949	1.295971
00:00:00.393	1.301832	1.323810	1.307692
00:00:00.393	1.303297	1.319414	1.308425
00:00:00.393	1.291575	1.305495	1.300366
00:00:00.393	1.303297	1.309890	1.293773
00:00:00.397	1.309158	1.315751	1.298168
00:00:00.397	1.325275	1.324542	1.339927
00:00:00.397	1.325275	1.320147	1.347253
00:00:00.397	1.317216	1.323810	1.338462
00:00:00.397	1.295971	1.315751	1.330403
00:00:00.397	1.318681	1.315018	1.349451
00:00:00.397	1.331868	1.326007	1.326007
00:00:00.397	1.321612	1.319414	1.299634
00:00:00.397	1.302564	1.306960	1.293773
00:00:00.397	1.317216	1.324542	1.309158
00:00:00.397	1.321612	1.323077	1.334799
00:00:00.398	1.323077	1.315018	1.339927
00:00:00.398	1.318681	1.323077	1.339194
00:00:00.398	1.293773	1.309158	1.304762
00:00:00.399	1.317949	1.312088	1.315751
00:00:00.399	1.323810	1.326007	1.318681
00:00:00.400	1.310623	1.315751	1.306227
00:00:00.401	1.300366	1.313553	1.298168
00:00:00.401	1.304762	1.324542	1.331136
00:00:00.401	1.305495	1.327473	1.319414
00:00:00.401	1.306227	1.325275	1.300366
00:00:00.401	1.299634	1.307692	1.290842
00:00:00.402	1.309158	1.312821	1.317216
00:00:00.402	1.320879	1.323077	1.330403
00:00:00.402	1.315018	1.310623	1.312821
00:00:00.403	1.316484	1.321612	1.328938
00:00:00.403	1.304029	1.312821	1.323810
00:00:00.404	1.306960	1.315751	1.316484
00:00:00.404	1.325275	1.327473	1.342125
00:00:00.404	1.327473	1.324542	1.331868
00:00:00.405	1.299634	1.321612	1.318681
00:00:00.405	1.282784	1.314286	1.304029
00:00:00.405	1.272527	1.314286	1.317216
00:00:00.406	1.268864	1.326007	1.319414
00:00:00.406	1.285714	1.317216	1.300366
00:00:00.406	1.284249	1.311355	1.295971
00:00:00.407	1.310623	1.311355	1.292308
00:00:00.439	1.373626	1.323810	1.328205
00:00:00.439	1.351648	1.321612	1.318681
00:00:00.440	1.341392	1.323810	1.320147
00:00:00.440	1.329670	1.315018	1.352381
00:00:00.440	1.351648	1.314286	1.368498
00:00:00.441	1.364103	1.304762	1.347253
00:00:00.441	1.344322	1.314286	1.306227
00:00:00.441	1.345055	1.315018	1.282051
00:00:00.442	1.354579	1.323077	1.296703
00:00:00.442	1.287912	1.317216	1.293773
00:00:00.443	1.266667	1.323810	1.314286
00:00:00.443	1.293040	1.331868	1.312088
00:00:00.443	1.303297	1.324542	1.342125
00:00:00.444	1.313553	1.326007	1.345055
00:00:00.444	1.294505	1.313553	1.308425
00:00:00.444	1.284982	1.319414	1.315018
00:00:00.445	1.293040	1.306227	1.306960
00:00:00.445	1.291575	1.312088	1.332601
00:00:00.445	1.300366	1.317949	1.317216
00:00:00.446	1.272527	1.323077	1.320879
00:00:00.446	1.263736	1.323810	1.333333
00:00:00.446	1.271795	1.314286	1.300366
00:00:00.447	1.292308	1.319414	1.296703
00:00:00.447	1.313553	1.326740	1.302564
00:00:00.448	1.342125	1.320879	1.304762
00:00:00.448	1.363370	1.309890	1.309158
00:00:00.448	1.375824	1.323077	1.299634
00:00:00.449	1.341392	1.310623	1.299634
00:00:00.449	1.335531	1.323077	1.357509
00:00:00.449	1.315751	1.315018	1.368498
00:00:00.450	1.301832	1.317216	1.338462
00:00:00.450	1.304762	1.321612	1.330403
00:00:00.450	1.332601	1.320879	1.347253
00:00:00.451	1.335531	1.310623	1.320147
00:00:00.451	1.301099	1.315018	1.307692
00:00:00.451	1.296703	1.327473	1.318681
00:00:00.454	1.309158	1.320879	1.317949
00:00:00.454	1.325275	1.320147	1.300366
00:00:00.454	1.353114	1.320147	1.306960
00:00:00.454	1.378022	1.323810	1.320147
00:00:00.454	1.266667	1.325275	1.309158
00:00:00.455	1.241026	1.315018	1.316484
00:00:00.455	1.232967	1.327473	1.333333
00:00:00.455	1.212454	1.309890	1.291575
00:00:00.455	1.301832	1.320147	1.323810
00:00:00.455	1.342857	1.320147	1.335531
00:00:00.455	1.354579	1.305495	1.301832
00:00:00.457	1.322344	1.327473	1.302564
00:00:00.457	1.287912	1.327473	1.296703
00:00:00.457	1.306227	1.322344	1.320147
00:00:00.489	1.325275	1.320879	1.336264
00:00:00.489	1.336264	1.320147	1.373626
00:00:00.489	1.320147	1.326740	1.342125
00:00:00.492	1.323077	1.315018	1.332601
00:00:00.492	1.344322	1.307692	1.313553
00:00:00.492	1.319414	1.320879	1.290842
00:00:00.492	1.317216	1.321612	1.294505
00:00:00.492	1.345788	1.320147	1.291575
00:00:00.492	1.314286	1.314286	1.289377
00:00:00.492	1.307692	1.324542	1.340659
00:00:00.492	1.326007	1.326740	1.370696
00:00:00.494	1.309890	1.328938	1.363370
00:00:00.494	1.301832	1.323077	1.328205
00:00:00.494	1.292308	1.314286	1.316484
00:00:00.494	1.297436	1.320879	1.310623
00:00:00.494	1.298901	1.322344	1.304762
00:00:00.494	1.309890	1.323810	1.306960
00:00:00.495	1.306227	1.312821	1.312821
00:00:00.495	1.292308	1.308425	1.301832
00:00:00.496	1.325275	1.322344	1.333333
00:00:00.496	1.331136	1.323077	1.332601
00:00:00.496	1.312088	1.315018	1.336996
00:00:00.497	1.321612	1.312821	1.336264
00:00:00.497	1.310623	1.322344	1.321612
00:00:00.497	1.311355	1.320147	1.320147
00:00:00.498	1.315018	1.314286	1.313553
00:00:00.498	1.312088	1.318681	1.321612
00:00:00.498	1.303297	1.312821	1.309890
00:00:00.499	1.303297	1.318681	1.320879
00:00:00.499	1.303297	1.321612	1.317216
00:00:00.499	1.307692	1.323810	1.310623
00:00:00.500	1.306960	1.318681	1.298168
00:00:00.500	1.307692	1.322344	1.323810
00:00:00.501	1.317949	1.323077	1.320147
00:00:00.501	1.331868	1.318681	1.306960
00:00:00.501	1.312821	1.310623	1.308425
00:00:00.502	1.320147	1.326007	1.322344
00:00:00.502	1.329670	1.320879	1.323077
00:00:00.502	1.325275	1.320147	1.317216
00:00:00.503	1.317216	1.309890	1.328205
00:00:00.503	1.306227	1.315751	1.342857
00:00:00.503	1.287912	1.326007	1.323810
00:00:00.504	1.286447	1.326007	1.313553
00:00:00.505	1.287912	1.309158	1.300366
00:00:00.505	1.319414	1.317949	1.314286
00:00:00.505	1.336996	1.325275	1.320147
00:00:00.505	1.367033	1.318681	1.312088
00:00:00.506	1.350183	1.317216	1.306960
00:00:00.506	1.338462	1.313553	1.339194
00:00:00.506	1.321612	1.323810	1.345055
00:00:00.538	1.298168	1.323810	1.311355
00:00:00.539	1.261538	1.313553	1.309158
00:00:00.539	1.276923	1.315018	1.309158
00:00:00.540	1.303297	1.319414	1.311355
00:00:00.540	1.287912	1.310623	1.295238
00:00:00.540	1.298168	1.320879	1.303297
00:00:00.541	1.321612	1.322344	1.318681
00:00:00.541	1.333333	1.319414	1.325275
00:00:00.541	1.327473	1.307692	1.341392
00:00:00.542	1.347253	1.327473	1.367033
00:00:00.542	1.339194	1.327473	1.354579
00:00:00.542	1.318681	1.322344	1.342125
00:00:00.543	1.308425	1.325275	1.323810
00:00:00.543	1.288645	1.317216	1.313553
00:00:00.544	1.306227	1.326740	1.308425
00:00:00.544	1.306960	1.321612	1.285714
00:00:00.544	1.310623	1.323810	1.306227
00:00:00.545	1.315751	1.317216	1.314286
00:00:00.545	1.317949	1.317216	1.309890
00:00:00.545	1.317216	1.317949	1.320147
00:00:00.546	1.298168	1.329670	1.320147
00:00:00.546	1.257875	1.328205	1.298901
00:00:00.546	1.263736	1.304029	1.286447
00:00:00.547	1.276923	1.326007	1.322344
00:00:00.547	1.282784	1.327473	1.317949
00:00:00.547	1.298901	1.318681	1.289377
00:00:00.548	1.343590	1.309890	1.323810
00:00:00.548	1.392674	1.322344	1.376557
00:00:00.550	1.394139	1.322344	1.364835
00:00:00.550	1.395604	1.309890	1.343590
00:00:00.550	1.394139	1.320879	1.303297
00:00:00.550	1.357509	1.336264	1.340659
00:00:00.550	1.290842	1.320879	1.323810
00:00:00.550	1.278388	1.309158	1.300366
00:00:00.551	1.308425	1.323810	1.317216
00:00:00.551	1.322344	1.316484	1.337729
00:00:00.551	1.312088	1.310623	1.333333
00:00:00.553	1.293040	1.315751	1.329670
00:00:00.553	1.257143	1.320147	1.312088
00:00:00.553	1.293773	1.323077	1.307692
00:00:00.553	1.335531	1.321612	1.308425
00:00:00.553	1.342857	1.318681	1.308425
00:00:00.557	1.320147	1.320879	1.310623
00:00:00.557	1.328938	1.323810	1.321612
00:00:00.557	1.298901	1.317949	1.317216
00:00:00.557	1.158974	1.323810	1.321612
00:00:00.557	1.177289	1.311355	1.291575
00:00:00.557	1.300366	1.315751	1.320147
00:00:00.557	1.386813	1.323810	1.328938
00:00:00.557	1.379487	1.319414	1.328205
00:00:00.589	1.358974	1.317216	1.323810
00:00:00.589	1.358974	1.325275	1.325275
00:00:00.589	1.300366	1.320147	1.306227
00:00:00.589	1.302564	1.326740	1.312821
00:00:00.590	1.317216	1.323810	1.312088
00:00:00.590	1.332601	1.324542	1.320879
00:00:00.590	1.294505	1.326740	1.323810
00:00:00.591	1.284982	1.321612	1.328205
00:00:00.591	1.305495	1.317216	1.323077
00:00:00.591	1.299634	1.312088	1.328938
00:00:00.592	1.352381	1.317949	1.323810
00:00:00.592	1.347253	1.313553	1.311355
00:00:00.593	1.370696	1.323077	1.317216
00:00:00.593	1.352381	1.312821	1.308425
00:00:00.593	1.328205	1.326007	1.323077
00:00:00.594	1.302564	1.320147	1.312088
00:00:00.594	1.296703	1.321612	1.318681
00:00:00.594	1.298168	1.315018	1.309890
00:00:00.595	1.295238	1.318681	1.317949
00:00:00.595	1.298901	1.326740	1.323810
00:00:00.595	1.311355	1.326007	1.321612
00:00:00.596	1.306227	1.323077	1.328205
00:00:00.596	1.316484	1.322344	1.322344
00:00:00.596	1.300366	1.308425	1.314286
00:00:00.597	1.286447	1.311355	1.315018
00:00:00.597	1.304762	1.323810	1.323077
00:00:00.598	1.311355	1.315018	1.314286
00:00:00.598	1.300366	1.312088	1.302564
00:00:00.598	1.325275	1.322344	1.304762
00:00:00.599	1.299634	1.315751	1.293040
00:00:00.599	1.292308	1.319414	1.289377
00:00:00.599	1.291575	1.314286	1.290110
00:00:00.600	1.320879	1.317216	1.351648
00:00:00.600	1.328938	1.321612	1.366300
00:00:00.600	1.340659	1.323810	1.345788
00:00:00.601	1.336264	1.317216	1.342125
00:00:00.601	1.339927	1.327473	1.326740
00:00:00.602	1.334799	1.325275	1.330403
00:00:00.602	1.326007	1.326007	1.323810
00:00:00.602	1.309890	1.322344	1.304029
00:00:00.603	1.294505	1.311355	1.297436
00:00:00.603	1.296703	1.320147	1.319414
00:00:00.603	1.296703	1.323810	1.320879
00:00:00.604	1.283516	1.314286	1.312821
00:00:00.604	1.268132	1.310623	1.314286
00:00:00.604	1.285714	1.321612	1.308425
00:00:00.605	1.293040	1.318681	1.300366
00:00:00.605	1.312821	1.310623	1.293773
00:00:00.605	1.333333	1.318681	1.309890
00:00:00.606	1.348718	1.311355	1.323810
00:00:00.638	1.372161	1.331868	1.362637
00:00:00.638	1.361905	1.326740	1.330403
00:00:00.639	1.336264	1.320879	1.351648
00:00:00.639	1.303297	1.315751	1.328205
00:00:00.639	1.273260	1.300366	1.295238
00:00:00.640	1.273260	1.315018	1.293040
00:00:00.640	1.285714	1.323810	1.308425
00:00:00.641	1.276923	1.327473	1.276923
00:00:00.641	1.307692	1.323077	1.307692
00:00:00.641	1.312821	1.310623	1.315018
00:00:00.642	1.344322	1.323810	1.315751
00:00:00.642	1.380220	1.312821	1.326740
00:00:00.642	1.372894	1.322344	1.366300
00:00:00.643	1.358974	1.318681	1.380220
00:00:00.643	1.336264	1.326740	1.336264
00:00:00.643	1.330403	1.324542	1.318681
00:00:00.644	1.259341	1.306960	1.311355
00:00:00.644	1.232967	1.309158	1.306227
00:00:00.644	1.272527	1.320147	1.329670
00:00:00.647	1.301832	1.314286	1.304762
00:00:00.647	1.308425	1.312821	1.292308
00:00:00.647	1.345055	1.323810	1.320147
00:00:00.647	1.333333	1.318681	1.304029
00:00:00.647	1.311355	1.322344	1.312088
00:00:00.647	1.297436	1.315751	1.303297
00:00:00.647	1.300366	1.323077	1.320147
00:00:00.647	1.314286	1.324542	1.322344
00:00:00.649	1.322344	1.323810	1.326007
00:00:00.649	1.331136	1.322344	1.328938
00:00:00.649	1.339927	1.313553	1.308425
00:00:00.649	1.341392	1.320879	1.317949
00:00:00.649	1.293773	1.310623	1.313553
00:00:00.649	1.262271	1.309890	1.314286
00:00:00.653	1.252015	1.326007	1.322344
00:00:00.653	1.290842	1.323810	1.323077
00:00:00.653	1.295971	1.311355	1.310623
00:00:00.653	1.323810	1.325275	1.323810
00:00:00.653	1.313553	1.315751	1.316484
00:00:00.653	1.313553	1.311355	1.313553
00:00:00.653	1.309158	1.315751	1.317949
00:00:00.653	1.328938	1.327473	1.336264
00:00:00.653	1.317949	1.317949	1.342857
00:00:00.653	1.308425	1.315751	1.326740
00:00:00.653	1.312088	1.315751	1.320147
00:00:00.654	1.323810	1.327473	1.320879
00:00:00.654	1.312088	1.313553	1.316484
00:00:00.655	1.306960	1.318681	1.322344
00:00:00.655	1.301099	1.312821	1.309158
00:00:00.655	1.271062	1.317949	1.320147
00:00:00.656	1.287179	1.320879	1.316484
00:00:00.688	1.293040	1.309890	1.307692
00:00:00.688	1.329670	1.321612	1.317216
00:00:00.689	1.343590	1.322344	1.318681
00:00:00.689	1.370696	1.315751	1.308425
00:00:00.689	1.379487	1.324542	1.323810
00:00:00.690	1.333333	1.324542	1.326740
00:00:00.690	1.317949	1.320879	1.323077
00:00:00.690	1.284249	1.311355	1.310623
00:00:00.691	1.267399	1.320147	1.320147
00:00:00.691	1.290842	1.318681	1.323077
00:00:00.691	1.293773	1.312821	1.319414
00:00:00.692	1.292308	1.315751	1.321612
00:00:00.692	1.302564	1.323810	1.345788
00:00:00.692	1.299634	1.323077	1.332601
00:00:00.694	1.282784	1.309890	1.312821
00:00:00.694	1.276923	1.315751	1.286447
00:00:00.694	1.296703	1.323077	1.299634
00:00:00.694	1.309158	1.319414	1.314286
00:00:00.694	1.294505	1.309890	1.300366
00:00:00.695	1.337729	1.319414	1.304029
00:00:00.695	1.349451	1.318681	1.323077
00:00:00.695	1.401465	1.315018	1.328205
00:00:00.696	1.408791	1.321612	1.347253
00:00:00.696	1.265201	1.310623	1.312821
00:00:00.696	1.315751	1.323077	1.309158
00:00:00.697	1.290842	1.312821	1.287179
00:00:00.697	1.259341	1.317216	1.315018
00:00:00.697	1.210256	1.318681	1.361172
00:00:00.698	1.235165	1.317216	1.382418
00:00:00.698	1.309158	1.318681	1.356777
00:00:00.699	1.357509	1.316484	1.323810
00:00:00.699	1.388278	1.320147	1.301832
00:00:00.699	1.382418	1.305495	1.304762
00:00:00.700	1.427839	1.329670	1.344322
00:00:00.700	1.367766	1.321612	1.333333
00:00:00.700	1.326007	1.326740	1.319414
00:00:00.701	1.274725	1.309890	1.275458
00:00:00.701	1.246886	1.315751	1.295238
00:00:00.701	1.226374	1.317949	1.296703
00:00:00.702	1.230769	1.328205	1.299634
00:00:00.702	1.241758	1.325275	1.306227
00:00:00.702	1.273260	1.314286	1.284249
00:00:00.703	1.341392	1.304762	1.290110
00:00:00.703	1.385348	1.310623	1.289377
00:00:00.704	1.333333	1.308425	1.283516
00:00:00.704	1.345788	1.319414	1.315018
00:00:00.704	1.350183	1.315018	1.380220
00:00:00.705	1.312088	1.315751	1.370696
00:00:00.705	1.347985	1.320879	1.340659
00:00:00.705	1.417582	1.320147	1.348718
00:00:00.738	1.417582	1.331136	1.379487
00:00:00.738	1.307692	1.320147	1.355311
00:00:00.738	1.235897	1.328938	1.329670
00:00:00.739	1.245421	1.317949	1.304029
00:00:00.739	1.273260	1.317216	1.290110
00:00:00.739	1.279121	1.312821	1.295238
00:00:00.740	1.302564	1.323077	1.306227
00:00:00.740	1.312088	1.323810	1.311355
00:00:00.740	1.306960	1.323810	1.312821
00:00:00.742	1.304029	1.315018	1.306960
00:00:00.742	1.303297	1.320879	1.315751
00:00:00.742	1.303297	1.324542	1.322344
00:00:00.742	1.312088	1.321612	1.320879
00:00:00.742	1.293040	1.315018	1.302564
00:00:00.744	1.292308	1.307692	1.298901
00:00:00.744	1.314286	1.317216	1.323810
00:00:00.744	1.323810	1.320879	1.323810
00:00:00.744	1.342125	1.324542	1.322344
00:00:00.744	1.323077	1.320147	1.317949
00:00:00.744	1.309158	1.310623	1.312821
00:00:00.745	1.316484	1.326007	1.320879
00:00:00.746	1.308425	1.320879	1.323810
00:00:00.746	1.317949	1.328205	1.323810
00:00:00.746	1.316484	1.320879	1.317216
00:00:00.746	1.306960	1.312821	1.309158
00:00:00.747	1.308425	1.319414	1.323810
00:00:00.747	1.315018	1.323077	1.328205
00:00:00.747	1.317949	1.323077	1.329670
00:00:00.748	1.310623	1.315751	1.309158
00:00:00.748	1.302564	1.309158	1.312821
00:00:00.748	1.305495	1.312088	1.317216
00:00:00.749	1.315018	1.323077	1.326007
00:00:00.749	1.317216	1.323810	1.323077
00:00:00.749	1.312088	1.321612	1.312821
00:00:00.750	1.306960	1.309890	1.312821
00:00:00.750	1.304029	1.312088	1.315751
00:00:00.750	1.311355	1.320879	1.323810
00:00:00.751	1.317216	1.323077	1.323077
00:00:00.751	1.314286	1.319414	1.314286
00:00:00.752	1.298168	1.312821	1.309158
00:00:00.752	1.315018	1.320147	1.323810
00:00:00.752	1.323810	1.326740	1.328938
00:00:00.753	1.319414	1.319414	1.319414
00:00:00.753	1.304762	1.312088	1.315018
00:00:00.753	1.295238	1.315751	1.322344
00:00:00.754	1.298168	1.326740	1.326007
00:00:00.754	1.306227	1.318681	1.320147
00:00:00.754	1.310623	1.312821	1.316484
00:00:00.755	1.315751	1.317949	1.313553
00:00:00.755	1.320879	1.323077	1.306227
00:00:00.787	1.326740	1.319414	1.320147
00:00:00.788	1.337729	1.320879	1.323810
00:00:00.788	1.320879	1.320147	1.319414
00:00:00.788	1.298168	1.313553	1.311355
00:00:00.789	1.309158	1.318681	1.323810
00:00:00.789	1.315751	1.322344	1.323810
00:00:00.789	1.315018	1.321612	1.320879
00:00:00.790	1.315018	1.320879	1.323810
00:00:00.790	1.317949	1.321612	1.326740
00:00:00.791	1.317216	1.320879	1.328205
00:00:00.791	1.310623	1.323077	1.321612
00:00:00.791	1.309890	1.326007	1.319414
00:00:00.792	1.332601	1.322344	1.337729
00:00:00.792	1.329670	1.312088	1.328938
00:00:00.792	1.301099	1.319414	1.323810
00:00:00.793	1.287179	1.322344	1.316484
00:00:00.793	1.292308	1.323810	1.302564
00:00:00.793	1.289377	1.312821	1.290842
00:00:00.794	1.306227	1.320879	1.298901
00:00:00.794	1.320879	1.328205	1.314286
00:00:00.794	1.315018	1.321612	1.299634
00:00:00.795	1.317216	1.315018	1.327473
00:00:00.795	1.306960	1.304762	1.367033
00:00:00.796	1.330403	1.330403	1.384615
00:00:00.796	1.291575	1.327473	1.337729
00:00:00.796	1.265201	1.317216	1.295238
