t_ns,ch1_V,ch2_V,ch3_V
0,0.500000,1.500000,2.500000
1729999,0.500000,1.500000,2.500000
3443099,0.500000,1.500000,2.500000
5084999,0.500000,1.500000,2.500000
6733499,0.500000,1.500000,2.500000
8279399,0.500000,1.500000,2.500000
9922699,0.500000,1.500000,2.500000
11498699,0.500000,1.500000,2.500000
13086699,0.500000,1.500000,2.500000
14672400,0.500000,1.500000,2.500000
16576000,0.500000,1.500000,2.500000
17881299,0.500000,1.500000,2.500000
20104700,0.500000,1.500000,2.500000
21583099,0.500000,1.500000,2.500000
22738299,0.500000,1.500000,2.500000
24570699,0.500000,1.500000,2.500000
26488600,0.500000,1.500000,2.500000
27892899,0.500000,1.500000,2.500000
29909400,0.500000,1.500000,2.500000
39738699,0.500000,1.500000,2.500000
40943799,0.500000,1.500000,2.500000
42593899,0.500000,1.500000,2.500000
44914999,0.500000,1.500000,2.500000
47037999,0.500000,1.500000,2.500000
51457599,0.500000,1.500000,2.500000
57697500,0.500000,1.500000,2.500000
63835199,0.500000,1.500000,2.500000
64961799,0.500000,1.500000,2.500000
66561599,0.500000,1.500000,2.500000
68546099,0.500000,1.500000,2.500000
74476399,0.500000,1.500000,2.500000
75600899,0.500000,1.500000,2.500000
82397899,0.500000,1.500000,2.500000
83576699,0.500000,1.500000,2.500000
86251399,0.500000,1.500000,2.500000
88305299,0.500000,1.500000,2.500000
89951900,0.500000,1.500000,2.500000
91356400,0.500000,1.500000,2.500000
93780499,0.500000,1.500000,2.500000
98833299,0.500000,1.500000,2.500000
99969399,0.500000,1.500000,2.500000
101638499,0.500000,1.500000,2.500000
103455999,0.500000,1.500000,2.500000
104502700,0.500000,1.500000,2.500000
109644999,0.500000,1.500000,2.500000
118604199,0.500000,1.500000,2.500000
119732899,0.500000,1.500000,2.500000
129083699,0.500000,1.500000,2.500000
130353699,0.500000,1.500000,2.500000
132156200,0.500000,1.500000,2.500000
138552399,0.500000,1.500000,2.500000
141719999,0.500000,1.500000,2.500000
142903499,0.500000,1.500000,2.500000
146240999,0.500000,1.500000,2.500000
152635099,0.500000,1.500000,2.500000
154224899,0.500000,1.500000,2.500000
155850700,0.500000,1.500000,2.500000
157348199,0.500000,1.500000,2.500000
159172799,0.500000,1.500000,2.500000
160300199,0.500000,1.500000,2.500000
161903499,0.500000,1.500000,2.500000
166053699,0.500000,1.500000,2.500000
167536499,0.500000,1.500000,2.500000
169181599,0.500000,1.500000,2.500000
171212499,0.500000,1.500000,2.500000
172492799,0.500000,1.500000,2.500000
176718999,0.500000,1.500000,2.500000
184405399,0.500000,1.500000,2.500000
185865399,0.500000,1.500000,2.500000
187716000,0.500000,1.500000,2.500000
189028100,0.500000,1.500000,2.500000
197121400,0.500000,1.500000,2.500000
198622700,0.500000,1.500000,2.500000
200118699,0.500000,1.500000,2.500000
207287899,0.500000,1.500000,2.500000
208896500,0.500000,1.500000,2.500000
210512300,0.500000,1.500000,2.500000
212449499,0.500000,1.500000,2.500000
216527699,0.500000,1.500000,2.500000
218934600,0.500000,1.500000,2.500000
221342199,0.500000,1.500000,2.500000
224232199,0.500000,1.500000,2.500000
229873799,0.500000,1.500000,2.500000
238794500,0.500000,1.500000,2.500000
239948599,0.500000,1.500000,2.500000
241631699,0.500000,1.500000,2.500000
243234000,0.500000,1.500000,2.500000
250059899,0.500000,1.500000,2.500000
251333000,0.500000,1.500000,2.500000
252957199,0.500000,1.500000,2.500000
254837299,0.500000,1.500000,2.500000
261184099,0.500000,1.500000,2.500000
262334599,0.500000,1.500000,2.500000
263956800,0.500000,1.500000,2.500000
265584699,0.500000,1.500000,2.500000
267796100,0.500000,1.500000,2.500000
272252399,0.500000,1.500000,2.500000
273376400,0.500000,1.500000,2.500000
275162300,0.500000,1.500000,2.500000
276780499,0.500000,1.500000,2.500000
280968699,0.500000,1.500000,2.500000
288449799,0.500000,1.500000,2.500000
292826400,0.500000,1.500000,2.500000
293931000,0.500000,1.500000,2.500000
295513600,0.500000,1.500000,2.500000
297465700,0.500000,1.500000,2.500000
298570300,0.500000,1.500000,2.500000
300165799,0.500000,1.500000,2.500000
301836999,0.500000,1.500000,2.500000
303434900,0.500000,1.500000,2.500000
305123499,0.500000,1.500000,2.500000
307863399,0.500000,1.500000,2.500000
311649700,0.500000,1.500000,2.500000
319815800,0.500000,1.500000,2.500000
324559900,0.500000,1.500000,2.500000
325709400,0.500000,1.500000,2.500000
327237699,0.500000,1.500000,2.500000
329230199,0.500000,1.500000,2.500000
334189199,0.500000,1.500000,2.500000
335338600,0.500000,1.500000,2.500000
342602699,0.500000,1.500000,2.500000
345206899,0.500000,1.500000,2.500000
346817999,0.500000,1.500000,2.500000
351164299,0.500000,1.500000,2.500000
353211199,0.500000,1.500000,2.500000
354562299,0.500000,1.500000,2.500000
355711500,0.500000,1.500000,2.500000
357612200,0.500000,1.500000,2.500000
359223699,0.500000,1.500000,2.500000
361647199,0.500000,1.500000,2.500000
362747599,0.500000,1.500000,2.500000
368172700,0.500000,1.500000,2.500000
369284100,0.500000,1.500000,2.500000
370892099,0.500000,1.500000,2.500000
372522400,0.500000,1.500000,2.500000
374338800,0.500000,1.500000,2.500000
378257399,0.500000,1.500000,2.500000
384782900,0.500000,1.500000,2.500000
385988000,0.500000,1.500000,2.500000
387728499,0.500000,1.500000,2.500000
389035399,0.500000,1.500000,2.500000
390701799,0.500000,1.500000,2.500000
393685299,0.500000,1.500000,2.500000
394784399,0.500000,1.500000,2.500000
396448399,0.500000,1.500000,2.500000
398725399,0.500000,1.500000,2.500000
400202799,0.500000,1.500000,2.500000
404665699,0.500000,1.500000,2.500000
411671499,0.500000,1.500000,2.500000
416855999,0.500000,1.500000,2.500000
418340500,0.500000,1.500000,2.500000
419957999,0.500000,1.500000,2.500000
428819900,0.500000,1.500000,2.500000
429918299,0.500000,1.500000,2.500000
436295300,0.500000,1.500000,2.500000
438233199,0.500000,1.500000,2.500000
439478699,0.500000,1.500000,2.500000
444405199,0.500000,1.500000,2.500000
445499099,0.500000,1.500000,2.500000
447089799,0.500000,1.500000,2.500000
448707099,0.500000,1.500000,2.500000
450526900,0.500000,1.500000,2.500000
455026600,0.500000,1.500000,2.500000
457658999,0.500000,1.500000,2.500000
459760300,0.500000,1.500000,2.500000
461363599,0.500000,1.500000,2.500000
465791099,0.500000,1.500000,2.500000
474502500,0.500000,1.500000,2.500000
476197799,0.500000,1.500000,2.500000
484179200,0.500000,1.500000,2.500000
485382599,0.500000,1.500000,2.500000
487885299,0.500000,1.500000,2.500000
493328500,0.500000,1.500000,2.500000
495262399,0.500000,1.500000,2.500000
496412100,0.500000,1.500000,2.500000
500444099,0.500000,1.500000,2.500000
501564400,0.500000,1.500000,2.500000
503206099,0.500000,1.500000,2.500000
505903899,0.500000,1.500000,2.500000
508292099,0.500000,1.500000,2.500000
511877400,0.500000,1.500000,2.500000
519985999,0.500000,1.500000,2.500000
521491999,0.500000,1.500000,2.500000
523402399,0.500000,1.500000,2.500000
525006399,0.500000,1.500000,2.500000
532531699,0.500000,1.500000,2.500000
534205500,0.500000,1.500000,2.500000
535818500,0.500000,1.500000,2.500000
543701199,0.500000,1.500000,2.500000
544820800,0.500000,1.500000,2.500000
546432700,0.500000,1.500000,2.500000
548929799,0.500000,1.500000,2.500000
553014600,0.500000,1.500000,2.500000
554407899,0.500000,1.500000,2.500000
556024799,0.500000,1.500000,2.500000
558269900,0.500000,1.500000,2.500000
561246099,0.500000,1.500000,2.500000
565620499,0.500000,1.500000,2.500000
573821099,0.500000,1.500000,2.500000
577888799,0.500000,1.500000,2.500000
579092299,0.500000,1.500000,2.500000
580741500,0.500000,1.500000,2.500000
582674500,0.500000,1.500000,2.500000
583778499,0.500000,1.500000,2.500000
586206899,0.500000,1.500000,2.500000
591347000,0.500000,1.500000,2.500000
598669599,0.500000,1.500000,2.500000
601648999,0.500000,1.500000,2.500000
602852799,0.500000,1.500000,2.500000
604597899,0.500000,1.500000,2.500000
605773999,0.500000,1.500000,2.500000
607315399,0.500000,1.500000,2.500000
615579500,0.500000,1.500000,2.500000
617226099,0.500000,1.500000,2.500000
618886500,0.500000,1.500000,2.500000
627077099,0.500000,1.500000,2.500000
631553599,0.500000,1.500000,2.500000
633171900,0.500000,1.500000,2.500000
638103799,0.500000,1.500000,2.500000
639256999,0.500000,1.500000,2.500000
641621899,0.500000,1.500000,2.500000
643404299,0.500000,1.500000,2.500000
647780999,0.500000,1.500000,2.500000
648849199,0.500000,1.500000,2.500000
650386699,0.500000,1.500000,2.500000
652409199,0.500000,1.500000,2.500000
659331599,0.500000,1.500000,2.500000
672473300,0.500000,1.500000,2.500000
674196299,0.500000,1.500000,2.500000
675825699,0.500000,1.500000,2.500000
677749099,0.500000,1.500000,2.500000
678884699,0.500000,1.500000,2.500000
680482799,0.500000,1.500000,2.500000
685244299,0.500000,1.500000,2.500000
694231599,0.500000,1.500000,2.500000
695365300,0.500000,1.500000,2.500000
696977200,0.500000,1.500000,2.500000
698582500,0.500000,1.500000,2.500000
700217500,0.500000,1.500000,2.500000
705977099,0.500000,1.500000,2.500000
713036900,0.500000,1.500000,2.500000
714142699,0.500000,1.500000,2.500000
717295099,0.500000,1.500000,2.500000
718885399,0.500000,1.500000,2.500000
724778099,0.500000,1.500000,2.500000
730239699,0.500000,1.500000,2.500000
734805100,0.500000,1.500000,2.500000
736275700,0.500000,1.500000,2.500000
740791700,0.500000,1.500000,2.500000
747452799,0.500000,1.500000,2.500000
755102099,0.500000,1.500000,2.500000
757337399,0.500000,1.500000,2.500000
762170000,0.500000,1.500000,2.500000
766848100,0.500000,1.500000,2.500000
768985599,0.500000,1.500000,2.500000
771180199,0.500000,1.500000,2.500000
775208300,0.500000,1.500000,2.500000
776348699,0.500000,1.500000,2.500000
779232199,0.500000,1.500000,2.500000
782838099,0.500000,1.500000,2.500000
790779399,0.500000,1.500000,2.500000
794891199,0.500000,1.500000,2.500000
802009200,0.500000,1.500000,2.500000
803550500,0.500000,1.500000,2.500000
809648900,0.500000,1.500000,2.500000
811294899,0.500000,1.500000,2.500000
814106999,0.500000,1.500000,2.500000
815912400,0.500000,1.500000,2.500000
817271799,0.500000,1.500000,2.500000
820660599,0.500000,1.500000,2.500000
821817600,0.500000,1.500000,2.500000
824122899,0.500000,1.500000,2.500000
825590699,0.500000,1.500000,2.500000
829363500,0.500000,1.500000,2.500000
836102199,0.500000,1.500000,2.500000
837502999,0.500000,1.500000,2.500000
843754900,0.500000,1.500000,2.500000
844910899,0.500000,1.500000,2.500000
848930399,0.500000,1.500000,2.500000
850016899,0.500000,1.500000,2.500000
852812199,0.500000,1.500000,2.500000
854366599,0.500000,1.500000,2.500000
855946799,0.500000,1.500000,2.500000
857498899,0.500000,1.500000,2.500000
859094200,0.500000,1.500000,2.500000
860796000,0.500000,1.500000,2.500000
862546099,0.500000,1.500000,2.500000
867214199,0.500000,1.500000,2.500000
868664299,0.500000,1.500000,2.500000
871081999,0.500000,1.500000,2.500000
872166100,0.500000,1.500000,2.500000
876531599,0.500000,1.500000,2.500000
883464400,0.500000,1.500000,2.500000
884541999,0.500000,1.500000,2.500000
890535499,0.500000,1.500000,2.500000
892078099,0.500000,1.500000,2.500000
895391599,0.500000,1.500000,2.500000
899515600,0.500000,1.500000,2.500000
901184099,0.500000,1.500000,2.500000
902761899,0.500000,1.500000,2.500000
904315899,0.500000,1.500000,2.500000
905889000,0.500000,1.500000,2.500000
907431599,0.500000,1.500000,2.500000
909091299,0.500000,1.500000,2.500000
912780300,0.500000,1.500000,2.500000
914662600,0.500000,1.500000,2.500000
915974499,0.500000,1.500000,2.500000
919097199,0.500000,1.500000,2.500000
925833699,0.500000,1.500000,2.500000
927333999,0.500000,1.500000,2.500000
933131500,0.500000,1.500000,2.500000
934811599,0.500000,1.500000,2.500000
937557500,0.500000,1.500000,2.500000
941161199,0.500000,1.500000,2.500000
942778099,0.500000,1.500000,2.500000
944478699,0.500000,1.500000,2.500000
946140799,0.500000,1.500000,2.500000
947677899,0.500000,1.500000,2.500000
949759299,0.500000,1.500000,2.500000
951827299,0.500000,1.500000,2.500000
954039799,0.500000,1.500000,2.500000
957113500,0.500000,1.500000,2.500000
958568099,0.500000,1.500000,2.500000
962642400,0.500000,1.500000,2.500000
963739399,0.500000,1.500000,2.500000
966018599,0.500000,1.500000,2.500000
967746099,0.500000,1.500000,2.500000
971882099,0.500000,1.500000,2.500000
976607099,0.500000,1.500000,2.500000
977735699,0.500000,1.500000,2.500000
983582000,0.500000,1.500000,2.500000
985184699,0.500000,1.500000,2.500000
988780299,0.500000,1.500000,2.500000
991690099,0.500000,1.500000,2.500000
992787199,0.500000,1.500000,2.500000
994373599,0.500000,1.500000,2.500000
995942499,0.500000,1.500000,2.500000
997475700,0.500000,1.500000,2.500000
999056699,0.500000,1.500000,2.500000
1000614799,0.500000,1.500000,2.500000
1002867399,0.500000,1.500000,2.500000
1003997200,0.500000,1.500000,2.500000
1008551599,0.500000,1.500000,2.500000
1010148199,0.500000,1.500000,2.500000
1013379099,0.500000,1.500000,2.500000
1017496399,0.500000,1.500000,2.500000
1018973400,0.500000,1.500000,2.500000
1025467899,0.500000,1.500000,2.500000
1026626599,0.500000,1.500000,2.500000
1029798999,0.500000,1.500000,2.500000
1032907299,0.500000,1.500000,2.500000
1034683300,0.500000,1.500000,2.500000
1036320599,0.500000,1.500000,2.500000
1038060200,0.500000,1.500000,2.500000
1039665699,0.500000,1.500000,2.500000
1041313599,0.500000,1.500000,2.500000
1042916699,0.500000,1.500000,2.500000
1044495399,0.500000,1.500000,2.500000
1046656999,0.500000,1.500000,2.500000
1047911399,0.500000,1.500000,2.500000
1049781199,0.500000,1.500000,2.500000
1051254099,0.500000,1.500000,2.500000
1056146499,0.500000,1.500000,2.500000
1057368900,0.500000,1.500000,2.500000
1059723599,0.500000,1.500000,2.500000
1062359099,0.500000,1.500000,2.500000
1067524899,0.500000,1.500000,2.500000
1074510899,0.500000,1.500000,2.500000
1077884699,0.500000,1.500000,2.500000
1079047599,0.500000,1.500000,2.500000
1081334099,0.500000,1.500000,2.500000
1082519899,0.500000,1.500000,2.500000
1084208000,0.500000,1.500000,2.500000
1085808999,0.500000,1.500000,2.500000
1087423600,0.500000,1.500000,2.500000
1089001200,0.500000,1.500000,2.500000
1090774500,0.500000,1.500000,2.500000
1092330399,0.500000,1.500000,2.500000
1093875400,0.500000,1.500000,2.500000
1095459999,0.500000,1.500000,2.500000
1097132499,0.500000,1.500000,2.500000
1098840099,0.500000,1.500000,2.500000
1103116199,0.500000,1.500000,2.500000
1104230500,0.500000,1.500000,2.500000
1106032499,0.500000,1.500000,2.500000
1108602299,0.500000,1.500000,2.500000
1112135899,0.500000,1.500000,2.500000
1116952899,0.500000,1.500000,2.500000
1128844399,0.500000,1.500000,2.500000
1131780600,0.500000,1.500000,2.500000
1133091600,0.500000,1.500000,2.500000
1134628699,0.500000,1.500000,2.500000
1136205099,0.500000,1.500000,2.500000
1137472299,0.500000,1.500000,2.500000
1139026500,0.500000,1.500000,2.500000
1140571500,0.500000,1.500000,2.500000
1142113000,0.500000,1.500000,2.500000
1143725199,0.500000,1.500000,2.500000
1146879200,0.500000,1.500000,2.500000
1147938599,0.500000,1.500000,2.500000
1150347299,0.500000,1.500000,2.500000
1151427899,0.500000,1.500000,2.500000
1152982499,0.500000,1.500000,2.500000
1155441700,0.500000,1.500000,2.500000
1158986900,0.500000,1.500000,2.500000
1163383099,0.500000,1.500000,2.500000
1164945099,0.500000,1.500000,2.500000
1169833100,0.500000,1.500000,2.500000
1171002600,0.500000,1.500000,2.500000
1172692299,0.500000,1.500000,2.500000
1175799600,0.500000,1.500000,2.500000
1178812400,0.500000,1.500000,2.500000
1179861999,0.500000,1.500000,2.500000
1181401499,0.500000,1.500000,2.500000
1182928099,0.500000,1.500000,2.500000
1184449899,0.500000,1.500000,2.500000
1185970499,0.500000,1.500000,2.500000
1187478899,0.500000,1.500000,2.500000
1188569199,0.500000,1.500000,2.500000
1190455500,0.500000,1.500000,2.500000
1192737699,0.500000,1.500000,2.500000
1195950799,0.500000,1.500000,2.500000
1197315599,0.500000,1.500000,2.500000
1198881999,0.500000,1.500000,2.500000
1215654100,0.500000,1.500000,2.500000
1216827600,0.500000,1.500000,2.500000
1220800800,0.500000,1.500000,2.500000
1222550799,0.500000,1.500000,2.500000
1225869599,0.500000,1.500000,2.500000
1227278999,0.500000,1.500000,2.500000
1228623999,0.500000,1.500000,2.500000
1229867900,0.500000,1.500000,2.500000
1231277799,0.500000,1.500000,2.500000
1232399000,0.500000,1.500000,2.500000
1233606299,0.500000,1.500000,2.500000
1235226600,0.500000,1.500000,2.500000
1236320799,0.500000,1.500000,2.500000
1238363500,0.500000,1.500000,2.500000
1239849599,0.500000,1.500000,2.500000
1241492499,0.500000,1.500000,2.500000
1243795999,0.500000,1.500000,2.500000
1245276699,0.500000,1.500000,2.500000
1246749999,0.500000,1.500000,2.500000
1249619599,0.500000,1.500000,2.500000
1254636899,0.500000,1.500000,2.500000
1256242399,0.500000,1.500000,2.500000
1262251000,0.500000,1.500000,2.500000
1265480399,0.500000,1.500000,2.500000
1267165099,0.500000,1.500000,2.500000
1269454299,0.500000,1.500000,2.500000
1270782200,0.500000,1.500000,2.500000
1272427600,0.500000,1.500000,2.500000
1273969599,0.500000,1.500000,2.500000
1275492499,0.500000,1.500000,2.500000
1277020599,0.500000,1.500000,2.500000
1278569699,0.500000,1.500000,2.500000
1280118700,0.500000,1.500000,2.500000
1281656300,0.500000,1.500000,2.500000
1283177899,0.500000,1.500000,2.500000
1284841399,0.500000,1.500000,2.500000
1286409000,0.500000,1.500000,2.500000
1288206899,0.500000,1.500000,2.500000
1291500799,0.500000,1.500000,2.500000
1292616200,0.500000,1.500000,2.500000
1295673699,0.500000,1.500000,2.500000
1304267499,0.500000,1.500000,2.500000
1305992900,0.500000,1.500000,2.500000
1311731599,0.500000,1.500000,2.500000
1316046899,0.500000,1.500000,2.500000
1317661299,0.500000,1.500000,2.500000
1320046199,0.500000,1.500000,2.500000
1321226899,0.500000,1.500000,2.500000
1322327800,0.500000,1.500000,2.500000
1323893000,0.500000,1.500000,2.500000
1325419499,0.500000,1.500000,2.500000
1326942499,0.500000,1.500000,2.500000
1328996199,0.500000,1.500000,2.500000
1331107699,0.500000,1.500000,2.500000
1333628100,0.500000,1.500000,2.500000
1337167099,0.500000,1.500000,2.500000
1338782799,0.500000,1.500000,2.500000
1340419699,0.500000,1.500000,2.500000
1344667199,0.500000,1.500000,2.500000
1349254299,0.500000,1.500000,2.500000
1355202400,0.500000,1.500000,2.500000
1356355399,0.500000,1.500000,2.500000
1359925400,0.500000,1.500000,2.500000
1363413899,0.500000,1.500000,2.500000
1364837000,0.500000,1.500000,2.500000
1366147399,0.500000,1.500000,2.500000
1367578400,0.500000,1.500000,2.500000
1369186299,0.500000,1.500000,2.500000
1370725399,0.500000,1.500000,2.500000
1372280799,0.500000,1.500000,2.500000
1373904100,0.500000,1.500000,2.500000
1375037699,0.500000,1.500000,2.500000
1376601999,0.500000,1.500000,2.500000
1378136799,0.500000,1.500000,2.500000
1379997099,0.500000,1.500000,2.500000
1381429799,0.500000,1.500000,2.500000
1385057399,0.500000,1.500000,2.500000
1386711899,0.500000,1.500000,2.500000
1389245400,0.500000,1.500000,2.500000
1391959000,0.500000,1.500000,2.500000
1397287299,0.500000,1.500000,2.500000
1398782899,0.500000,1.500000,2.500000
1404403100,0.500000,1.500000,2.500000
1405860099,0.500000,1.500000,2.500000
1407027699,0.500000,1.500000,2.500000
1411202800,0.500000,1.500000,2.500000
1413864399,0.500000,1.500000,2.500000
1414905099,0.500000,1.500000,2.500000
1416526900,0.500000,1.500000,2.500000
1417874400,0.500000,1.500000,2.500000
1419410499,0.500000,1.500000,2.500000
1420938499,0.500000,1.500000,2.500000
1423490199,0.500000,1.500000,2.500000
1425313899,0.500000,1.500000,2.500000
1426980999,0.500000,1.500000,2.500000
1429102199,0.500000,1.500000,2.500000
1432058099,0.500000,1.500000,2.500000
1433306200,0.500000,1.500000,2.500000
1435458299,0.500000,1.500000,2.500000
1438137899,0.500000,1.500000,2.500000
1443925300,0.500000,1.500000,2.500000
1445059899,0.500000,1.500000,2.500000
1450248799,0.500000,1.500000,2.500000
1456027399,0.500000,1.500000,2.500000
1457609400,0.500000,1.500000,2.500000
1460557999,0.500000,1.500000,2.500000
1461629199,0.500000,1.500000,2.500000
1463179099,0.500000,1.500000,2.500000
1464705499,0.500000,1.500000,2.500000
1466259199,0.500000,1.500000,2.500000
1468021100,0.500000,1.500000,2.500000
1469772399,0.500000,1.500000,2.500000
1471417499,0.500000,1.500000,2.500000
1473096599,0.500000,1.500000,2.500000
1474763999,0.500000,1.500000,2.500000
1476342499,0.500000,1.500000,2.500000
1480152399,0.500000,1.500000,2.500000
1482385600,0.500000,1.500000,2.500000
1483438600,0.500000,1.500000,2.500000
1488313999,0.500000,1.500000,2.500000
1490606699,0.500000,1.500000,2.500000
1496290299,0.500000,1.500000,2.500000
1497698699,0.500000,1.500000,2.500000
1503044699,0.500000,1.500000,2.500000
1504354899,0.500000,1.500000,2.500000
1506364499,0.500000,1.500000,2.500000
1510446200,0.500000,1.500000,2.500000
1513389499,0.500000,1.500000,2.500000
1514471299,0.500000,1.500000,2.500000
1516010399,0.500000,1.500000,2.500000
1517103300,0.500000,1.500000,2.500000
1518642399,0.500000,1.500000,2.500000
1520165900,0.500000,1.500000,2.500000
1521818599,0.500000,1.500000,2.500000
1523474699,0.500000,1.500000,2.500000
1528717799,0.500000,1.500000,2.500000
1530631299,0.500000,1.500000,2.500000
1532339400,0.500000,1.500000,2.500000
1533939199,0.500000,1.500000,2.500000
1535560199,0.500000,1.500000,2.500000
1542007600,0.500000,1.500000,2.500000
1547178499,0.500000,1.500000,2.500000
1548388700,0.500000,1.500000,2.500000
1549933499,0.500000,1.500000,2.500000
1553746999,0.500000,1.500000,2.500000
1555317899,0.500000,1.500000,2.500000
1557768699,0.500000,1.500000,2.500000
1558829399,0.500000,1.500000,2.500000
1560379199,0.500000,1.500000,2.500000
1561909399,0.500000,1.500000,2.500000
1563432199,0.500000,1.500000,2.500000
1564952299,0.500000,1.500000,2.500000
1566505199,0.500000,1.500000,2.500000
1568142799,0.500000,1.500000,2.500000
1569777299,0.500000,1.500000,2.500000
1572932600,0.500000,1.500000,2.500000
1576444300,0.500000,1.500000,2.500000
1578037499,0.500000,1.500000,2.500000
1580366800,0.500000,1.500000,2.500000
1583376800,0.500000,1.500000,2.500000
1590397499,0.500000,1.500000,2.500000
1595526299,0.500000,1.500000,2.500000
1596747399,0.500000,1.500000,2.500000
1601623199,0.500000,1.500000,2.500000
1607062999,0.500000,1.500000,2.500000
1608194200,0.500000,1.500000,2.500000
1609736099,0.500000,1.500000,2.500000
1611274599,0.500000,1.500000,2.500000
1612809899,0.500000,1.500000,2.500000
1614357999,0.500000,1.500000,2.500000
1617106199,0.500000,1.500000,2.500000
1618494299,0.500000,1.500000,2.500000
1622029400,0.500000,1.500000,2.500000
1623601499,0.500000,1.500000,2.500000
1625151599,0.500000,1.500000,2.500000
1627234999,0.500000,1.500000,2.500000
1630355000,0.500000,1.500000,2.500000
1636330699,0.500000,1.500000,2.500000
1637570599,0.500000,1.500000,2.500000
1639149999,0.500000,1.500000,2.500000
1644076899,0.500000,1.500000,2.500000
1645159399,0.500000,1.500000,2.500000
1650394799,0.500000,1.500000,2.500000
1653873700,0.500000,1.500000,2.500000
1654979899,0.500000,1.500000,2.500000
1656560199,0.500000,1.500000,2.500000
1658530599,0.500000,1.500000,2.500000
1660077900,0.500000,1.500000,2.500000
1661647000,0.500000,1.500000,2.500000
1663353299,0.500000,1.500000,2.500000
1666209600,0.500000,1.500000,2.500000
1667959899,0.500000,1.500000,2.500000
1671068899,0.500000,1.500000,2.500000
1672658700,0.500000,1.500000,2.500000
1674872499,0.500000,1.500000,2.500000
1678265700,0.500000,1.500000,2.500000
1683814099,0.500000,1.500000,2.500000
1689945999,0.500000,1.500000,2.500000
1692922399,0.500000,1.500000,2.500000
1694511399,0.500000,1.500000,2.500000
1697134800,0.500000,1.500000,2.500000
1698622899,0.500000,1.500000,2.500000
1700643600,0.500000,1.500000,2.500000
1701790300,0.500000,1.500000,2.500000
1703439999,0.500000,1.500000,2.500000
1704990799,0.500000,1.500000,2.500000
1706753099,0.500000,1.500000,2.500000
1707886899,0.500000,1.500000,2.500000
1709815999,0.500000,1.500000,2.500000
1711611699,0.500000,1.500000,2.500000
1714511999,0.500000,1.500000,2.500000
1715817799,0.500000,1.500000,2.500000
1718601000,0.500000,1.500000,2.500000
1723410999,0.500000,1.500000,2.500000
1729087100,0.500000,1.500000,2.500000
1735837699,0.500000,1.500000,2.500000
1737236900,0.500000,1.500000,2.500000
1742105599,0.500000,1.500000,2.500000
1745005500,0.500000,1.500000,2.500000
1746055099,0.500000,1.500000,2.500000
1747707599,0.500000,1.500000,2.500000
1749273399,0.500000,1.500000,2.500000
1750809400,0.500000,1.500000,2.500000
1752346399,0.500000,1.500000,2.500000
1753891399,0.500000,1.500000,2.500000
1755650099,0.500000,1.500000,2.500000
1757820899,0.500000,1.500000,2.500000
1759082799,0.500000,1.500000,2.500000
1760227499,0.500000,1.500000,2.500000
1763070799,0.500000,1.500000,2.500000
1764131999,0.500000,1.500000,2.500000
1765708099,0.500000,1.500000,2.500000
1767716900,0.500000,1.500000,2.500000
1771819299,0.500000,1.500000,2.500000
1779115799,0.500000,1.500000,2.500000
1785269799,0.500000,1.500000,2.500000
1790906499,0.500000,1.500000,2.500000
1793381299,0.500000,1.500000,2.500000
1794461999,0.500000,1.500000,2.500000
1796461799,0.500000,1.500000,2.500000
1797537599,0.500000,1.500000,2.500000
1798588999,0.500000,1.500000,2.500000
1800123100,0.500000,1.500000,2.500000
1801652900,0.500000,1.500000,2.500000
1803381500,0.500000,1.500000,2.500000
1806452899,0.500000,1.500000,2.500000
1808110400,0.500000,1.500000,2.500000
1811206899,0.500000,1.500000,2.500000
1812340199,0.500000,1.500000,2.500000
1815095799,0.500000,1.500000,2.500000
1816849099,0.500000,1.500000,2.500000
1823375299,0.500000,1.500000,2.500000
1826948399,0.500000,1.500000,2.500000
1828514399,0.500000,1.500000,2.500000
1834918199,0.500000,1.500000,2.500000
1836001299,0.500000,1.500000,2.500000
1837775699,0.500000,1.500000,2.500000
1840409399,0.500000,1.500000,2.500000
1842973099,0.500000,1.500000,2.500000
1844938099,0.500000,1.500000,2.500000
1847928600,0.500000,1.500000,2.500000
1849047399,0.500000,1.500000,2.500000
1850700599,0.500000,1.500000,2.500000
1852452799,0.500000,1.500000,2.500000
1855153899,0.500000,1.500000,2.500000
1857025799,0.500000,1.500000,2.500000
1862819499,0.500000,1.500000,2.500000
1869588099,0.500000,1.500000,2.500000
1875272099,0.500000,1.500000,2.500000
1876385399,0.500000,1.500000,2.500000
1878808499,0.500000,1.500000,2.500000
1879907800,0.500000,1.500000,2.500000
1881547099,0.500000,1.500000,2.500000
1883130599,0.500000,1.500000,2.500000
1884703799,0.500000,1.500000,2.500000
1886246699,0.500000,1.500000,2.500000
1887803400,0.500000,1.500000,2.500000
1889381399,0.500000,1.500000,2.500000
1891028400,0.500000,1.500000,2.500000
1892585099,0.500000,1.500000,2.500000
1894118700,0.500000,1.500000,2.500000
1895650799,0.500000,1.500000,2.500000
1897272499,0.500000,1.500000,2.500000
1899046699,0.500000,1.500000,2.500000
1903033800,0.500000,1.500000,2.500000
1904339399,0.500000,1.500000,2.500000
1906995999,0.500000,1.500000,2.500000
1908182799,0.500000,1.500000,2.500000
1909992599,0.500000,1.500000,2.500000
1911946200,0.500000,1.500000,2.500000
1918194999,0.500000,1.500000,2.500000
1919777800,0.500000,1.500000,2.500000
1925959899,0.500000,1.500000,2.500000
1932686699,0.500000,1.500000,2.500000
1936991900,0.500000,1.500000,2.500000
1938470599,0.500000,1.500000,2.500000
1940922099,0.500000,1.500000,2.500000
1947415599,0.500000,1.500000,2.500000
1948582299,0.500000,1.500000,2.500000
1950218199,0.500000,1.500000,2.500000
1952184499,0.500000,1.500000,2.500000
1953322699,0.500000,1.500000,2.500000
1956432599,0.500000,1.500000,2.500000
1961751199,0.500000,1.500000,2.500000
1963313699,0.500000,1.500000,2.500000
1968983899,0.500000,1.500000,2.500000
1970851999,0.500000,1.500000,2.500000
1972288299,0.500000,1.500000,2.500000
1975689699,0.500000,1.500000,2.500000
1978981299,0.500000,1.500000,2.500000
1980041399,0.500000,1.500000,2.500000
1981585699,0.500000,1.500000,2.500000
1983119799,0.500000,1.500000,2.500000
1984651999,0.500000,1.500000,2.500000
1986190099,0.500000,1.500000,2.500000
1988139900,0.500000,1.500000,2.500000
1989669800,0.500000,1.500000,2.500000
1991298100,0.500000,1.500000,2.500000
1992364099,0.500000,1.500000,2.500000
1994120999,0.500000,1.500000,2.500000
1997094699,0.500000,1.500000,2.500000
1998144099,0.500000,1.500000,2.500000
2000299999,0.500000,1.500000,2.500000
2001497500,0.500000,1.500000,2.500000
2004431399,0.500000,1.500000,2.500000
2010569400,0.500000,1.500000,2.500000
2011639500,0.500000,1.500000,2.500000
2016338900,0.500000,1.500000,2.500000
2017849600,0.500000,1.500000,2.500000
2022228000,0.500000,1.500000,2.500000
2023302199,0.500000,1.500000,2.500000
2025979099,0.500000,1.500000,2.500000
2027247099,0.500000,1.500000,2.500000
2028991300,0.500000,1.500000,2.500000
2030654900,0.500000,1.500000,2.500000
2032202399,0.500000,1.500000,2.500000
2034104599,0.500000,1.500000,2.500000
2035404800,0.500000,1.500000,2.500000
2039561199,0.500000,1.500000,2.500000
2040631799,0.500000,1.500000,2.500000
2042365399,0.500000,1.500000,2.500000
2044075300,0.500000,1.500000,2.500000
2045999999,0.500000,1.500000,2.500000
2050027899,0.500000,1.500000,2.500000
2051507199,0.500000,1.500000,2.500000
2059103499,0.500000,1.500000,2.500000
2060412799,0.500000,1.500000,2.500000
2062836899,0.500000,1.500000,2.500000
2064194599,0.500000,1.500000,2.500000
2067704100,0.500000,1.500000,2.500000
2069116799,0.500000,1.500000,2.500000
2070730799,0.500000,1.500000,2.500000
2072301699,0.500000,1.500000,2.500000
2073981699,0.500000,1.500000,2.500000
2075526799,0.500000,1.500000,2.500000
2077487199,0.500000,1.500000,2.500000
2078764300,0.500000,1.500000,2.500000
2080324399,0.500000,1.500000,2.500000
2081869399,0.500000,1.500000,2.500000
2083402600,0.500000,1.500000,2.500000
2084935300,0.500000,1.500000,2.500000
2086791000,0.500000,1.500000,2.500000
2088703699,0.500000,1.500000,2.500000
2089868199,0.500000,1.500000,2.500000
2092910699,0.500000,1.500000,2.500000
2094430299,0.500000,1.500000,2.500000
2097357699,0.500000,1.500000,2.500000
2099840999,0.500000,1.500000,2.500000
2104606000,0.500000,1.500000,2.500000
2112466200,0.500000,1.500000,2.500000
2113664500,0.500000,1.500000,2.500000
2120803999,0.500000,1.500000,2.500000
2126705299,0.500000,1.500000,2.500000
2128036599,0.500000,1.500000,2.500000
2134432399,0.500000,1.500000,2.500000
2135659399,0.500000,1.500000,2.500000
2138348799,0.500000,1.500000,2.500000
2140060599,0.500000,1.500000,2.500000
2141285599,0.500000,1.500000,2.500000
2145438499,0.500000,1.500000,2.500000
2146883800,0.500000,1.500000,2.500000
2148412999,0.500000,1.500000,2.500000
2150927299,0.500000,1.500000,2.500000
2153145199,0.500000,1.500000,2.500000
2154670099,0.500000,1.500000,2.500000
2158154500,0.500000,1.500000,2.500000
2166027899,0.500000,1.500000,2.500000
2167603499,0.500000,1.500000,2.500000
2169204300,0.500000,1.500000,2.500000
2176233599,0.500000,1.500000,2.500000
2180345599,0.500000,1.500000,2.500000
2181991599,0.500000,1.500000,2.500000
2188164799,0.500000,1.500000,2.500000
2189657399,0.500000,1.500000,2.500000
2192351599,0.500000,1.500000,2.500000
2194156099,0.500000,1.500000,2.500000
2198537799,0.500000,1.500000,2.500000
2199746799,0.500000,1.500000,2.500000
2201274300,0.500000,1.500000,2.500000
2202870799,0.500000,1.500000,2.500000
2205154099,0.500000,1.500000,2.500000
2207563099,0.500000,1.500000,2.500000
2210715499,0.500000,1.500000,2.500000
2213568599,0.500000,1.500000,2.500000
2222130299,0.500000,1.500000,2.500000
2223784699,0.500000,1.500000,2.500000
2225393000,0.500000,1.500000,2.500000
2228733099,0.500000,1.500000,2.500000
2229999600,0.500000,1.500000,2.500000
2231523299,0.500000,1.500000,2.500000
2233544800,0.500000,1.500000,2.500000
2235823299,0.500000,1.500000,2.500000
2237831999,0.500000,1.500000,2.500000
2242701600,0.500000,1.500000,2.500000
2252501099,0.500000,1.500000,2.500000
2254084399,0.500000,1.500000,2.500000
2255773099,0.500000,1.500000,2.500000
2257438399,0.500000,1.500000,2.500000
2259053199,0.500000,1.500000,2.500000
2260651699,0.500000,1.500000,2.500000
2265158700,0.500000,1.500000,2.500000
2266458599,0.500000,1.500000,2.500000
2267826999,0.500000,1.500000,2.500000
2279871599,0.500000,1.500000,2.500000
2280971599,0.500000,1.500000,2.500000
2284963099,0.500000,1.500000,2.500000
2286051399,0.500000,1.500000,2.500000
2287617800,0.500000,1.500000,2.500000
2290197299,0.500000,1.500000,2.500000
2292109000,0.500000,1.500000,2.500000
2293208099,0.500000,1.500000,2.500000
2297277300,0.500000,1.500000,2.500000
2298899199,0.500000,1.500000,2.500000
2302018099,0.500000,1.500000,2.500000
2304310300,0.500000,1.500000,2.500000
2308717399,0.500000,1.500000,2.500000
2310814699,0.500000,1.500000,2.500000
2317886099,0.500000,1.500000,2.500000
2321973199,0.500000,1.500000,2.500000
2323636299,0.500000,1.500000,2.500000
2326878499,0.500000,1.500000,2.500000
2328722300,0.500000,1.500000,2.500000
2331938399,0.500000,1.500000,2.500000
2334462899,0.500000,1.500000,2.500000
2339166400,0.500000,1.500000,2.500000
2341884399,0.500000,1.500000,2.500000
2347903699,0.500000,1.500000,2.500000
2351667800,0.500000,1.500000,2.500000
2353020999,0.500000,1.500000,2.500000
2354556300,0.500000,1.500000,2.500000
2356680999,0.500000,1.500000,2.500000
2362478700,0.500000,1.500000,2.500000
2363623500,0.500000,1.500000,2.500000
2365350499,0.500000,1.500000,2.500000
2378347099,0.500000,1.500000,2.500000
2379521499,0.500000,1.500000,2.500000
2384696499,0.500000,1.500000,2.500000
2386045100,0.500000,1.500000,2.500000
2387881800,0.500000,1.500000,2.500000
2391149800,0.500000,1.500000,2.500000
2396028099,0.500000,1.500000,2.500000
2397278899,0.500000,1.500000,2.500000
2398893599,0.500000,1.500000,2.500000
2400394600,0.500000,1.500000,2.500000
2402155099,0.500000,1.500000,2.500000
2404467200,0.500000,1.500000,2.500000
2405918799,0.500000,1.500000,2.500000
2407548199,0.500000,1.500000,2.500000
2409117899,0.500000,1.500000,2.500000
2413365899,0.500000,1.500000,2.500000
2422429099,0.500000,1.500000,2.500000
2424099199,0.500000,1.500000,2.500000
2425381799,0.500000,1.500000,2.500000
2427949699,0.500000,1.500000,2.500000
2429840199,0.500000,1.500000,2.500000
2430949000,0.500000,1.500000,2.500000
2432546899,0.500000,1.500000,2.500000
2434299399,0.500000,1.500000,2.500000
2439125500,0.500000,1.500000,2.500000
2441035600,0.500000,1.500000,2.500000
2443582200,0.500000,1.500000,2.500000
2450669300,0.500000,1.500000,2.500000
2453243799,0.500000,1.500000,2.500000
2454870599,0.500000,1.500000,2.500000
2456487600,0.500000,1.500000,2.500000
2458061899,0.500000,1.500000,2.500000
2462059599,0.500000,1.500000,2.500000
2463244400,0.500000,1.500000,2.500000
2464844900,0.500000,1.500000,2.500000
2477448300,0.500000,1.500000,2.500000
2479088599,0.500000,1.500000,2.500000
2483365200,0.500000,1.500000,2.500000
2484703299,0.500000,1.500000,2.500000
2487710099,0.500000,1.500000,2.500000
2489369199,0.500000,1.500000,2.500000
2491341900,0.500000,1.500000,2.500000
2496055899,0.500000,1.500000,2.500000
2497729599,0.500000,1.500000,2.500000
2499603600,0.500000,1.500000,2.500000
2501749700,0.500000,1.500000,2.500000
2506167200,0.500000,1.500000,2.500000
2510288899,0.500000,1.500000,2.500000
2513188799,0.500000,1.500000,2.500000
2521356599,0.500000,1.500000,2.500000
2522669599,0.500000,1.500000,2.500000
2525128699,0.500000,1.500000,2.500000
2526792099,0.500000,1.500000,2.500000
2528417599,0.500000,1.500000,2.500000
2530097999,0.500000,1.500000,2.500000
2531729900,0.500000,1.500000,2.500000
2534250899,0.500000,1.500000,2.500000
2535861099,0.500000,1.500000,2.500000
2537959299,0.500000,1.500000,2.500000
2541469199,0.500000,1.500000,2.500000
2549227600,0.500000,1.500000,2.500000
2551927900,0.500000,1.500000,2.500000
2553383599,0.500000,1.500000,2.500000
2554967999,0.500000,1.500000,2.500000
2557527699,0.500000,1.500000,2.500000
2564072799,0.500000,1.500000,2.500000
2566289099,0.500000,1.500000,2.500000
2574836599,0.500000,1.500000,2.500000
2577753999,0.500000,1.500000,2.500000
2579079199,0.500000,1.500000,2.500000
2581093599,0.500000,1.500000,2.500000
2585179499,0.500000,1.500000,2.500000
2586529599,0.500000,1.500000,2.500000
2588192999,0.500000,1.500000,2.500000
2591033799,0.500000,1.500000,2.500000
2592424199,0.500000,1.500000,2.500000
2596432899,0.500000,1.500000,2.500000
2598124299,0.500000,1.500000,2.500000
2601445399,0.500000,1.500000,2.500000
2602999399,0.500000,1.500000,2.500000
2607020600,0.500000,1.500000,2.500000
2608747599,0.500000,1.500000,2.500000
2611504199,0.500000,1.500000,2.500000
2619620500,0.500000,1.500000,2.500000
2621206199,0.500000,1.500000,2.500000
2622500699,0.500000,1.500000,2.500000
2624935599,0.500000,1.500000,2.500000
2627108900,0.500000,1.500000,2.500000
2628396399,0.500000,1.500000,2.500000
2631289999,0.500000,1.500000,2.500000
2632897600,0.500000,1.500000,2.500000
2634973200,0.500000,1.500000,2.500000
2637276800,0.500000,1.500000,2.500000
2640881799,0.500000,1.500000,2.500000
2643397599,0.500000,1.500000,2.500000
2649903599,0.500000,1.500000,2.500000
2652559900,0.500000,1.500000,2.500000
2654065399,0.500000,1.500000,2.500000
2655623699,0.500000,1.500000,2.500000
2656890999,0.500000,1.500000,2.500000
2658433899,0.500000,1.500000,2.500000
2663017099,0.500000,1.500000,2.500000
2664497300,0.500000,1.500000,2.500000
2678448899,0.500000,1.500000,2.500000
2683384500,0.500000,1.500000,2.500000
2684870999,0.500000,1.500000,2.500000
