0.010309 -0.006091 0.240000 0.840000 0.002119 -0.007923 0.000000 0.000000 0.007022 -0.006935 0.106667 0.400000
0.009774 -0.006137 0.186667 0.600000 0.002249 -0.007918 0.000000 0.000000 0.007618 -0.007043 0.080000 0.360000
0.009184 -0.005798 0.160000 0.480000 0.002280 -0.007926 0.000000 0.000000 0.006940 -0.007214 0.080000 0.400000
0.010330 -0.005392 0.080000 0.360000 0.002283 -0.007897 0.000000 0.000000 0.006782 -0.007072 0.106667 0.320000
0.011028 -0.005274 0.186667 0.520000 0.002248 -0.007892 0.000000 0.000000 0.007226 -0.006816 0.106667 0.320000
0.011547 -0.005332 0.346667 0.720000 0.002076 -0.007911 0.000000 0.000000 0.007242 -0.006395 0.106667 0.320000
0.010044 -0.005999 0.186667 0.640000 0.002142 -0.007917 0.000000 0.000000 0.007171 -0.006549 0.133333 0.360000
0.008771 -0.006421 0.133333 0.640000 0.002178 -0.007917 0.000000 0.000000 0.005788 -0.007299 0.080000 0.480000
0.009966 -0.005956 0.213333 0.680000 0.002228 -0.007911 0.000000 0.000000 0.006874 -0.007182 0.053333 0.560000
0.012860 -0.004169 0.186667 0.600000 0.002231 -0.007909 0.000000 0.000000 0.008262 -0.006627 0.106667 0.640000
0.012557 -0.004316 0.213333 0.760000 0.002146 -0.007910 0.000000 0.000000 0.008154 -0.006543 0.106667 0.560000
0.008024 -0.006337 0.186667 0.560000 0.002366 -0.007882 0.000000 0.000000 0.005851 -0.007327 0.053333 0.280000
0.010306 -0.006054 0.160000 0.520000 0.002674 -0.007850 0.000000 0.000000 0.006541 -0.007107 0.053333 0.360000
0.009856 -0.006503 0.160000 0.480000 0.002412 -0.007874 0.000000 0.000000 0.007223 -0.006965 0.133333 0.320000
0.013345 -0.004737 0.186667 0.600000 0.002422 -0.007897 0.000000 0.040000 0.007250 -0.007172 0.133333 0.360000
0.015441 -0.004587 0.266667 0.680000 0.002455 -0.007878 0.000000 0.040000 0.007597 -0.006874 0.106667 0.400000
0.012800 -0.005978 0.186667 0.520000 0.002256 -0.007910 0.000000 0.000000 0.006672 -0.006963 0.080000 0.400000
0.012341 -0.005987 0.186667 0.480000 0.002541 -0.007905 0.000000 0.000000 0.008161 -0.006674 0.133333 0.360000
0.010396 -0.005079 0.133333 0.440000 0.002536 -0.007923 0.000000 0.000000 0.007362 -0.006656 0.133333 0.360000
0.002897 -0.007790 0.000000 0.080000 0.009214 -0.006186 0.213333 0.320000 0.002439 -0.007909 0.000000 0.000000
0.003011 -0.007795 0.000000 0.120000 0.008098 -0.006296 0.160000 0.320000 0.002506 -0.007892 0.000000 0.000000
0.003103 -0.007814 0.000000 0.080000 0.006996 -0.006597 0.106667 0.360000 0.002248 -0.007881 0.000000 0.000000
0.002890 -0.007829 0.000000 0.000000 0.006721 -0.006877 0.053333 0.200000 0.002076 -0.007899 0.000000 0.000000
0.002721 -0.007847 0.000000 0.040000 0.007162 -0.006837 0.106667 0.120000 0.002123 -0.007895 0.000000 0.040000
0.002863 -0.007832 0.000000 0.040000 0.007669 -0.006611 0.106667 0.240000 0.002280 -0.007893 0.000000 0.040000
0.002766 -0.007842 0.000000 0.000000 0.004381 -0.007413 0.053333 0.280000 0.002285 -0.007935 0.000000 0.000000
0.002735 -0.007785 0.000000 0.160000 0.007617 -0.006444 0.133333 0.280000 0.002374 -0.007930 0.000000 0.000000
0.002957 -0.007769 0.000000 0.160000 0.007189 -0.006604 0.133333 0.160000 0.002306 -0.007916 0.000000 0.000000
0.002899 -0.007848 0.000000 0.000000 0.006681 -0.006980 0.106667 0.120000 0.002296 -0.007883 0.000000 0.000000
0.003014 -0.007802 0.000000 0.080000 0.006918 -0.006576 0.133333 0.240000 0.002451 -0.007856 0.000000 0.000000
0.003199 -0.007725 0.000000 0.120000 0.007557 -0.006030 0.133333 0.320000 0.002264 -0.007868 0.000000 0.000000
0.003550 -0.007732 0.000000 0.080000 0.007334 -0.006473 0.080000 0.240000 0.002129 -0.007882 0.000000 0.000000
0.003925 -0.007755 0.000000 0.120000 0.005203 -0.007207 0.053333 0.160000 0.002401 -0.007876 0.000000 0.000000
0.003373 -0.007829 0.000000 0.080000 0.005601 -0.007083 0.053333 0.280000 0.002537 -0.007864 0.000000 0.000000
0.003143 -0.007838 0.000000 0.040000 0.004295 -0.007470 0.080000 0.280000 0.002538 -0.007876 0.000000 0.000000
0.003040 -0.007798 0.000000 0.040000 0.007022 -0.006626 0.106667 0.200000 0.002381 -0.007888 0.000000 0.000000
0.007016 -0.006846 0.106667 0.280000 0.006026 -0.006875 0.053333 0.120000 0.002375 -0.007872 0.000000 0.040000
0.009846 -0.006254 0.186667 0.560000 0.004135 -0.007431 0.053333 0.280000 0.002847 -0.007809 0.000000 0.080000
0.007519 -0.007183 0.053333 0.360000 0.002749 -0.007833 0.000000 0.080000 0.008684 -0.005869 0.186667 0.640000
0.011157 -0.004853 0.186667 0.520000 0.003154 -0.007817 0.000000 0.120000 0.010152 -0.005497 0.266667 0.680000
0.012348 -0.004717 0.186667 0.600000 0.005425 -0.007339 0.000000 0.120000 0.011840 -0.004963 0.240000 0.560000
0.007867 -0.007043 0.106667 0.440000 0.005231 -0.007379 0.000000 0.080000 0.009129 -0.006024 0.160000 0.360000
0.010466 -0.005268 0.133333 0.640000 0.002365 -0.007903 0.000000 0.040000 0.009274 -0.006574 0.186667 0.400000
0.008431 -0.005586 0.053333 0.400000 0.002265 -0.007910 0.000000 0.040000 0.006785 -0.007244 0.133333 0.320000
0.005571 -0.007300 0.080000 0.400000 0.002317 -0.007902 0.000000 0.000000 0.007849 -0.006728 0.213333 0.560000
0.005729 -0.007393 0.106667 0.360000 0.004855 -0.007363 0.026667 0.160000 0.007064 -0.006828 0.186667 0.560000
0.005814 -0.007312 0.053333 0.320000 0.004706 -0.007354 0.026667 0.160000 0.004699 -0.007491 0.106667 0.280000
0.009908 -0.005755 0.133333 0.600000 0.002101 -0.007887 0.000000 0.040000 0.006704 -0.007208 0.106667 0.400000
0.010100 -0.005863 0.106667 0.480000 0.002135 -0.007875 0.000000 0.040000 0.006897 -0.007116 0.026667 0.320000
0.011549 -0.005955 0.133333 0.440000 0.002191 -0.007903 0.000000 0.000000 0.008470 -0.006718 0.053333 0.400000
0.010024 -0.006278 0.080000 0.400000 0.003260 -0.007673 0.000000 0.040000 0.006852 -0.007005 0.026667 0.400000
0.009367 -0.005564 0.080000 0.440000 0.004691 -0.007426 0.026667 0.120000 0.006280 -0.007051 0.106667 0.520000
0.009984 -0.005363 0.160000 0.440000 0.003624 -0.007771 0.026667 0.040000 0.007873 -0.006780 0.160000 0.480000
0.008315 -0.006591 0.106667 0.480000 0.002204 -0.007925 0.000000 0.000000 0.006555 -0.007027 0.133333 0.280000
0.011665 -0.005935 0.240000 0.600000 0.002317 -0.007892 0.000000 0.000000 0.006495 -0.007087 0.133333 0.320000
0.010260 -0.006420 0.293333 0.560000 0.002326 -0.007880 0.000000 0.000000 0.006095 -0.007032 0.080000 0.360000
0.011787 -0.005778 0.320000 0.480000 0.002403 -0.007907 0.000000 0.000000 0.009007 -0.005771 0.080000 0.440000
0.013167 -0.005975 0.080000 0.280000 0.002220 -0.007897 0.000000 0.000000 0.008797 -0.006753 0.133333 0.560000
0.011409 -0.004940 0.133333 0.520000 0.004650 -0.007353 0.053333 0.120000 0.007417 -0.006883 0.133333 0.520000
0.011331 -0.005193 0.133333 0.760000 0.004683 -0.007356 0.053333 0.120000 0.006155 -0.007333 0.053333 0.280000
0.011337 -0.006147 0.106667 0.680000 0.002205 -0.007910 0.000000 0.000000 0.006896 -0.007157 0.106667 0.360000
0.012358 -0.006170 0.160000 0.560000 0.002003 -0.007923 0.000000 0.000000 0.007402 -0.007211 0.106667 0.400000
0.011755 -0.006041 0.213333 0.480000 0.002130 -0.007906 0.000000 0.000000 0.006552 -0.007451 0.106667 0.280000
0.012040 -0.006007 0.266667 0.560000 0.002179 -0.007899 0.000000 0.000000 0.006991 -0.007479 0.026667 0.320000
0.010753 -0.006657 0.186667 0.440000 0.002659 -0.007856 0.000000 0.040000 0.007771 -0.007301 0.053333 0.360000
0.009418 -0.005878 0.160000 0.400000 0.002517 -0.007876 0.000000 0.040000 0.005728 -0.007271 0.080000 0.280000
0.010064 -0.005436 0.106667 0.480000 0.002073 -0.007910 0.000000 0.000000 0.007688 -0.006149 0.133333 0.440000
0.009104 -0.005843 0.213333 0.480000 0.002329 -0.007918 0.000000 0.000000 0.007407 -0.006252 0.133333 0.320000
0.010615 -0.006056 0.240000 0.560000 0.002405 -0.007892 0.000000 0.040000 0.006710 -0.006674 0.266667 0.360000
0.011720 -0.005908 0.160000 0.560000 0.002235 -0.007875 0.000000 0.040000 0.006145 -0.006670 0.213333 0.360000
0.010502 -0.006077 0.186667 0.400000 0.002373 -0.007874 0.000000 0.000000 0.006360 -0.006973 0.133333 0.360000
0.008497 -0.006540 0.186667 0.400000 0.002389 -0.007867 0.000000 0.000000 0.006788 -0.006939 0.160000 0.480000
0.008358 -0.006672 0.160000 0.440000 0.002367 -0.007901 0.000000 0.000000 0.008357 -0.006185 0.053333 0.440000
0.009188 -0.006459 0.160000 0.560000 0.002337 -0.007909 0.000000 0.000000 0.007754 -0.006331 0.053333 0.280000
0.009996 -0.006591 0.133333 0.640000 0.002322 -0.007904 0.000000 0.040000 0.006786 -0.006882 0.133333 0.360000
0.009667 -0.006536 0.186667 0.560000 0.002645 -0.007875 0.000000 0.080000 0.006846 -0.006599 0.133333 0.480000
0.006421 -0.006940 0.106667 0.440000 0.002107 -0.007925 0.000000 0.000000 0.006212 -0.007398 0.026667 0.320000
0.005901 -0.007338 0.080000 0.280000 0.002519 -0.007892 0.000000 0.000000 0.005881 -0.007292 0.160000 0.520000
0.006178 -0.007109 0.133333 0.400000 0.002658 -0.007884 0.000000 0.000000 0.006194 -0.007052 0.186667 0.560000
0.006878 -0.006842 0.160000 0.440000 0.002213 -0.007931 0.000000 0.000000 0.006246 -0.007175 0.080000 0.360000
0.005971 -0.007169 0.160000 0.320000 0.002012 -0.007913 0.000000 0.000000 0.005577 -0.007439 0.026667 0.320000
0.007826 -0.007011 0.133333 0.320000 0.002521 -0.007875 0.000000 0.000000 0.005773 -0.007184 0.053333 0.400000
0.007026 -0.007140 0.106667 0.280000 0.002731 -0.007884 0.000000 0.000000 0.006117 -0.007107 0.053333 0.280000
0.005928 -0.007391 0.053333 0.360000 0.002408 -0.007903 0.000000 0.000000 0.005564 -0.007479 0.053333 0.240000
0.006627 -0.007289 0.080000 0.480000 0.002267 -0.007906 0.000000 0.000000 0.006487 -0.007358 0.106667 0.440000
0.005752 -0.007325 0.106667 0.400000 0.002552 -0.007869 0.000000 0.000000 0.007033 -0.007139 0.186667 0.520000
0.006556 -0.007298 0.106667 0.520000 0.002468 -0.007880 0.000000 0.000000 0.006849 -0.007039 0.133333 0.560000
0.006873 -0.007262 0.106667 0.440000 0.002061 -0.007907 0.000000 0.000000 0.006194 -0.007146 0.000000 0.400000
0.010183 -0.006050 0.160000 0.480000 0.002238 -0.007885 0.000000 0.000000 0.008139 -0.006587 0.080000 0.480000
0.008978 -0.006412 0.106667 0.320000 0.002416 -0.007886 0.000000 0.000000 0.007015 -0.006822 0.080000 0.440000
0.005962 -0.007654 0.026667 0.200000 0.002588 -0.007887 0.000000 0.000000 0.006551 -0.007354 0.106667 0.400000
0.007693 -0.007304 0.053333 0.320000 0.002573 -0.007898 0.000000 0.000000 0.009382 -0.006678 0.186667 0.560000
0.008644 -0.006899 0.133333 0.480000 0.002117 -0.007930 0.000000 0.000000 0.010093 -0.006719 0.186667 0.360000
0.008181 -0.006944 0.106667 0.480000 0.002425 -0.007941 0.000000 0.000000 0.007352 -0.007403 0.106667 0.280000
0.010807 -0.006125 0.133333 0.400000 0.002809 -0.007923 0.000000 0.000000 0.007142 -0.006589 0.106667 0.400000
0.009396 -0.006037 0.053333 0.240000 0.004319 -0.007400 0.026667 0.120000 0.007996 -0.006720 0.080000 0.360000
0.008953 -0.006041 0.160000 0.520000 0.006174 -0.006939 0.133333 0.280000 0.004207 -0.007595 0.000000 0.320000
0.015604 -0.003281 0.373333 0.640000 0.009361 -0.006131 0.213333 0.400000 0.006290 -0.007131 0.026667 0.280000
0.012174 -0.004614 0.213333 0.400000 0.004955 -0.007092 0.080000 0.120000 0.008343 -0.006786 0.053333 0.200000
0.012152 -0.003989 0.186667 0.560000 0.004340 -0.007386 0.026667 0.160000 0.006163 -0.007383 0.000000 0.080000
0.017633 0.001052 0.373333 0.800000 0.009316 -0.006399 0.053333 0.320000 0.004156 -0.007677 0.026667 0.120000
0.028431 0.006509 0.346667 0.720000 0.008303 -0.006394 0.053333 0.320000 0.004860 -0.007572 0.053333 0.160000
0.037948 0.012823 0.426667 0.840000 0.004965 -0.007496 0.000000 0.120000 0.007907 -0.006719 0.106667 0.360000
0.028040 0.007836 0.373333 0.720000 0.004798 -0.007322 0.026667 0.160000 0.006738 -0.006816 0.106667 0.360000
0.022327 0.002303 0.346667 0.720000 0.006811 -0.007069 0.080000 0.160000 0.003904 -0.007700 0.000000 0.200000
0.023397 0.000858 0.320000 0.760000 0.005548 -0.007306 0.053333 0.080000 0.004073 -0.007653 0.000000 0.160000
0.023065 -0.001821 0.320000 0.720000 0.002714 -0.007870 0.000000 0.000000 0.005263 -0.007599 0.026667 0.200000
0.025754 0.006650 0.400000 0.800000 0.004753 -0.007327 0.053333 0.120000 0.004927 -0.007637 0.026667 0.240000
0.022060 0.007411 0.506667 0.920000 0.005105 -0.007302 0.053333 0.120000 0.004197 -0.007367 0.080000 0.520000
0.025994 0.010138 0.560000 0.880000 0.004805 -0.007283 0.026667 0.040000 0.004367 -0.007402 0.053333 0.440000
0.026852 0.008824 0.373333 0.680000 0.004621 -0.007323 0.026667 0.040000 0.004009 -0.007681 0.080000 0.240000
0.013159 -0.003790 0.160000 0.360000 0.002702 -0.007865 0.000000 0.000000 0.003892 -0.007744 0.053333 0.240000
0.016451 -0.000311 0.240000 0.600000 0.004740 -0.007470 0.026667 0.120000 0.003996 -0.007745 0.000000 0.240000
0.025645 0.002482 0.533333 1.040000 0.005946 -0.007157 0.080000 0.240000 0.005052 -0.007438 0.026667 0.400000
0.009637 -0.006515 0.080000 0.560000 0.002387 -0.007867 0.000000 0.040000 0.009945 -0.006464 0.240000 0.680000
0.009267 -0.006807 0.186667 0.560000 0.004005 -0.007771 0.000000 0.120000 0.016043 -0.004492 0.293333 0.720000
0.013676 -0.005469 0.240000 0.840000 0.003717 -0.007773 0.000000 0.080000 0.016918 -0.003522 0.240000 0.600000
0.012342 -0.005694 0.240000 0.560000 0.002480 -0.007874 0.000000 0.000000 0.009842 -0.005358 0.213333 0.440000
0.010033 -0.005093 0.106667 0.320000 0.004857 -0.007513 0.026667 0.080000 0.008324 -0.006357 0.133333 0.440000
0.009164 -0.005413 0.133333 0.520000 0.004830 -0.007503 0.026667 0.080000 0.006959 -0.006887 0.160000 0.520000
0.007180 -0.007118 0.106667 0.600000 0.002573 -0.007912 0.000000 0.000000 0.006909 -0.007067 0.053333 0.440000
0.009325 -0.005149 0.106667 0.560000 0.002691 -0.007941 0.000000 0.000000 0.007484 -0.006994 0.080000 0.440000
0.010839 -0.005053 0.186667 0.440000 0.002396 -0.007923 0.000000 0.000000 0.007654 -0.006615 0.106667 0.560000
0.009455 -0.005751 0.106667 0.400000 0.004854 -0.007311 0.026667 0.080000 0.005487 -0.007135 0.026667 0.400000
0.010335 -0.005028 0.240000 0.720000 0.005362 -0.007264 0.026667 0.120000 0.006092 -0.007000 0.106667 0.280000
0.010513 -0.005967 0.186667 0.600000 0.002572 -0.007877 0.000000 0.040000 0.006929 -0.007001 0.133333 0.160000
0.010064 -0.005975 0.160000 0.600000 0.002370 -0.007894 0.000000 0.000000 0.007624 -0.006989 0.080000 0.240000
0.010988 -0.005398 0.186667 0.760000 0.002419 -0.007880 0.000000 0.000000 0.009953 -0.006527 0.106667 0.360000
0.008422 -0.006204 0.080000 0.600000 0.004841 -0.007465 0.026667 0.080000 0.006808 -0.007118 0.053333 0.280000
0.007933 -0.006494 0.133333 0.520000 0.004688 -0.007468 0.026667 0.080000 0.005134 -0.007538 0.053333 0.240000
0.009417 -0.006385 0.133333 0.520000 0.002257 -0.007901 0.000000 0.000000 0.005336 -0.007315 0.106667 0.400000
0.008595 -0.006423 0.080000 0.440000 0.002189 -0.007907 0.000000 0.000000 0.004419 -0.007419 0.080000 0.320000
0.009152 -0.006294 0.106667 0.600000 0.002203 -0.007901 0.000000 0.000000 0.005713 -0.007285 0.080000 0.320000
0.009523 -0.006865 0.106667 0.520000 0.002121 -0.007896 0.000000 0.000000 0.006671 -0.007556 0.053333 0.160000
0.009422 -0.006997 0.160000 0.400000 0.002262 -0.007905 0.000000 0.040000 0.006638 -0.007380 0.026667 0.200000
0.007195 -0.007319 0.133333 0.120000 0.002651 -0.007860 0.000000 0.040000 0.006565 -0.007390 0.026667 0.200000
0.007941 -0.006208 0.053333 0.320000 0.007452 -0.006488 0.106667 0.320000 0.002635 -0.007838 0.000000 0.080000
0.013118 -0.004669 0.186667 0.640000 0.007687 -0.006638 0.133333 0.280000 0.003763 -0.007639 0.026667 0.240000
0.019913 0.003028 0.373333 0.800000 0.005221 -0.007445 0.053333 0.160000 0.005348 -0.007438 0.026667 0.440000
0.029718 0.016417 0.613333 0.920000 0.007405 -0.007077 0.106667 0.320000 0.006260 -0.007296 0.053333 0.400000
0.033371 0.019017 0.640000 0.880000 0.005197 -0.007437 0.053333 0.240000 0.006268 -0.007401 0.026667 0.320000
0.032931 0.014124 0.533333 0.720000 0.004662 -0.007265 0.026667 0.240000 0.005440 -0.007362 0.026667 0.200000
0.038745 0.020519 0.533333 0.840000 0.006001 -0.007187 0.053333 0.280000 0.005736 -0.007341 0.026667 0.240000
0.032376 0.011733 0.400000 0.840000 0.006718 -0.006936 0.053333 0.320000 0.004939 -0.007501 0.026667 0.320000
0.027770 0.010370 0.426667 0.920000 0.005287 -0.007158 0.053333 0.200000 0.005406 -0.007564 0.026667 0.200000
0.029036 0.010858 0.560000 1.080000 0.005400 -0.007450 0.026667 0.160000 0.006050 -0.007428 0.026667 0.160000
0.028846 0.007956 0.666667 1.040000 0.006052 -0.007352 0.106667 0.160000 0.004617 -0.007629 0.000000 0.160000
0.027122 0.005463 0.560000 0.880000 0.005114 -0.007258 0.026667 0.080000 0.005004 -0.007463 0.000000 0.320000
0.020173 0.010758 0.533333 0.760000 0.004443 -0.007393 0.000000 0.120000 0.004851 -0.007538 0.053333 0.160000
0.016940 0.008688 0.453333 0.800000 0.005428 -0.007367 0.053333 0.120000 0.003840 -0.007723 0.080000 0.120000
0.019261 0.002611 0.453333 0.600000 0.005582 -0.007405 0.053333 0.080000 0.003856 -0.007558 0.000000 0.240000
0.021225 0.003864 0.480000 0.600000 0.002622 -0.007896 0.000000 0.000000 0.004242 -0.007589 0.000000 0.160000
0.008103 -0.006792 0.133333 0.400000 0.002539 -0.007876 0.000000 0.040000 0.003969 -0.007591 0.053333 0.240000
0.007375 -0.006739 0.106667 0.400000 0.002440 -0.007863 0.000000 0.040000 0.002798 -0.007771 0.026667 0.080000
0.004949 -0.007446 0.053333 0.280000 0.002110 -0.007901 0.000000 0.000000 0.003826 -0.007694 0.053333 0.120000
0.013687 -0.003584 0.240000 0.720000 0.005622 -0.007324 0.080000 0.200000 0.004893 -0.007527 0.106667 0.240000
0.016860 -0.002293 0.293333 0.760000 0.007920 -0.006946 0.133333 0.280000 0.003608 -0.007730 0.053333 0.120000
0.021253 0.002483 0.480000 0.800000 0.006994 -0.007136 0.080000 0.160000 0.003799 -0.007680 0.026667 0.200000
0.031047 0.013258 0.613333 1.040000 0.005281 -0.007417 0.053333 0.240000 0.006901 -0.006928 0.106667 0.440000
0.026816 0.007522 0.560000 1.080000 0.005291 -0.007087 0.053333 0.280000 0.006092 -0.007030 0.080000 0.280000
0.027507 0.007551 0.506667 1.000000 0.005079 -0.007140 0.026667 0.160000 0.004194 -0.007659 0.000000 0.120000
0.028805 0.014136 0.480000 0.800000 0.003937 -0.007649 0.000000 0.080000 0.004494 -0.007688 0.000000 0.200000
0.019128 0.004062 0.346667 0.600000 0.004799 -0.007488 0.000000 0.080000 0.004403 -0.007673 0.026667 0.320000
0.020298 0.001271 0.480000 0.880000 0.007299 -0.006757 0.053333 0.240000 0.004059 -0.007714 0.026667 0.240000
0.019928 0.000832 0.506667 0.880000 0.006538 -0.006891 0.053333 0.240000 0.003333 -0.007809 0.026667 0.080000
0.019773 0.000076 0.453333 0.880000 0.002830 -0.007860 0.000000 0.040000 0.005087 -0.007509 0.080000 0.240000
0.018913 0.000620 0.373333 0.800000 0.005340 -0.007339 0.026667 0.080000 0.004827 -0.007540 0.053333 0.240000
0.013389 -0.004081 0.400000 0.760000 0.005197 -0.007358 0.026667 0.080000 0.003371 -0.007764 0.026667 0.120000
0.014861 -0.002732 0.373333 0.720000 0.003900 -0.007615 0.000000 0.040000 0.004121 -0.007688 0.053333 0.160000
0.013595 0.000940 0.293333 0.760000 0.004868 -0.007309 0.026667 0.200000 0.004351 -0.007582 0.080000 0.200000
0.014321 0.001356 0.400000 0.800000 0.005633 -0.007315 0.026667 0.200000 0.003741 -0.007730 0.000000 0.160000
0.004244 -0.007758 0.000000 0.080000 0.002201 -0.007881 0.000000 0.000000 0.005277 -0.007283 0.000000 0.200000
0.003591 -0.007727 0.000000 0.080000 0.002270 -0.007884 0.000000 0.000000 0.003805 -0.007690 0.000000 0.280000
0.003209 -0.007779 0.000000 0.080000 0.002156 -0.007915 0.000000 0.040000 0.003725 -0.007710 0.000000 0.240000
0.003723 -0.007645 0.000000 0.240000 0.002145 -0.007938 0.000000 0.000000 0.002582 -0.007838 0.000000 0.080000
0.008851 -0.006251 0.106667 0.520000 0.004419 -0.007588 0.026667 0.120000 0.003165 -0.007806 0.000000 0.080000
0.012299 -0.005165 0.213333 0.480000 0.004169 -0.007584 0.026667 0.120000 0.004315 -0.007690 0.053333 0.120000
0.013710 -0.003422 0.240000 0.520000 0.004218 -0.007396 0.000000 0.080000 0.003894 -0.007730 0.053333 0.160000
0.015132 -0.003133 0.240000 0.680000 0.004605 -0.007385 0.000000 0.080000 0.003272 -0.007800 0.000000 0.080000
0.019264 -0.001724 0.266667 0.640000 0.004463 -0.007242 0.026667 0.160000 0.003323 -0.007781 0.000000 0.080000
0.021274 0.002106 0.426667 0.760000 0.004700 -0.007185 0.026667 0.200000 0.004207 -0.007730 0.000000 0.120000
0.019267 0.001195 0.533333 0.800000 0.003187 -0.007702 0.000000 0.080000 0.005941 -0.007389 0.053333 0.240000
0.015792 -0.002894 0.480000 0.760000 0.004547 -0.007235 0.026667 0.120000 0.005067 -0.007479 0.026667 0.240000
0.017470 -0.001620 0.453333 0.800000 0.004081 -0.007433 0.026667 0.080000 0.004237 -0.007688 0.026667 0.240000
0.018140 -0.001875 0.426667 0.800000 0.002101 -0.007914 0.000000 0.000000 0.004485 -0.007574 0.026667 0.320000
0.022516 0.005386 0.373333 0.720000 0.004993 -0.007163 0.000000 0.080000 0.004488 -0.007522 0.026667 0.240000
0.023209 0.006482 0.293333 0.760000 0.005208 -0.007180 0.000000 0.080000 0.004434 -0.007545 0.026667 0.240000
0.014090 -0.002255 0.213333 0.480000 0.002379 -0.007923 0.000000 0.000000 0.004982 -0.007298 0.053333 0.320000
0.013631 -0.002651 0.426667 0.640000 0.005087 -0.007356 0.026667 0.080000 0.004496 -0.007341 0.053333 0.360000
0.014104 -0.002552 0.320000 0.760000 0.004907 -0.007358 0.026667 0.080000 0.003687 -0.007721 0.053333 0.200000
