timestamp	ch1	ch2	ch3
00:00:00.000	1.306227	1.322344	1.311355
00:00:00.000	1.281319	1.306227	1.298168
00:00:00.001	1.260806	1.320879	1.308425
00:00:00.001	1.246886	1.323810	1.309890
00:00:00.001	1.271795	1.319414	1.302564
00:00:00.002	1.249817	1.312088	1.304762
00:00:00.002	1.286447	1.323810	1.308425
00:00:00.002	1.303297	1.322344	1.265201
00:00:00.003	1.334799	1.313553	1.303297
00:00:00.003	1.325275	1.314286	1.345055
00:00:00.003	1.364835	1.321612	1.353114
00:00:00.004	1.408059	1.321612	1.323810
00:00:00.004	1.401465	1.320147	1.303297
00:00:00.004	1.347253	1.315751	1.315751
00:00:00.005	1.314286	1.313553	1.317216
00:00:00.005	1.309158	1.318681	1.318681
00:00:00.006	1.305495	1.321612	1.316484
00:00:00.006	1.310623	1.320879	1.329670
00:00:00.006	1.306227	1.320879	1.325275
00:00:00.007	1.303297	1.316484	1.317216
00:00:00.007	1.315751	1.318681	1.315751
00:00:00.007	1.325275	1.321612	1.323810
00:00:00.009	1.304762	1.323077	1.326007
00:00:00.009	1.311355	1.328205	1.334066
00:00:00.041	1.306227	1.318681	1.315751
00:00:00.041	1.325275	1.321612	1.331868
00:00:00.041	1.359707	1.321612	1.327473
00:00:00.041	1.364835	1.319414	1.315751
00:00:00.043	1.263736	1.317216	1.307692
00:00:00.043	1.176557	1.317949	1.317216
00:00:00.043	1.273260	1.321612	1.323810
00:00:00.043	1.287912	1.309158	1.315751
00:00:00.043	1.312088	1.315751	1.320879
00:00:00.047	1.317949	1.312088	1.312821
00:00:00.047	1.316484	1.306960	1.307692
00:00:00.047	1.315751	1.314286	1.317949
00:00:00.047	1.309158	1.320879	1.314286
00:00:00.047	1.326007	1.320879	1.326007
00:00:00.047	1.320147	1.312821	1.318681
00:00:00.047	1.309158	1.320147	1.323810
00:00:00.047	1.315018	1.323077	1.323077
00:00:00.047	1.312088	1.313553	1.312821
00:00:00.047	1.315018	1.321612	1.316484
00:00:00.047	1.315018	1.312821	1.310623
00:00:00.047	1.328205	1.326740	1.327473
00:00:00.048	1.331868	1.328938	1.323810
00:00:00.048	1.331868	1.315018	1.320879
00:00:00.049	1.318681	1.310623	1.317949
00:00:00.050	1.312088	1.315018	1.309158
00:00:00.050	1.295238	1.310623	1.306960
00:00:00.050	1.301832	1.318681	1.315018
00:00:00.050	1.309158	1.323810	1.319414
00:00:00.050	1.306960	1.317949	1.301832
00:00:00.051	1.299634	1.314286	1.312821
00:00:00.051	1.309158	1.326740	1.317949
00:00:00.051	1.319414	1.324542	1.334799
00:00:00.052	1.309158	1.320879	1.337729
00:00:00.052	1.296703	1.312088	1.331136
00:00:00.052	1.312088	1.323077	1.336264
00:00:00.053	1.319414	1.322344	1.323810
00:00:00.053	1.309158	1.315018	1.306960
00:00:00.054	1.334799	1.328938	1.323810
00:00:00.054	1.352381	1.324542	1.314286
00:00:00.054	1.336264	1.321612	1.285714
00:00:00.055	1.327473	1.319414	1.302564
00:00:00.055	1.310623	1.314286	1.323810
00:00:00.055	1.292308	1.312821	1.308425
00:00:00.056	1.300366	1.315751	1.317949
00:00:00.056	1.283516	1.313553	1.309158
00:00:00.056	1.295238	1.324542	1.315751
00:00:00.057	1.302564	1.326007	1.304029
00:00:00.057	1.301832	1.317949	1.305495
00:00:00.057	1.350183	1.325275	1.374359
00:00:00.058	1.345055	1.322344	1.329670
00:00:00.090	1.301832	1.311355	1.293773
00:00:00.090	1.312088	1.306960	1.328938
00:00:00.091	1.311355	1.308425	1.334799
00:00:00.091	1.336264	1.326740	1.356777
00:00:00.091	1.336996	1.329670	1.335531
00:00:00.092	1.327473	1.322344	1.310623
00:00:00.092	1.320147	1.325275	1.302564
00:00:00.093	1.315751	1.323810	1.302564
00:00:00.093	1.318681	1.315018	1.308425
00:00:00.093	1.322344	1.316484	1.300366
00:00:00.094	1.289377	1.315751	1.297436
00:00:00.094	1.287179	1.324542	1.302564
00:00:00.094	1.259341	1.315018	1.321612
00:00:00.095	1.274725	1.317949	1.347253
00:00:00.095	1.337729	1.314286	1.323810
00:00:00.095	1.350916	1.319414	1.330403
00:00:00.096	1.322344	1.319414	1.318681
00:00:00.096	1.310623	1.329670	1.300366
00:00:00.097	1.279853	1.326007	1.320879
00:00:00.097	1.232234	1.314286	1.323077
00:00:00.097	1.294505	1.328938	1.347253
00:00:00.098	1.323810	1.324542	1.342125
00:00:00.098	1.316484	1.312088	1.322344
00:00:00.098	1.327473	1.307692	1.294505
00:00:00.099	1.372161	1.321612	1.309158
00:00:00.099	1.386081	1.326740	1.328205
00:00:00.099	1.331136	1.326007	1.320879
00:00:00.100	1.310623	1.324542	1.315751
00:00:00.100	1.303297	1.312821	1.303297
00:00:00.100	1.290842	1.313553	1.308425
00:00:00.101	1.309158	1.326740	1.320879
00:00:00.102	1.311355	1.326007	1.323810
00:00:00.102	1.323810	1.326740	1.326007
00:00:00.102	1.297436	1.322344	1.317949
00:00:00.102	1.291575	1.323077	1.314286
00:00:00.103	1.306227	1.309158	1.306227
00:00:00.104	1.325275	1.320879	1.323810
00:00:00.104	1.310623	1.318681	1.319414
00:00:00.105	1.307692	1.317216	1.306227
00:00:00.105	1.298901	1.320147	1.317216
00:00:00.105	1.309158	1.304762	1.315751
00:00:00.107	1.308425	1.306227	1.317949
00:00:00.107	1.322344	1.315018	1.331136
00:00:00.107	1.317216	1.317949	1.326007
00:00:00.107	1.323810	1.323077	1.319414
00:00:00.107	1.309890	1.311355	1.307692
00:00:00.107	1.311355	1.326740	1.328938
00:00:00.107	1.317216	1.328205	1.321612
00:00:00.107	1.312088	1.334066	1.326007
00:00:00.108	1.297436	1.320879	1.315018
00:00:00.140	1.306227	1.328938	1.323810
00:00:00.140	1.315018	1.333333	1.326007
00:00:00.143	1.323810	1.328205	1.328205
00:00:00.143	1.315018	1.317216	1.328938
00:00:00.143	1.334066	1.314286	1.315018
00:00:00.143	1.330403	1.321612	1.320879
00:00:00.143	1.324542	1.323077	1.327473
00:00:00.143	1.308425	1.320879	1.328205
00:00:00.143	1.300366	1.312821	1.322344
00:00:00.143	1.309158	1.324542	1.323810
00:00:00.143	1.314286	1.319414	1.316484
00:00:00.144	1.317949	1.319414	1.321612
00:00:00.144	1.307692	1.315751	1.318681
00:00:00.144	1.296703	1.310623	1.312821
00:00:00.145	1.306960	1.316484	1.320879
00:00:00.145	1.304762	1.312088	1.323077
00:00:00.146	1.305495	1.320147	1.323810
00:00:00.146	1.287912	1.311355	1.311355
00:00:00.146	1.315751	1.327473	1.317949
00:00:00.147	1.305495	1.312088	1.301832
00:00:00.147	1.304029	1.310623	1.290110
00:00:00.147	1.318681	1.316484	1.303297
00:00:00.148	1.342125	1.325275	1.304029
00:00:00.148	1.363370	1.317216	1.304762
00:00:00.148	1.287179	1.316484	1.316484
00:00:00.149	1.189744	1.320147	1.322344
00:00:00.149	1.296703	1.317216	1.348718
00:00:00.150	1.338462	1.319414	1.363370
00:00:00.150	1.375824	1.320879	1.378755
00:00:00.150	1.381685	1.323077	1.330403
00:00:00.151	1.331136	1.308425	1.274725
00:00:00.151	1.326007	1.329670	1.307692
00:00:00.151	1.306960	1.320879	1.311355
00:00:00.152	1.306960	1.320879	1.320879
00:00:00.152	1.300366	1.323810	1.312088
00:00:00.152	1.307692	1.318681	1.309158
00:00:00.153	1.311355	1.317949	1.309158
00:00:00.153	1.304029	1.312821	1.317216
00:00:00.154	1.313553	1.326007	1.326007
00:00:00.154	1.304762	1.312821	1.344322
00:00:00.154	1.309158	1.323077	1.337729
00:00:00.155	1.315751	1.326007	1.312821
00:00:00.155	1.305495	1.323077	1.351648
00:00:00.155	1.246154	1.328938	1.333333
00:00:00.156	1.250549	1.324542	1.304029
00:00:00.156	1.289377	1.314286	1.296703
00:00:00.156	1.339194	1.328205	1.306960
00:00:00.157	1.354579	1.312821	1.304762
00:00:00.157	1.397070	1.323810	1.323810
00:00:00.157	1.384615	1.313553	1.321612
00:00:00.190	1.344322	1.323810	1.315751
00:00:00.190	1.271062	1.319414	1.289377
00:00:00.190	1.248352	1.316484	1.290842
00:00:00.191	1.295238	1.318681	1.313553
00:00:00.191	1.321612	1.319414	1.318681
00:00:00.191	1.343590	1.322344	1.359707
00:00:00.192	1.350183	1.315751	1.397802
00:00:00.192	1.326740	1.321612	1.402198
00:00:00.192	1.309158	1.325275	1.336264
00:00:00.193	1.307692	1.322344	1.311355
00:00:00.193	1.309158	1.320879	1.303297
00:00:00.194	1.326740	1.310623	1.293773
00:00:00.194	1.324542	1.318681	1.317216
00:00:00.194	1.310623	1.326740	1.313553
00:00:00.195	1.320879	1.329670	1.298168
00:00:00.195	1.312088	1.314286	1.297436
00:00:00.195	1.278388	1.317949	1.310623
00:00:00.196	1.273993	1.313553	1.308425
00:00:00.196	1.294505	1.324542	1.304029
00:00:00.196	1.314286	1.329670	1.308425
00:00:00.197	1.298901	1.312088	1.300366
00:00:00.197	1.309158	1.320147	1.303297
00:00:00.197	1.322344	1.313553	1.346520
00:00:00.198	1.326007	1.314286	1.347253
00:00:00.198	1.328205	1.319414	1.323810
00:00:00.199	1.341392	1.326007	1.312821
00:00:00.199	1.315018	1.317949	1.299634
00:00:00.199	1.304762	1.312088	1.292308
00:00:00.201	1.297436	1.310623	1.312821
00:00:00.201	1.308425	1.323077	1.323810
00:00:00.201	1.311355	1.321612	1.326007
00:00:00.202	1.317949	1.322344	1.343590
00:00:00.202	1.320879	1.317949	1.342857
00:00:00.202	1.297436	1.312821	1.345788
00:00:00.203	1.320147	1.323810	1.333333
00:00:00.203	1.317949	1.323810	1.309890
00:00:00.203	1.323077	1.320879	1.313553
00:00:00.203	1.315018	1.310623	1.310623
00:00:00.203	1.318681	1.318681	1.325275
00:00:00.207	1.315018	1.325275	1.320879
00:00:00.207	1.311355	1.323077	1.309158
00:00:00.207	1.297436	1.311355	1.300366
00:00:00.207	1.282784	1.313553	1.310623
00:00:00.207	1.300366	1.321612	1.318681
00:00:00.207	1.315018	1.328205	1.323810
00:00:00.207	1.330403	1.317216	1.316484
00:00:00.207	1.320879	1.307692	1.315018
00:00:00.208	1.311355	1.318681	1.317216
00:00:00.208	1.317949	1.323077	1.322344
00:00:00.208	1.317949	1.322344	1.320147
00:00:00.239	1.322344	1.317949	1.319414
00:00:00.241	1.300366	1.309890	1.313553
00:00:00.241	1.303297	1.318681	1.315018
00:00:00.241	1.281319	1.317949	1.320879
00:00:00.241	1.290110	1.317216	1.317216
00:00:00.241	1.301099	1.315751	1.306227
00:00:00.242	1.323810	1.317216	1.323810
00:00:00.242	1.347253	1.319414	1.320879
00:00:00.242	1.341392	1.316484	1.319414
00:00:00.243	1.317216	1.317216	1.318681
00:00:00.243	1.312088	1.317949	1.312821
00:00:00.243	1.306227	1.317949	1.309890
00:00:00.244	1.297436	1.321612	1.309158
00:00:00.244	1.298168	1.320879	1.304029
00:00:00.244	1.304029	1.320879	1.320147
00:00:00.245	1.316484	1.322344	1.328938
00:00:00.245	1.336264	1.323810	1.351648
00:00:00.245	1.332601	1.320147	1.347253
00:00:00.246	1.318681	1.312821	1.338462
00:00:00.246	1.306227	1.315018	1.309890
00:00:00.247	1.296703	1.328938	1.320147
00:00:00.247	1.290842	1.320879	1.311355
00:00:00.247	1.308425	1.319414	1.327473
00:00:00.248	1.310623	1.314286	1.318681
00:00:00.248	1.306227	1.321612	1.298168
00:00:00.248	1.299634	1.328205	1.290842
00:00:00.249	1.300366	1.322344	1.289377
00:00:00.249	1.314286	1.308425	1.300366
00:00:00.249	1.324542	1.313553	1.323810
00:00:00.250	1.356044	1.322344	1.372894
00:00:00.250	1.402198	1.313553	1.331136
00:00:00.250	1.380952	1.313553	1.312821
00:00:00.251	1.216850	1.326740	1.314286
00:00:00.251	1.222711	1.323810	1.303297
00:00:00.252	1.301832	1.320147	1.298901
00:00:00.252	1.360440	1.312088	1.308425
00:00:00.252	1.349451	1.317949	1.306960
00:00:00.253	1.337729	1.328938	1.356044
00:00:00.253	1.342857	1.319414	1.330403
00:00:00.253	1.329670	1.323077	1.323077
00:00:00.254	1.350183	1.329670	1.342857
00:00:00.254	1.301099	1.313553	1.317949
00:00:00.254	1.321612	1.304762	1.332601
00:00:00.255	1.326007	1.326740	1.323810
00:00:00.255	1.262271	1.322344	1.305495
00:00:00.255	1.257875	1.314286	1.323810
00:00:00.256	1.290110	1.312088	1.312088
00:00:00.256	1.273260	1.320879	1.336264
00:00:00.257	1.295971	1.320147	1.323810
00:00:00.257	1.323810	1.318681	1.309890
00:00:00.289	1.333333	1.323810	1.314286
00:00:00.289	1.326007	1.328205	1.305495
00:00:00.291	1.312821	1.323077	1.299634
00:00:00.291	1.302564	1.317216	1.298901
00:00:00.291	1.312088	1.325275	1.328938
00:00:00.291	1.312088	1.319414	1.320147
00:00:00.291	1.328938	1.309158	1.321612
00:00:00.292	1.331136	1.314286	1.347253
00:00:00.292	1.314286	1.320879	1.358242
00:00:00.293	1.318681	1.326007	1.329670
00:00:00.293	1.313553	1.318681	1.309890
00:00:00.293	1.309890	1.310623	1.308425
00:00:00.293	1.317216	1.319414	1.312821
00:00:00.294	1.303297	1.312088	1.306227
00:00:00.294	1.312088	1.319414	1.309158
00:00:00.294	1.293040	1.306960	1.302564
00:00:00.295	1.315751	1.328205	1.317949
00:00:00.295	1.318681	1.325275	1.323810
00:00:00.300	1.312088	1.316484	1.302564
00:00:00.300	1.308425	1.304762	1.311355
00:00:00.300	1.322344	1.323077	1.330403
00:00:00.300	1.301099	1.311355	1.320879
00:00:00.300	1.298901	1.309890	1.300366
00:00:00.300	1.320147	1.326740	1.312088
00:00:00.300	1.316484	1.323077	1.317216
00:00:00.300	1.309158	1.309890	1.314286
00:00:00.300	1.307692	1.314286	1.317949
00:00:00.300	1.301832	1.306960	1.326007
00:00:00.300	1.314286	1.312821	1.317949
00:00:00.300	1.317216	1.317216	1.316484
00:00:00.300	1.322344	1.326007	1.325275
00:00:00.300	1.309158	1.320147	1.326007
00:00:00.304	1.315018	1.327473	1.321612
00:00:00.304	1.316484	1.331136	1.322344
00:00:00.304	1.317949	1.328205	1.318681
00:00:00.304	1.313553	1.317949	1.308425
00:00:00.304	1.323077	1.328938	1.327473
00:00:00.304	1.318681	1.325275	1.330403
00:00:00.304	1.315018	1.320147	1.313553
00:00:00.304	1.305495	1.312088	1.311355
00:00:00.304	1.309158	1.318681	1.324542
00:00:00.304	1.310623	1.314286	1.312088
00:00:00.304	1.327473	1.317949	1.321612
00:00:00.305	1.296703	1.316484	1.313553
00:00:00.305	1.318681	1.328205	1.332601
00:00:00.305	1.316484	1.323077	1.329670
00:00:00.306	1.295238	1.313553	1.288645
00:00:00.306	1.287179	1.311355	1.292308
00:00:00.306	1.312088	1.320879	1.332601
00:00:00.307	1.325275	1.320147	1.350183
00:00:00.339	1.323810	1.324542	1.341392
00:00:00.339	1.311355	1.317216	1.312088
00:00:00.340	1.311355	1.321612	1.309158
00:00:00.340	1.329670	1.318681	1.323810
00:00:00.340	1.319414	1.320147	1.330403
00:00:00.341	1.322344	1.316484	1.312821
00:00:00.341	1.324542	1.309890	1.286447
00:00:00.341	1.332601	1.314286	1.304029
00:00:00.342	1.312821	1.315018	1.306960
00:00:00.343	1.292308	1.320879	1.312088
00:00:00.343	1.286447	1.318681	1.298901
00:00:00.343	1.293040	1.313553	1.274725
00:00:00.343	1.309158	1.333333	1.328205
00:00:00.344	1.268864	1.322344	1.326007
00:00:00.344	1.298901	1.317949	1.343590
00:00:00.344	1.329670	1.317216	1.361172
00:00:00.345	1.326740	1.326007	1.355311
00:00:00.345	1.356777	1.326740	1.334066
00:00:00.345	1.438828	1.322344	1.329670
00:00:00.346	1.380220	1.309890	1.329670
00:00:00.346	1.315018	1.321612	1.355311
00:00:00.346	1.268864	1.327473	1.326007
00:00:00.347	1.254945	1.322344	1.280586
00:00:00.347	1.279853	1.312088	1.276923
00:00:00.347	1.293773	1.315751	1.286447
00:00:00.348	1.315751	1.322344	1.293773
00:00:00.348	1.306227	1.315018	1.294505
00:00:00.349	1.328938	1.325275	1.341392
00:00:00.349	1.345788	1.323077	1.347253
00:00:00.349	1.312088	1.313553	1.344322
00:00:00.350	1.344322	1.326740	1.365568
00:00:00.350	1.334066	1.314286	1.322344
00:00:00.350	1.317949	1.309890	1.308425
00:00:00.351	1.299634	1.321612	1.316484
00:00:00.351	1.290110	1.326007	1.317216
00:00:00.351	1.281319	1.318681	1.314286
00:00:00.352	1.292308	1.322344	1.319414
00:00:00.352	1.310623	1.323810	1.320879
00:00:00.353	1.305495	1.320147	1.306960
00:00:00.353	1.307692	1.315751	1.313553
00:00:00.353	1.376557	1.323810	1.327473
00:00:00.354	1.378022	1.317949	1.322344
00:00:00.354	1.249817	1.311355	1.312088
00:00:00.354	1.171429	1.307692	1.294505
00:00:00.355	1.246886	1.323077	1.306960
00:00:00.355	1.299634	1.325275	1.317216
00:00:00.355	1.301099	1.315018	1.305495
00:00:00.356	1.309890	1.314286	1.315018
00:00:00.356	1.330403	1.325275	1.302564
00:00:00.356	1.337729	1.325275	1.312088
00:00:00.389	1.331136	1.313553	1.332601
00:00:00.389	1.358974	1.326740	1.356044
00:00:00.389	1.353114	1.321612	1.336264
00:00:00.390	1.331136	1.311355	1.345788
00:00:00.390	1.314286	1.315018	1.334066
00:00:00.390	1.315018	1.322344	1.323810
00:00:00.391	1.307692	1.316484	1.314286
00:00:00.391	1.314286	1.315751	1.312821
00:00:00.394	1.305495	1.307692	1.304762
00:00:00.394	1.292308	1.310623	1.300366
00:00:00.394	1.303297	1.328205	1.306227
00:00:00.394	1.301832	1.324542	1.304762
00:00:00.394	1.290110	1.315018	1.284249
00:00:00.394	1.297436	1.312821	1.287912
00:00:00.394	1.320879	1.323810	1.338462
00:00:00.394	1.336264	1.324542	1.339194
00:00:00.395	1.342125	1.320879	1.350916
00:00:00.395	1.339927	1.313553	1.355311
00:00:00.395	1.332601	1.320879	1.337729
00:00:00.395	1.319414	1.318681	1.316484
00:00:00.396	1.312088	1.314286	1.320147
00:00:00.399	1.307692	1.316484	1.316484
00:00:00.399	1.273260	1.310623	1.306227
00:00:00.399	1.288645	1.326740	1.307692
00:00:00.399	1.298901	1.323810	1.314286
00:00:00.399	1.313553	1.310623	1.313553
00:00:00.399	1.320879	1.319414	1.334799
00:00:00.399	1.317216	1.326007	1.328205
00:00:00.399	1.325275	1.321612	1.309158
00:00:00.399	1.338462	1.323810	1.315751
00:00:00.399	1.320147	1.324542	1.328938
00:00:00.400	1.302564	1.309890	1.326007
00:00:00.400	1.304029	1.324542	1.320879
00:00:00.400	1.320147	1.323077	1.313553
00:00:00.401	1.342857	1.323077	1.327473
00:00:00.401	1.309158	1.315751	1.305495
00:00:00.402	1.293773	1.313553	1.309890
00:00:00.402	1.309158	1.320147	1.297436
00:00:00.402	1.312821	1.322344	1.289377
00:00:00.403	1.323810	1.312821	1.321612
00:00:00.403	1.306960	1.309890	1.326740
00:00:00.403	1.329670	1.320879	1.331136
00:00:00.404	1.331136	1.327473	1.328938
00:00:00.404	1.316484	1.317949	1.310623
00:00:00.404	1.297436	1.312088	1.311355
00:00:00.405	1.273260	1.318681	1.320147
00:00:00.405	1.283516	1.323810	1.313553
00:00:00.405	1.308425	1.328938	1.318681
00:00:00.406	1.316484	1.315751	1.319414
00:00:00.406	1.317216	1.309158	1.320147
00:00:00.438	1.297436	1.316484	1.323810
00:00:00.439	1.297436	1.326007	1.323810
00:00:00.439	1.286447	1.310623	1.319414
00:00:00.439	1.306227	1.315018	1.312088
00:00:00.440	1.319414	1.321612	1.315751
00:00:00.440	1.337729	1.315751	1.308425
00:00:00.441	1.349451	1.321612	1.334799
00:00:00.441	1.294505	1.317949	1.331868
00:00:00.441	1.298168	1.328205	1.314286
00:00:00.442	1.313553	1.319414	1.300366
00:00:00.442	1.332601	1.320147	1.330403
00:00:00.442	1.323077	1.315018	1.304762
00:00:00.443	1.367033	1.314286	1.313553
00:00:00.443	1.354579	1.318681	1.341392
00:00:00.443	1.303297	1.314286	1.328205
00:00:00.444	1.287179	1.318681	1.307692
00:00:00.444	1.281319	1.322344	1.300366
00:00:00.445	1.293773	1.317216	1.308425
00:00:00.445	1.309890	1.315751	1.346520
00:00:00.445	1.345055	1.328938	1.381685
00:00:00.446	1.341392	1.320147	1.350916
00:00:00.446	1.326740	1.314286	1.316484
00:00:00.446	1.307692	1.313553	1.306227
00:00:00.447	1.313553	1.318681	1.315751
00:00:00.447	1.323077	1.326007	1.317949
00:00:00.447	1.301832	1.320879	1.303297
00:00:00.448	1.291575	1.318681	1.304762
00:00:00.448	1.294505	1.316484	1.305495
00:00:00.448	1.305495	1.322344	1.304762
00:00:00.449	1.308425	1.323077	1.320147
00:00:00.449	1.295238	1.311355	1.314286
00:00:00.450	1.301832	1.321612	1.322344
00:00:00.450	1.323810	1.316484	1.312821
00:00:00.450	1.323077	1.312821	1.304029
00:00:00.451	1.312088	1.320147	1.318681
00:00:00.451	1.298901	1.326740	1.321612
00:00:00.451	1.283516	1.309890	1.310623
00:00:00.452	1.293040	1.314286	1.313553
00:00:00.452	1.312821	1.315751	1.314286
00:00:00.453	1.307692	1.323810	1.315018
00:00:00.453	1.293040	1.326740	1.309158
00:00:00.453	1.268864	1.317949	1.304762
00:00:00.453	1.312088	1.328938	1.326007
00:00:00.454	1.315751	1.323077	1.342125
00:00:00.455	1.345055	1.318681	1.325275
00:00:00.455	1.318681	1.308425	1.315751
00:00:00.455	1.312088	1.321612	1.338462
00:00:00.455	1.348718	1.326740	1.342125
00:00:00.457	1.361905	1.316484	1.349451
00:00:00.457	1.356044	1.312821	1.323810
00:00:00.489	1.360440	1.323077	1.318681
00:00:00.490	1.232234	1.321612	1.312821
00:00:00.490	1.243956	1.323810	1.306960
00:00:00.490	1.315018	1.317216	1.323810
00:00:00.490	1.326740	1.326007	1.340659
00:00:00.490	1.324542	1.326007	1.334799
00:00:00.490	1.325275	1.323077	1.320147
00:00:00.492	1.321612	1.323077	1.313553
00:00:00.492	1.293040	1.317949	1.295971
00:00:00.492	1.301832	1.323810	1.307692
00:00:00.492	1.303297	1.319414	1.308425
00:00:00.492	1.291575	1.305495	1.300366
00:00:00.492	1.303297	1.309890	1.293773
00:00:00.496	1.309158	1.315751	1.298168
00:00:00.496	1.325275	1.324542	1.339927
00:00:00.496	1.325275	1.320147	1.347253
00:00:00.496	1.317216	1.323810	1.338462
00:00:00.496	1.295971	1.315751	1.330403
00:00:00.496	1.318681	1.315018	1.349451
00:00:00.496	1.331868	1.326007	1.326007
00:00:00.496	1.321612	1.319414	1.299634
00:00:00.496	1.302564	1.306960	1.293773
00:00:00.496	1.317216	1.324542	1.309158
00:00:00.496	1.321612	1.323077	1.334799
00:00:00.498	1.323077	1.315018	1.339927
00:00:00.498	1.318681	1.323077	1.339194
00:00:00.498	1.293773	1.309158	1.304762
00:00:00.498	1.317949	1.312088	1.315751
00:00:00.498	1.323810	1.326007	1.318681
00:00:00.499	1.310623	1.315751	1.306227
00:00:00.500	1.300366	1.313553	1.298168
00:00:00.500	1.304762	1.324542	1.331136
00:00:00.500	1.305495	1.327473	1.319414
00:00:00.500	1.306227	1.325275	1.300366
00:00:00.500	1.299634	1.307692	1.290842
00:00:00.501	1.309158	1.312821	1.317216
00:00:00.501	1.320879	1.323077	1.330403
00:00:00.501	1.315018	1.310623	1.312821
00:00:00.502	1.316484	1.321612	1.328938
00:00:00.502	1.304029	1.312821	1.323810
00:00:00.503	1.306960	1.315751	1.316484
00:00:00.503	1.325275	1.327473	1.342125
00:00:00.503	1.327473	1.324542	1.331868
00:00:00.504	1.299634	1.321612	1.318681
00:00:00.504	1.282784	1.314286	1.304029
00:00:00.504	1.272527	1.314286	1.317216
00:00:00.505	1.268864	1.326007	1.319414
00:00:00.505	1.285714	1.317216	1.300366
00:00:00.505	1.284249	1.311355	1.295971
00:00:00.506	1.310623	1.311355	1.292308
00:00:00.538	1.373626	1.323810	1.328205
00:00:00.538	1.351648	1.321612	1.318681
00:00:00.539	1.341392	1.323810	1.320147
00:00:00.539	1.329670	1.315018	1.352381
00:00:00.539	1.351648	1.314286	1.368498
00:00:00.540	1.364103	1.304762	1.347253
00:00:00.540	1.344322	1.314286	1.306227
00:00:00.540	1.345055	1.315018	1.282051
00:00:00.541	1.354579	1.323077	1.296703
00:00:00.541	1.287912	1.317216	1.293773
00:00:00.542	1.266667	1.323810	1.314286
00:00:00.542	1.293040	1.331868	1.312088
00:00:00.542	1.303297	1.324542	1.342125
00:00:00.543	1.313553	1.326007	1.345055
00:00:00.543	1.294505	1.313553	1.308425
00:00:00.543	1.284982	1.319414	1.315018
00:00:00.544	1.293040	1.306227	1.306960
00:00:00.544	1.291575	1.312088	1.332601
00:00:00.544	1.300366	1.317949	1.317216
00:00:00.545	1.272527	1.323077	1.320879
00:00:00.545	1.263736	1.323810	1.333333
00:00:00.545	1.271795	1.314286	1.300366
00:00:00.546	1.292308	1.319414	1.296703
00:00:00.546	1.313553	1.326740	1.302564
00:00:00.547	1.342125	1.320879	1.304762
00:00:00.547	1.363370	1.309890	1.309158
00:00:00.547	1.375824	1.323077	1.299634
00:00:00.548	1.341392	1.310623	1.299634
00:00:00.548	1.335531	1.323077	1.357509
00:00:00.548	1.315751	1.315018	1.368498
00:00:00.549	1.301832	1.317216	1.338462
00:00:00.549	1.304762	1.321612	1.330403
00:00:00.549	1.332601	1.320879	1.347253
00:00:00.550	1.335531	1.310623	1.320147
00:00:00.550	1.301099	1.315018	1.307692
00:00:00.550	1.296703	1.327473	1.318681
00:00:00.553	1.309158	1.320879	1.317949
00:00:00.553	1.325275	1.320147	1.300366
00:00:00.553	1.353114	1.320147	1.306960
00:00:00.553	1.378022	1.323810	1.320147
00:00:00.553	1.266667	1.325275	1.309158
00:00:00.554	1.241026	1.315018	1.316484
00:00:00.554	1.232967	1.327473	1.333333
00:00:00.554	1.212454	1.309890	1.291575
00:00:00.554	1.301832	1.320147	1.323810
00:00:00.554	1.342857	1.320147	1.335531
00:00:00.554	1.354579	1.305495	1.301832
00:00:00.556	1.322344	1.327473	1.302564
00:00:00.556	1.287912	1.327473	1.296703
00:00:00.556	1.306227	1.322344	1.320147
00:00:00.588	1.325275	1.320879	1.336264
00:00:00.588	1.336264	1.320147	1.373626
00:00:00.588	1.320147	1.326740	1.342125
00:00:00.591	1.323077	1.315018	1.332601
00:00:00.591	1.344322	1.307692	1.313553
00:00:00.591	1.319414	1.320879	1.290842
00:00:00.591	1.317216	1.321612	1.294505
00:00:00.591	1.345788	1.320147	1.291575
00:00:00.591	1.314286	1.314286	1.289377
00:00:00.591	1.307692	1.324542	1.340659
00:00:00.591	1.326007	1.326740	1.370696
00:00:00.593	1.309890	1.328938	1.363370
00:00:00.593	1.301832	1.323077	1.328205
00:00:00.593	1.292308	1.314286	1.316484
00:00:00.593	1.297436	1.320879	1.310623
00:00:00.593	1.298901	1.322344	1.304762
00:00:00.593	1.309890	1.323810	1.306960
00:00:00.594	1.306227	1.312821	1.312821
00:00:00.594	1.292308	1.308425	1.301832
00:00:00.595	1.325275	1.322344	1.333333
00:00:00.595	1.331136	1.323077	1.332601
00:00:00.595	1.312088	1.315018	1.336996
00:00:00.596	1.321612	1.312821	1.336264
00:00:00.596	1.310623	1.322344	1.321612
00:00:00.596	1.311355	1.320147	1.320147
00:00:00.597	1.315018	1.314286	1.313553
00:00:00.597	1.312088	1.318681	1.321612
00:00:00.597	1.303297	1.312821	1.309890
00:00:00.598	1.303297	1.318681	1.320879
00:00:00.598	1.303297	1.321612	1.317216
00:00:00.598	1.307692	1.323810	1.310623
00:00:00.599	1.306960	1.318681	1.298168
00:00:00.599	1.307692	1.322344	1.323810
00:00:00.600	1.317949	1.323077	1.320147
00:00:00.600	1.331868	1.318681	1.306960
00:00:00.600	1.312821	1.310623	1.308425
00:00:00.601	1.320147	1.326007	1.322344
00:00:00.601	1.329670	1.320879	1.323077
00:00:00.601	1.325275	1.320147	1.317216
00:00:00.602	1.317216	1.309890	1.328205
00:00:00.602	1.306227	1.315751	1.342857
00:00:00.602	1.287912	1.326007	1.323810
00:00:00.603	1.286447	1.326007	1.313553
00:00:00.604	1.287912	1.309158	1.300366
00:00:00.604	1.319414	1.317949	1.314286
00:00:00.604	1.336996	1.325275	1.320147
00:00:00.604	1.367033	1.318681	1.312088
00:00:00.605	1.350183	1.317216	1.306960
00:00:00.605	1.338462	1.313553	1.339194
00:00:00.605	1.321612	1.323810	1.345055
00:00:00.637	1.298168	1.323810	1.311355
00:00:00.638	1.261538	1.313553	1.309158
00:00:00.638	1.276923	1.315018	1.309158
00:00:00.639	1.303297	1.319414	1.311355
00:00:00.639	1.287912	1.310623	1.295238
00:00:00.639	1.298168	1.320879	1.303297
00:00:00.640	1.321612	1.322344	1.318681
00:00:00.640	1.333333	1.319414	1.325275
00:00:00.640	1.327473	1.307692	1.341392
00:00:00.641	1.347253	1.327473	1.367033
00:00:00.641	1.339194	1.327473	1.354579
00:00:00.641	1.318681	1.322344	1.342125
00:00:00.642	1.308425	1.325275	1.323810
00:00:00.642	1.288645	1.317216	1.313553
00:00:00.643	1.306227	1.326740	1.308425
00:00:00.643	1.306960	1.321612	1.285714
00:00:00.643	1.310623	1.323810	1.306227
00:00:00.644	1.315751	1.317216	1.314286
00:00:00.644	1.317949	1.317216	1.309890
00:00:00.644	1.317216	1.317949	1.320147
00:00:00.645	1.298168	1.329670	1.320147
00:00:00.645	1.257875	1.328205	1.298901
00:00:00.645	1.263736	1.304029	1.286447
00:00:00.646	1.276923	1.326007	1.322344
00:00:00.646	1.282784	1.327473	1.317949
00:00:00.646	1.298901	1.318681	1.289377
00:00:00.647	1.343590	1.309890	1.323810
00:00:00.647	1.392674	1.322344	1.376557
00:00:00.649	1.394139	1.322344	1.364835
00:00:00.649	1.395604	1.309890	1.343590
00:00:00.649	1.394139	1.320879	1.303297
00:00:00.649	1.357509	1.336264	1.340659
00:00:00.649	1.290842	1.320879	1.323810
00:00:00.649	1.278388	1.309158	1.300366
00:00:00.650	1.308425	1.323810	1.317216
00:00:00.650	1.322344	1.316484	1.337729
00:00:00.650	1.312088	1.310623	1.333333
00:00:00.652	1.293040	1.315751	1.329670
00:00:00.652	1.257143	1.320147	1.312088
00:00:00.652	1.293773	1.323077	1.307692
00:00:00.652	1.335531	1.321612	1.308425
00:00:00.652	1.342857	1.318681	1.308425
00:00:00.656	1.320147	1.320879	1.310623
00:00:00.656	1.328938	1.323810	1.321612
00:00:00.656	1.298901	1.317949	1.317216
00:00:00.656	1.158974	1.323810	1.321612
00:00:00.656	1.177289	1.311355	1.291575
00:00:00.656	1.300366	1.315751	1.320147
00:00:00.656	1.386813	1.323810	1.328938
00:00:00.656	1.379487	1.319414	1.328205
00:00:00.688	1.358974	1.317216	1.323810
00:00:00.688	1.358974	1.325275	1.325275
00:00:00.688	1.300366	1.320147	1.306227
00:00:00.688	1.302564	1.326740	1.312821
00:00:00.689	1.317216	1.323810	1.312088
00:00:00.689	1.332601	1.324542	1.320879
00:00:00.689	1.294505	1.326740	1.323810
00:00:00.690	1.284982	1.321612	1.328205
00:00:00.690	1.305495	1.317216	1.323077
00:00:00.690	1.299634	1.312088	1.328938
00:00:00.691	1.352381	1.317949	1.323810
00:00:00.691	1.347253	1.313553	1.311355
00:00:00.692	1.370696	1.323077	1.317216
00:00:00.692	1.352381	1.312821	1.308425
00:00:00.692	1.328205	1.326007	1.323077
00:00:00.693	1.302564	1.320147	1.312088
00:00:00.693	1.296703	1.321612	1.318681
00:00:00.693	1.298168	1.315018	1.309890
00:00:00.694	1.295238	1.318681	1.317949
00:00:00.694	1.298901	1.326740	1.323810
00:00:00.694	1.311355	1.326007	1.321612
00:00:00.695	1.306227	1.323077	1.328205
00:00:00.695	1.316484	1.322344	1.322344
00:00:00.695	1.300366	1.308425	1.314286
00:00:00.696	1.286447	1.311355	1.315018
00:00:00.696	1.304762	1.323810	1.323077
00:00:00.697	1.311355	1.315018	1.314286
00:00:00.697	1.300366	1.312088	1.302564
00:00:00.697	1.325275	1.322344	1.304762
00:00:00.698	1.299634	1.315751	1.293040
00:00:00.698	1.292308	1.319414	1.289377
00:00:00.698	1.291575	1.314286	1.290110
00:00:00.699	1.320879	1.317216	1.351648
00:00:00.699	1.328938	1.321612	1.366300
00:00:00.699	1.340659	1.323810	1.345788
00:00:00.700	1.336264	1.317216	1.342125
00:00:00.700	1.339927	1.327473	1.326740
00:00:00.701	1.334799	1.325275	1.330403
00:00:00.701	1.326007	1.326007	1.323810
00:00:00.701	1.309890	1.322344	1.304029
00:00:00.702	1.294505	1.311355	1.297436
00:00:00.702	1.296703	1.320147	1.319414
00:00:00.702	1.296703	1.323810	1.320879
00:00:00.703	1.283516	1.314286	1.312821
00:00:00.703	1.268132	1.310623	1.314286
00:00:00.703	1.285714	1.321612	1.308425
00:00:00.704	1.293040	1.318681	1.300366
00:00:00.704	1.312821	1.310623	1.293773
00:00:00.704	1.333333	1.318681	1.309890
00:00:00.705	1.348718	1.311355	1.323810
00:00:00.737	1.372161	1.331868	1.362637
00:00:00.737	1.361905	1.326740	1.330403
00:00:00.738	1.336264	1.320879	1.351648
00:00:00.738	1.303297	1.315751	1.328205
00:00:00.738	1.273260	1.300366	1.295238
00:00:00.739	1.273260	1.315018	1.293040
00:00:00.739	1.285714	1.323810	1.308425
00:00:00.740	1.276923	1.327473	1.276923
00:00:00.740	1.307692	1.323077	1.307692
00:00:00.740	1.312821	1.310623	1.315018
00:00:00.741	1.344322	1.323810	1.315751
00:00:00.741	1.380220	1.312821	1.326740
00:00:00.741	1.372894	1.322344	1.366300
00:00:00.742	1.358974	1.318681	1.380220
00:00:00.742	1.336264	1.326740	1.336264
00:00:00.742	1.330403	1.324542	1.318681
00:00:00.743	1.259341	1.306960	1.311355
00:00:00.743	1.232967	1.309158	1.306227
00:00:00.743	1.272527	1.320147	1.329670
00:00:00.746	1.301832	1.314286	1.304762
00:00:00.746	1.308425	1.312821	1.292308
00:00:00.746	1.345055	1.323810	1.320147
00:00:00.746	1.333333	1.318681	1.304029
00:00:00.746	1.311355	1.322344	1.312088
00:00:00.746	1.297436	1.315751	1.303297
00:00:00.746	1.300366	1.323077	1.320147
00:00:00.746	1.314286	1.324542	1.322344
00:00:00.748	1.322344	1.323810	1.326007
00:00:00.748	1.331136	1.322344	1.328938
00:00:00.748	1.339927	1.313553	1.308425
00:00:00.748	1.341392	1.320879	1.317949
00:00:00.748	1.293773	1.310623	1.313553
00:00:00.748	1.262271	1.309890	1.314286
00:00:00.752	1.252015	1.326007	1.322344
00:00:00.752	1.290842	1.323810	1.323077
00:00:00.752	1.295971	1.311355	1.310623
00:00:00.752	1.323810	1.325275	1.323810
00:00:00.752	1.313553	1.315751	1.316484
00:00:00.752	1.313553	1.311355	1.313553
00:00:00.752	1.309158	1.315751	1.317949
00:00:00.752	1.328938	1.327473	1.336264
00:00:00.752	1.317949	1.317949	1.342857
00:00:00.752	1.308425	1.315751	1.326740
00:00:00.752	1.312088	1.315751	1.320147
00:00:00.753	1.323810	1.327473	1.320879
00:00:00.753	1.312088	1.313553	1.316484
00:00:00.754	1.306960	1.318681	1.322344
00:00:00.754	1.301099	1.312821	1.309158
00:00:00.754	1.271062	1.317949	1.320147
00:00:00.755	1.287179	1.320879	1.316484
00:00:00.787	1.293040	1.309890	1.307692
00:00:00.787	1.329670	1.321612	1.317216
00:00:00.788	1.343590	1.322344	1.318681
00:00:00.788	1.370696	1.315751	1.308425
00:00:00.788	1.379487	1.324542	1.323810
00:00:00.789	1.333333	1.324542	1.326740
00:00:00.789	1.317949	1.320879	1.323077
00:00:00.789	1.284249	1.311355	1.310623
00:00:00.790	1.267399	1.320147	1.320147
00:00:00.790	1.290842	1.318681	1.323077
00:00:00.790	1.293773	1.312821	1.319414
00:00:00.791	1.292308	1.315751	1.321612
00:00:00.791	1.302564	1.323810	1.345788
00:00:00.791	1.299634	1.323077	1.332601
00:00:00.793	1.282784	1.309890	1.312821
00:00:00.793	1.276923	1.315751	1.286447
00:00:00.793	1.296703	1.323077	1.299634
00:00:00.793	1.309158	1.319414	1.314286
00:00:00.793	1.294505	1.309890	1.300366
00:00:00.794	1.337729	1.319414	1.304029
00:00:00.794	1.349451	1.318681	1.323077
00:00:00.794	1.401465	1.315018	1.328205
00:00:00.795	1.408791	1.321612	1.347253
00:00:00.795	1.265201	1.310623	1.312821
00:00:00.795	1.315751	1.323077	1.309158
00:00:00.796	1.290842	1.312821	1.287179
00:00:00.796	1.259341	1.317216	1.315018
00:00:00.796	1.210256	1.318681	1.361172
00:00:00.797	1.235165	1.317216	1.382418
00:00:00.797	1.309158	1.318681	1.356777
00:00:00.798	1.357509	1.316484	1.323810
00:00:00.798	1.388278	1.320147	1.301832
00:00:00.798	1.382418	1.305495	1.304762
00:00:00.799	1.427839	1.329670	1.344322
00:00:00.799	1.367766	1.321612	1.333333
00:00:00.799	1.326007	1.326740	1.319414
00:00:00.800	1.274725	1.309890	1.275458
00:00:00.800	1.246886	1.315751	1.295238
00:00:00.800	1.226374	1.317949	1.296703
00:00:00.801	1.230769	1.328205	1.299634
00:00:00.801	1.241758	1.325275	1.306227
00:00:00.801	1.273260	1.314286	1.284249
00:00:00.802	1.341392	1.304762	1.290110
00:00:00.802	1.385348	1.310623	1.289377
00:00:00.803	1.333333	1.308425	1.283516
00:00:00.803	1.345788	1.319414	1.315018
00:00:00.803	1.350183	1.315018	1.380220
00:00:00.804	1.312088	1.315751	1.370696
00:00:00.804	1.347985	1.320879	1.340659
00:00:00.804	1.417582	1.320147	1.348718
00:00:00.837	1.417582	1.331136	1.379487
00:00:00.837	1.307692	1.320147	1.355311
00:00:00.837	1.235897	1.328938	1.329670
00:00:00.838	1.245421	1.317949	1.304029
00:00:00.838	1.273260	1.317216	1.290110
00:00:00.838	1.279121	1.312821	1.295238
00:00:00.839	1.302564	1.323077	1.306227
00:00:00.839	1.312088	1.323810	1.311355
00:00:00.839	1.306960	1.323810	1.312821
00:00:00.841	1.304029	1.315018	1.306960
00:00:00.841	1.303297	1.320879	1.315751
00:00:00.841	1.303297	1.324542	1.322344
00:00:00.841	1.312088	1.321612	1.320879
00:00:00.841	1.293040	1.315018	1.302564
00:00:00.843	1.292308	1.307692	1.298901
00:00:00.843	1.314286	1.317216	1.323810
00:00:00.843	1.323810	1.320879	1.323810
00:00:00.843	1.342125	1.324542	1.322344
00:00:00.843	1.323077	1.320147	1.317949
00:00:00.843	1.309158	1.310623	1.312821
00:00:00.844	1.316484	1.326007	1.320879
00:00:00.845	1.308425	1.320879	1.323810
00:00:00.845	1.317949	1.328205	1.323810
00:00:00.845	1.316484	1.320879	1.317216
00:00:00.845	1.306960	1.312821	1.309158
00:00:00.846	1.308425	1.319414	1.323810
00:00:00.846	1.315018	1.323077	1.328205
00:00:00.846	1.317949	1.323077	1.329670
00:00:00.847	1.310623	1.315751	1.309158
00:00:00.847	1.302564	1.309158	1.312821
00:00:00.847	1.305495	1.312088	1.317216
00:00:00.848	1.315018	1.323077	1.326007
00:00:00.848	1.317216	1.323810	1.323077
00:00:00.848	1.312088	1.321612	1.312821
00:00:00.849	1.306960	1.309890	1.312821
00:00:00.849	1.304029	1.312088	1.315751
00:00:00.849	1.311355	1.320879	1.323810
00:00:00.850	1.317216	1.323077	1.323077
00:00:00.850	1.314286	1.319414	1.314286
00:00:00.851	1.298168	1.312821	1.309158
00:00:00.851	1.315018	1.320147	1.323810
00:00:00.851	1.323810	1.326740	1.328938
00:00:00.852	1.319414	1.319414	1.319414
00:00:00.852	1.304762	1.312088	1.315018
00:00:00.852	1.295238	1.315751	1.322344
00:00:00.853	1.298168	1.326740	1.326007
00:00:00.853	1.306227	1.318681	1.320147
00:00:00.853	1.310623	1.312821	1.316484
00:00:00.854	1.315751	1.317949	1.313553
00:00:00.854	1.320879	1.323077	1.306227
00:00:00.886	1.326740	1.319414	1.320147
00:00:00.887	1.337729	1.320879	1.323810
00:00:00.887	1.320879	1.320147	1.319414
00:00:00.887	1.298168	1.313553	1.311355
00:00:00.888	1.309158	1.318681	1.323810
00:00:00.888	1.315751	1.322344	1.323810
00:00:00.888	1.315018	1.321612	1.320879
00:00:00.889	1.315018	1.320879	1.323810
00:00:00.889	1.317949	1.321612	1.326740
00:00:00.890	1.317216	1.320879	1.328205
00:00:00.890	1.310623	1.323077	1.321612
00:00:00.890	1.309890	1.326007	1.319414
00:00:00.891	1.332601	1.322344	1.337729
00:00:00.891	1.329670	1.312088	1.328938
00:00:00.891	1.301099	1.319414	1.323810
00:00:00.892	1.287179	1.322344	1.316484
00:00:00.892	1.292308	1.323810	1.302564
00:00:00.892	1.289377	1.312821	1.290842
00:00:00.893	1.306227	1.320879	1.298901
00:00:00.893	1.320879	1.328205	1.314286
00:00:00.893	1.315018	1.321612	1.299634
00:00:00.894	1.317216	1.315018	1.327473
00:00:00.894	1.306960	1.304762	1.367033
00:00:00.895	1.330403	1.330403	1.384615
00:00:00.895	1.291575	1.327473	1.337729
00:00:00.895	1.265201	1.317216	1.295238
00:00:00.896	1.300366	1.312821	1.307692
00:00:00.896	1.320147	1.315018	1.309890
00:00:00.897	1.342125	1.319414	1.310623
00:00:00.897	1.331136	1.318681	1.299634
00:00:00.897	1.336996	1.312821	1.314286
00:00:00.897	1.317216	1.323077	1.315018
00:00:00.898	1.321612	1.320147	1.312821
00:00:00.898	1.350916	1.318681	1.328938
00:00:00.898	1.337729	1.317949	1.314286
00:00:00.899	1.315751	1.324542	1.309158
00:00:00.899	1.310623	1.323810	1.309158
00:00:00.900	1.312821	1.325275	1.311355
00:00:00.900	1.306227	1.314286	1.308425
00:00:00.900	1.293773	1.315751	1.321612
00:00:00.901	1.301832	1.309158	1.320147
00:00:00.901	1.312088	1.315018	1.340659
00:00:00.901	1.302564	1.322344	1.335531
00:00:00.902	1.298901	1.323810	1.334799
00:00:00.902	1.306960	1.327473	1.330403
00:00:00.902	1.282784	1.326007	1.309890
00:00:00.903	1.240293	1.312088	1.294505
00:00:00.903	1.275458	1.314286	1.307692
00:00:00.906	1.304029	1.309890	1.293040
00:00:00.906	1.345788	1.323810	1.295238
00:00:00.938	1.350183	1.320147	1.290110
00:00:00.938	1.408791	1.304762	1.289377
00:00:00.938	1.441758	1.323810	1.343590
00:00:00.938	1.347985	1.323810	1.314286
00:00:00.939	1.266667	1.323810	1.328938
00:00:00.940	1.249817	1.323077	1.387546
00:00:00.940	1.303297	1.315751	1.396337
00:00:00.940	1.287179	1.327473	1.351648
00:00:00.940	1.330403	1.326007	1.330403
00:00:00.940	1.368498	1.323810	1.342857
00:00:00.940	1.305495	1.315751	1.304762
00:00:00.940	1.282051	1.311355	1.295238
00:00:00.940	1.284249	1.322344	1.305495
00:00:00.945	1.293773	1.324542	1.306960
00:00:00.945	1.298168	1.313553	1.304029
00:00:00.945	1.306960	1.314286	1.318681
00:00:00.945	1.310623	1.312821	1.295238
00:00:00.945	1.293040	1.323077	1.302564
00:00:00.945	1.294505	1.308425	1.300366
00:00:00.945	1.293773	1.312088	1.293040
00:00:00.945	1.304029	1.319414	1.306960
00:00:00.945	1.291575	1.317949	1.311355
00:00:00.945	1.295971	1.305495	1.316484
00:00:00.945	1.339194	1.315018	1.378755
00:00:00.945	1.358242	1.328938	1.406593
00:00:00.945	1.333333	1.322344	1.351648
00:00:00.945	1.337729	1.326740	1.342125
00:00:00.947	1.343590	1.320879	1.304762
00:00:00.947	1.337729	1.320147	1.296703
00:00:00.947	1.312088	1.325275	1.308425
00:00:00.947	1.295238	1.321612	1.305495
00:00:00.947	1.293773	1.320147	1.302564
00:00:00.948	1.285714	1.317216	1.294505
00:00:00.948	1.300366	1.318681	1.306960
00:00:00.948	1.309158	1.327473	1.315751
00:00:00.949	1.313553	1.320879	1.313553
00:00:00.949	1.323810	1.319414	1.317216
00:00:00.949	1.315018	1.312088	1.320879
00:00:00.950	1.328205	1.320147	1.356044
00:00:00.950	1.322344	1.317949	1.342125
00:00:00.950	1.285714	1.307692	1.312821
00:00:00.951	1.301099	1.316484	1.295238
00:00:00.951	1.309158	1.323077	1.306960
00:00:00.951	1.304762	1.326740	1.314286
00:00:00.952	1.313553	1.323810	1.315751
00:00:00.952	1.315018	1.323810	1.320147
00:00:00.953	1.315751	1.327473	1.328938
00:00:00.953	1.319414	1.324542	1.323810
00:00:00.953	1.312088	1.323077	1.316484
00:00:00.954	1.306227	1.324542	1.317949
00:00:00.986	1.315018	1.323810	1.325275
00:00:00.986	1.318681	1.313553	1.330403
00:00:00.987	1.310623	1.318681	1.300366
00:00:00.987	1.323810	1.328938	1.320147
00:00:00.987	1.314286	1.326007	1.320879
00:00:00.988	1.298168	1.312088	1.309158
00:00:00.988	1.312821	1.319414	1.313553
00:00:00.988	1.315018	1.320879	1.318681
00:00:00.989	1.323810	1.326007	1.358242
00:00:00.989	1.315751	1.323077	1.359707
00:00:00.989	1.300366	1.319414	1.323810
00:00:00.990	1.323810	1.323810	1.323810
00:00:00.990	1.326007	1.323810	1.302564
00:00:00.990	1.326740	1.326007	1.299634
00:00:00.991	1.298901	1.308425	1.285714
00:00:00.991	1.331868	1.315018	1.323077
00:00:00.992	1.302564	1.326007	1.322344
00:00:00.992	1.288645	1.325275	1.298901
00:00:00.992	1.304762	1.317949	1.323810
00:00:00.993	1.319414	1.320879	1.338462
00:00:00.993	1.301832	1.309158	1.328205
00:00:00.993	1.289377	1.314286	1.328938
00:00:00.994	1.331136	1.319414	1.312088
00:00:00.994	1.378755	1.326007	1.363370
00:00:00.994	1.343590	1.326007	1.337729
00:00:00.995	1.325275	1.316484	1.297436
