timestamp	ch1	ch2	ch3
00:00:00.000	1.307692	1.320147	1.304762
00:00:00.000	1.310623	1.319414	1.317949
00:00:00.000	1.342125	1.323077	1.341392
00:00:00.000	1.344322	1.309890	1.305495
00:00:00.000	1.344322	1.322344	1.331136
00:00:00.002	1.338462	1.329670	1.365568
00:00:00.002	1.268864	1.326007	1.323810
00:00:00.002	1.243956	1.325275	1.300366
00:00:00.002	1.257875	1.316484	1.291575
00:00:00.002	1.270330	1.311355	1.303297
00:00:00.002	1.312088	1.320147	1.300366
00:00:00.003	1.351648	1.318681	1.290110
00:00:00.003	1.414652	1.310623	1.306227
00:00:00.003	1.430037	1.323810	1.347253
00:00:00.004	1.385348	1.326740	1.370696
00:00:00.004	1.289377	1.326740	1.314286
00:00:00.004	1.273260	1.319414	1.314286
00:00:00.005	1.304762	1.322344	1.359707
00:00:00.006	1.304762	1.326740	1.375824
00:00:00.006	1.307692	1.322344	1.376557
00:00:00.006	1.309158	1.320879	1.345788
00:00:00.006	1.304762	1.306960	1.306960
00:00:00.007	1.309158	1.317949	1.313553
00:00:00.007	1.314286	1.320879	1.291575
00:00:00.007	1.301832	1.311355	1.287912
00:00:00.008	1.306227	1.323810	1.293040
00:00:00.008	1.288645	1.321612	1.282784
00:00:00.008	1.282051	1.321612	1.299634
00:00:00.009	1.265201	1.323810	1.306960
00:00:00.009	1.256410	1.321612	1.342125
00:00:00.009	1.234432	1.313553	1.319414
00:00:00.010	1.267399	1.317949	1.327473
00:00:00.010	1.325275	1.316484	1.309890
00:00:00.011	1.354579	1.323077	1.337729
00:00:00.011	1.384615	1.326007	1.346520
00:00:00.011	1.402930	1.313553	1.339927
00:00:00.012	1.405861	1.310623	1.320879
00:00:00.012	1.398535	1.325275	1.322344
00:00:00.012	1.349451	1.319414	1.296703
00:00:00.013	1.304762	1.315018	1.283516
00:00:00.013	1.284249	1.325275	1.310623
00:00:00.013	1.274725	1.321612	1.317216
00:00:00.014	1.279853	1.324542	1.320147
00:00:00.014	1.295971	1.320879	1.315018
00:00:00.014	1.308425	1.322344	1.323810
00:00:00.015	1.312088	1.323810	1.321612
00:00:00.015	1.307692	1.315751	1.312821
00:00:00.016	1.300366	1.315751	1.303297
00:00:00.016	1.306227	1.323077	1.312821
00:00:00.016	1.297436	1.326007	1.316484
00:00:00.048	1.276190	1.320147	1.313553
00:00:00.049	1.261538	1.306960	1.311355
00:00:00.049	1.274725	1.312088	1.306227
00:00:00.050	1.314286	1.323077	1.322344
00:00:00.050	1.336264	1.313553	1.333333
00:00:00.050	1.363370	1.310623	1.342125
00:00:00.051	1.380952	1.323810	1.335531
00:00:00.051	1.342857	1.325275	1.326740
00:00:00.051	1.288645	1.312821	1.309158
00:00:00.052	1.298168	1.314286	1.292308
00:00:00.052	1.332601	1.316484	1.320879
00:00:00.052	1.323077	1.317949	1.321612
00:00:00.053	1.303297	1.308425	1.306960
00:00:00.053	1.317949	1.318681	1.323810
00:00:00.055	1.303297	1.316484	1.305495
00:00:00.055	1.315751	1.323077	1.326740
00:00:00.055	1.314286	1.312088	1.328205
00:00:00.055	1.313553	1.326740	1.342125
00:00:00.055	1.277656	1.310623	1.302564
00:00:00.055	1.270330	1.315751	1.300366
00:00:00.056	1.288645	1.318681	1.313553
00:00:00.056	1.317216	1.321612	1.326007
00:00:00.056	1.308425	1.317216	1.331136
00:00:00.057	1.312088	1.315018	1.328938
00:00:00.057	1.342125	1.321612	1.322344
00:00:00.058	1.340659	1.320879	1.317949
00:00:00.058	1.343590	1.314286	1.306960
00:00:00.058	1.338462	1.326740	1.337729
00:00:00.060	1.316484	1.324542	1.327473
00:00:00.060	1.309890	1.314286	1.321612
00:00:00.060	1.287179	1.310623	1.315018
00:00:00.060	1.293040	1.322344	1.300366
00:00:00.060	1.287912	1.321612	1.283516
00:00:00.060	1.294505	1.319414	1.280586
00:00:00.062	1.309158	1.315018	1.306227
00:00:00.062	1.325275	1.320879	1.328205
00:00:00.062	1.315018	1.317216	1.322344
00:00:00.062	1.326740	1.319414	1.329670
00:00:00.062	1.338462	1.321612	1.343590
00:00:00.062	1.326007	1.317949	1.330403
00:00:00.065	1.311355	1.317216	1.326740
00:00:00.065	1.307692	1.320879	1.321612
00:00:00.065	1.306227	1.323810	1.322344
00:00:00.065	1.300366	1.322344	1.323810
00:00:00.065	1.300366	1.312088	1.319414
00:00:00.065	1.309890	1.326740	1.326007
00:00:00.065	1.312821	1.323810	1.310623
00:00:00.065	1.317949	1.321612	1.309890
00:00:00.066	1.307692	1.312821	1.297436
00:00:00.066	1.321612	1.325275	1.318681
00:00:00.098	1.321612	1.326007	1.333333
00:00:00.100	1.301832	1.319414	1.287179
00:00:00.100	1.296703	1.323810	1.317949
00:00:00.100	1.326007	1.317216	1.338462
00:00:00.100	1.329670	1.325275	1.325275
00:00:00.100	1.300366	1.311355	1.320147
00:00:00.100	1.297436	1.323077	1.332601
00:00:00.101	1.311355	1.322344	1.331868
00:00:00.101	1.325275	1.323077	1.380220
00:00:00.101	1.315018	1.313553	1.359707
00:00:00.102	1.310623	1.324542	1.313553
00:00:00.102	1.317949	1.312088	1.290110
00:00:00.103	1.334799	1.319414	1.284249
00:00:00.103	1.317949	1.317216	1.304762
00:00:00.103	1.346520	1.320879	1.323077
00:00:00.104	1.350183	1.318681	1.370696
00:00:00.104	1.315018	1.314286	1.366300
00:00:00.104	1.285714	1.315018	1.310623
00:00:00.105	1.291575	1.323810	1.281319
00:00:00.105	1.304762	1.323810	1.287912
00:00:00.105	1.297436	1.315751	1.320879
00:00:00.106	1.315751	1.312088	1.338462
00:00:00.106	1.323810	1.328205	1.337729
00:00:00.107	1.339194	1.320147	1.334799
00:00:00.107	1.320879	1.319414	1.310623
00:00:00.107	1.304029	1.326740	1.314286
00:00:00.108	1.300366	1.320879	1.306227
00:00:00.108	1.312088	1.320147	1.312821
00:00:00.108	1.305495	1.312088	1.303297
00:00:00.109	1.316484	1.318681	1.320879
00:00:00.109	1.319414	1.315751	1.312088
00:00:00.109	1.303297	1.320879	1.319414
00:00:00.111	1.308425	1.311355	1.317949
00:00:00.111	1.287912	1.320879	1.300366
00:00:00.111	1.305495	1.324542	1.317949
00:00:00.111	1.322344	1.321612	1.309158
00:00:00.111	1.315751	1.315018	1.314286
00:00:00.112	1.287912	1.312088	1.323810
00:00:00.112	1.323077	1.327473	1.332601
00:00:00.112	1.334066	1.320879	1.317216
00:00:00.113	1.302564	1.313553	1.294505
00:00:00.113	1.291575	1.316484	1.314286
00:00:00.113	1.323810	1.329670	1.339194
00:00:00.114	1.330403	1.324542	1.323810
00:00:00.114	1.335531	1.312821	1.312821
00:00:00.114	1.317949	1.312821	1.323077
00:00:00.115	1.313553	1.324542	1.326007
00:00:00.115	1.273993	1.314286	1.321612
00:00:00.115	1.257143	1.317949	1.323810
00:00:00.116	1.263736	1.311355	1.319414
00:00:00.148	1.310623	1.321612	1.325275
00:00:00.148	1.309158	1.308425	1.315751
00:00:00.149	1.337729	1.329670	1.331868
00:00:00.149	1.358974	1.328938	1.331868
00:00:00.149	1.370696	1.323810	1.328938
00:00:00.151	1.346520	1.328205	1.315018
00:00:00.151	1.311355	1.310623	1.290842
00:00:00.151	1.339194	1.320879	1.313553
00:00:00.151	1.330403	1.320147	1.330403
00:00:00.151	1.312088	1.323077	1.331868
00:00:00.152	1.301832	1.320879	1.320147
00:00:00.152	1.304029	1.323810	1.323810
00:00:00.152	1.327473	1.317949	1.317216
00:00:00.153	1.328205	1.321612	1.331136
00:00:00.153	1.309890	1.317949	1.331868
00:00:00.153	1.298168	1.320147	1.316484
00:00:00.155	1.298901	1.321612	1.315018
00:00:00.155	1.295971	1.316484	1.312088
00:00:00.155	1.298168	1.323810	1.317949
00:00:00.155	1.310623	1.328205	1.330403
00:00:00.155	1.300366	1.321612	1.319414
00:00:00.158	1.312088	1.318681	1.310623
00:00:00.158	1.315018	1.315018	1.311355
00:00:00.158	1.308425	1.310623	1.323077
00:00:00.158	1.309890	1.318681	1.321612
00:00:00.158	1.310623	1.311355	1.312821
00:00:00.158	1.304762	1.315751	1.306960
00:00:00.158	1.298901	1.317216	1.326007
00:00:00.158	1.315018	1.321612	1.321612
00:00:00.158	1.317949	1.321612	1.312821
00:00:00.162	1.327473	1.323810	1.323810
00:00:00.162	1.309890	1.321612	1.323810
00:00:00.162	1.322344	1.327473	1.343590
00:00:00.162	1.324542	1.320879	1.322344
00:00:00.162	1.317216	1.317949	1.298901
00:00:00.162	1.308425	1.311355	1.293773
00:00:00.162	1.321612	1.326740	1.325275
00:00:00.162	1.317216	1.326007	1.329670
00:00:00.162	1.314286	1.326007	1.320879
00:00:00.163	1.293040	1.312821	1.331868
00:00:00.163	1.306960	1.320879	1.342857
00:00:00.163	1.304029	1.314286	1.339927
00:00:00.163	1.306960	1.322344	1.297436
00:00:00.163	1.315018	1.326740	1.292308
00:00:00.164	1.300366	1.323810	1.288645
00:00:00.164	1.293040	1.319414	1.293040
00:00:00.165	1.298901	1.315751	1.290110
00:00:00.165	1.300366	1.306227	1.294505
00:00:00.165	1.306960	1.308425	1.333333
00:00:00.166	1.343590	1.317949	1.344322
00:00:00.198	1.362637	1.331136	1.360440
00:00:00.198	1.342857	1.324542	1.365568
00:00:00.199	1.316484	1.324542	1.337729
00:00:00.199	1.322344	1.325275	1.336996
00:00:00.199	1.301832	1.323810	1.318681
00:00:00.200	1.301832	1.328205	1.392674
00:00:00.200	1.354579	1.323077	1.402198
00:00:00.200	1.342857	1.315018	1.339194
00:00:00.201	1.305495	1.319414	1.297436
00:00:00.201	1.304762	1.322344	1.283516
00:00:00.201	1.306960	1.323810	1.287179
00:00:00.202	1.293040	1.309890	1.284249
00:00:00.202	1.306960	1.308425	1.307692
00:00:00.202	1.331868	1.315751	1.326007
00:00:00.203	1.301099	1.321612	1.313553
00:00:00.203	1.320879	1.318681	1.328205
00:00:00.204	1.309158	1.312821	1.305495
00:00:00.204	1.323810	1.325275	1.358242
00:00:00.204	1.315751	1.323810	1.361905
00:00:00.205	1.294505	1.313553	1.320147
00:00:00.205	1.284982	1.312088	1.306960
00:00:00.205	1.304762	1.327473	1.312821
00:00:00.206	1.301099	1.325275	1.312088
00:00:00.206	1.312088	1.328205	1.315018
00:00:00.206	1.298168	1.312088	1.284982
00:00:00.207	1.309158	1.314286	1.305495
00:00:00.207	1.316484	1.312088	1.290110
00:00:00.207	1.326740	1.321612	1.303297
00:00:00.208	1.309158	1.313553	1.294505
00:00:00.208	1.350183	1.318681	1.336264
00:00:00.209	1.345788	1.315018	1.334799
00:00:00.209	1.322344	1.316484	1.323810
00:00:00.209	1.310623	1.325275	1.323810
00:00:00.210	1.305495	1.317949	1.312821
00:00:00.210	1.298168	1.315751	1.323810
00:00:00.210	1.312088	1.317216	1.317949
00:00:00.211	1.302564	1.312821	1.314286
00:00:00.211	1.309890	1.326007	1.323810
00:00:00.211	1.315018	1.316484	1.317216
00:00:00.212	1.324542	1.326740	1.327473
00:00:00.212	1.309158	1.320147	1.320147
00:00:00.212	1.306960	1.313553	1.316484
00:00:00.213	1.314286	1.324542	1.326007
00:00:00.213	1.306227	1.315751	1.312088
00:00:00.214	1.309890	1.318681	1.318681
00:00:00.214	1.299634	1.304762	1.312821
00:00:00.215	1.310623	1.319414	1.320147
00:00:00.216	1.312088	1.323810	1.314286
00:00:00.216	1.313553	1.318681	1.311355
00:00:00.216	1.312088	1.326007	1.317949
00:00:00.248	1.312821	1.319414	1.320879
00:00:00.248	1.313553	1.312821	1.310623
00:00:00.248	1.320879	1.322344	1.345788
00:00:00.249	1.322344	1.324542	1.333333
00:00:00.249	1.326007	1.318681	1.318681
00:00:00.249	1.320879	1.317949	1.320879
00:00:00.254	1.320879	1.323077	1.323077
00:00:00.254	1.327473	1.317949	1.316484
00:00:00.254	1.315751	1.308425	1.313553
00:00:00.254	1.313553	1.323810	1.326740
00:00:00.254	1.298168	1.326740	1.321612
00:00:00.254	1.278388	1.317949	1.312088
00:00:00.254	1.286447	1.304762	1.320147
00:00:00.254	1.311355	1.325275	1.326740
00:00:00.254	1.329670	1.325275	1.323810
00:00:00.254	1.335531	1.324542	1.326007
00:00:00.254	1.303297	1.312821	1.321612
00:00:00.254	1.309890	1.323810	1.322344
00:00:00.254	1.312821	1.323810	1.307692
00:00:00.254	1.311355	1.321612	1.302564
00:00:00.257	1.322344	1.326740	1.311355
00:00:00.257	1.330403	1.323077	1.309158
00:00:00.257	1.321612	1.322344	1.309890
00:00:00.257	1.298901	1.309890	1.301832
00:00:00.257	1.304029	1.312088	1.318681
00:00:00.257	1.315018	1.327473	1.341392
00:00:00.257	1.315018	1.317216	1.334066
00:00:00.257	1.312821	1.310623	1.344322
00:00:00.259	1.321612	1.323077	1.344322
00:00:00.259	1.320879	1.323077	1.320879
00:00:00.259	1.313553	1.319414	1.306227
00:00:00.259	1.306960	1.313553	1.304762
00:00:00.259	1.309158	1.323077	1.317949
00:00:00.259	1.274725	1.320879	1.313553
00:00:00.260	1.295971	1.313553	1.321612
00:00:00.260	1.301099	1.312821	1.308425
00:00:00.260	1.310623	1.321612	1.293773
00:00:00.261	1.334799	1.320879	1.304029
00:00:00.261	1.327473	1.310623	1.306227
00:00:00.262	1.367766	1.320147	1.323810
00:00:00.262	1.367766	1.328205	1.331136
00:00:00.262	1.317216	1.320879	1.330403
00:00:00.263	1.295238	1.309158	1.355311
00:00:00.263	1.304029	1.327473	1.336264
00:00:00.263	1.317216	1.324542	1.317216
00:00:00.264	1.326007	1.314286	1.334066
00:00:00.264	1.309890	1.315018	1.323810
00:00:00.264	1.308425	1.323810	1.309890
00:00:00.265	1.316484	1.317949	1.295971
00:00:00.265	1.332601	1.317949	1.320879
00:00:00.297	1.318681	1.319414	1.347253
00:00:00.298	1.301832	1.322344	1.336996
00:00:00.298	1.290842	1.315018	1.306227
00:00:00.299	1.316484	1.319414	1.336264
00:00:00.299	1.306227	1.319414	1.318681
00:00:00.299	1.289377	1.319414	1.305495
00:00:00.299	1.302564	1.320147	1.317216
00:00:00.300	1.313553	1.317949	1.319414
00:00:00.300	1.317216	1.317216	1.309890
00:00:00.301	1.310623	1.320879	1.298901
00:00:00.301	1.315018	1.317949	1.314286
00:00:00.301	1.311355	1.315751	1.315751
00:00:00.302	1.304029	1.317216	1.335531
00:00:00.302	1.314286	1.316484	1.364835
00:00:00.302	1.311355	1.326007	1.356044
00:00:00.303	1.306227	1.330403	1.318681
00:00:00.303	1.312821	1.324542	1.298901
00:00:00.303	1.328205	1.317949	1.300366
00:00:00.304	1.344322	1.317949	1.311355
00:00:00.304	1.317216	1.306960	1.297436
00:00:00.305	1.312088	1.321612	1.315751
00:00:00.305	1.315751	1.328938	1.330403
00:00:00.305	1.285714	1.309890	1.303297
00:00:00.306	1.296703	1.312088	1.320879
00:00:00.306	1.306960	1.326007	1.334799
00:00:00.306	1.313553	1.320147	1.334066
00:00:00.307	1.325275	1.323810	1.319414
00:00:00.307	1.308425	1.315751	1.298168
00:00:00.307	1.307692	1.318681	1.290110
00:00:00.308	1.335531	1.325275	1.302564
00:00:00.308	1.350183	1.317216	1.306227
00:00:00.308	1.320147	1.309890	1.315751
00:00:00.309	1.320147	1.326007	1.336264
00:00:00.309	1.276923	1.323810	1.317949
00:00:00.310	1.271795	1.312088	1.304762
00:00:00.310	1.304762	1.318681	1.312088
00:00:00.310	1.319414	1.321612	1.320147
00:00:00.311	1.327473	1.326007	1.326740
00:00:00.311	1.334066	1.317949	1.317216
00:00:00.311	1.342857	1.312088	1.309890
00:00:00.312	1.335531	1.326007	1.339194
00:00:00.313	1.308425	1.322344	1.364103
00:00:00.313	1.311355	1.316484	1.331868
00:00:00.313	1.303297	1.316484	1.323077
00:00:00.313	1.317216	1.326007	1.320879
00:00:00.313	1.315751	1.326007	1.317216
00:00:00.315	1.306227	1.311355	1.310623
00:00:00.315	1.301832	1.308425	1.312821
00:00:00.315	1.306227	1.323077	1.323810
00:00:00.315	1.310623	1.326007	1.319414
00:00:00.350	1.307692	1.320147	1.312821
00:00:00.350	1.300366	1.324542	1.321612
00:00:00.350	1.309890	1.323810	1.323810
00:00:00.350	1.320879	1.326740	1.332601
00:00:00.350	1.314286	1.323810	1.337729
00:00:00.350	1.308425	1.322344	1.329670
00:00:00.350	1.311355	1.318681	1.312821
00:00:00.350	1.314286	1.323810	1.321612
00:00:00.350	1.317216	1.323810	1.323810
00:00:00.354	1.308425	1.312088	1.316484
00:00:00.354	1.323077	1.323810	1.320147
00:00:00.354	1.323077	1.320879	1.326007
00:00:00.354	1.308425	1.319414	1.323077
00:00:00.354	1.328938	1.327473	1.331868
00:00:00.354	1.315751	1.317949	1.328205
00:00:00.354	1.300366	1.318681	1.309890
00:00:00.354	1.305495	1.323077	1.323810
00:00:00.354	1.306960	1.321612	1.306960
00:00:00.354	1.321612	1.325275	1.293040
00:00:00.354	1.300366	1.312821	1.288645
00:00:00.354	1.314286	1.309158	1.313553
00:00:00.356	1.357509	1.335531	1.368498
00:00:00.356	1.332601	1.328205	1.351648
00:00:00.356	1.296703	1.319414	1.306960
00:00:00.356	1.303297	1.315018	1.305495
00:00:00.356	1.289377	1.314286	1.278388
00:00:00.356	1.296703	1.320879	1.295238
00:00:00.357	1.307692	1.316484	1.284249
00:00:00.357	1.314286	1.317949	1.273993
00:00:00.358	1.306227	1.311355	1.306227
00:00:00.358	1.319414	1.323810	1.358974
00:00:00.358	1.323077	1.318681	1.361905
00:00:00.359	1.370696	1.319414	1.408791
00:00:00.359	1.358974	1.323077	1.353114
00:00:00.359	1.323810	1.320147	1.377289
00:00:00.360	1.331868	1.327473	1.379487
00:00:00.360	1.294505	1.320879	1.293040
00:00:00.360	1.280586	1.309890	1.255678
00:00:00.361	1.291575	1.306227	1.259341
00:00:00.361	1.304762	1.315751	1.297436
00:00:00.361	1.299634	1.305495	1.307692
00:00:00.362	1.317949	1.318681	1.320879
00:00:00.362	1.323810	1.321612	1.334799
00:00:00.363	1.280586	1.328205	1.343590
00:00:00.363	1.268132	1.327473	1.334066
00:00:00.363	1.302564	1.327473	1.325275
00:00:00.364	1.325275	1.320879	1.308425
00:00:00.364	1.328205	1.323810	1.308425
00:00:00.364	1.343590	1.323077	1.316484
00:00:00.365	1.354579	1.309158	1.298168
00:00:00.397	1.352381	1.325275	1.309158
00:00:00.397	1.309890	1.308425	1.300366
00:00:00.398	1.300366	1.315018	1.309158
00:00:00.398	1.329670	1.323810	1.332601
00:00:00.398	1.313553	1.328205	1.332601
00:00:00.399	1.296703	1.309890	1.316484
00:00:00.399	1.309158	1.322344	1.308425
00:00:00.399	1.315018	1.323077	1.323810
00:00:00.400	1.320147	1.320147	1.345788
00:00:00.400	1.316484	1.324542	1.333333
00:00:00.400	1.312821	1.323810	1.320879
00:00:00.401	1.308425	1.320147	1.318681
00:00:00.401	1.307692	1.316484	1.309158
00:00:00.402	1.311355	1.310623	1.312821
00:00:00.402	1.299634	1.315751	1.311355
00:00:00.402	1.297436	1.308425	1.318681
00:00:00.404	1.315018	1.327473	1.337729
00:00:00.404	1.315751	1.323077	1.327473
00:00:00.404	1.299634	1.310623	1.318681
00:00:00.404	1.317216	1.321612	1.320147
00:00:00.404	1.309890	1.322344	1.326740
00:00:00.404	1.321612	1.324542	1.323810
00:00:00.405	1.317216	1.319414	1.316484
00:00:00.405	1.306227	1.318681	1.310623
00:00:00.405	1.315018	1.321612	1.317216
00:00:00.406	1.312821	1.319414	1.315018
00:00:00.406	1.309158	1.310623	1.310623
00:00:00.407	1.310623	1.316484	1.310623
00:00:00.407	1.303297	1.314286	1.318681
00:00:00.407	1.310623	1.318681	1.311355
00:00:00.408	1.311355	1.323810	1.323810
00:00:00.408	1.312088	1.324542	1.315018
00:00:00.408	1.315018	1.320879	1.326740
00:00:00.409	1.320147	1.323810	1.328938
00:00:00.409	1.318681	1.325275	1.328938
00:00:00.409	1.320879	1.325275	1.320879
00:00:00.412	1.317949	1.315751	1.313553
00:00:00.412	1.314286	1.317216	1.327473
00:00:00.412	1.333333	1.315751	1.310623
00:00:00.412	1.319414	1.314286	1.305495
00:00:00.412	1.306960	1.310623	1.300366
00:00:00.412	1.316484	1.324542	1.312821
00:00:00.412	1.307692	1.323810	1.307692
00:00:00.413	1.285714	1.312821	1.305495
00:00:00.413	1.298901	1.325275	1.330403
00:00:00.413	1.309158	1.314286	1.335531
00:00:00.413	1.328205	1.324542	1.337729
00:00:00.414	1.326740	1.327473	1.326740
00:00:00.414	1.329670	1.318681	1.315751
00:00:00.418	1.337729	1.312821	1.322344
00:00:00.449	1.315018	1.320147	1.331868
00:00:00.449	1.308425	1.316484	1.308425
00:00:00.449	1.297436	1.312088	1.315751
00:00:00.449	1.294505	1.314286	1.293040
00:00:00.449	1.301099	1.314286	1.271062
00:00:00.449	1.295238	1.319414	1.292308
00:00:00.449	1.282784	1.313553	1.309890
00:00:00.449	1.298168	1.323810	1.331868
00:00:00.449	1.284982	1.326740	1.342125
00:00:00.450	1.292308	1.316484	1.334799
00:00:00.450	1.294505	1.310623	1.317949
00:00:00.451	1.331868	1.320879	1.319414
00:00:00.451	1.359707	1.320879	1.298168
00:00:00.451	1.369963	1.318681	1.289377
00:00:00.452	1.426374	1.323077	1.361172
00:00:00.452	1.402198	1.329670	1.381685
00:00:00.452	1.309890	1.328938	1.366300
00:00:00.453	1.282784	1.318681	1.329670
00:00:00.453	1.308425	1.318681	1.310623
00:00:00.453	1.304762	1.311355	1.308425
00:00:00.454	1.307692	1.323810	1.295238
00:00:00.454	1.312088	1.323077	1.312821
00:00:00.455	1.264469	1.320879	1.312088
00:00:00.456	1.224908	1.317949	1.296703
00:00:00.456	1.246886	1.318681	1.296703
00:00:00.456	1.295238	1.323077	1.304762
00:00:00.456	1.323810	1.319414	1.334066
00:00:00.456	1.321612	1.311355	1.315751
00:00:00.457	1.323810	1.308425	1.315751
00:00:00.457	1.331868	1.321612	1.328205
00:00:00.457	1.334799	1.324542	1.363370
00:00:00.458	1.326007	1.323810	1.337729
00:00:00.458	1.299634	1.312821	1.306227
00:00:00.458	1.291575	1.319414	1.296703
00:00:00.459	1.309158	1.323077	1.310623
00:00:00.459	1.318681	1.321612	1.328938
00:00:00.460	1.314286	1.320879	1.317949
00:00:00.460	1.309158	1.319414	1.309890
00:00:00.460	1.304762	1.319414	1.299634
00:00:00.461	1.364835	1.326007	1.318681
00:00:00.461	1.356044	1.323077	1.322344
00:00:00.461	1.339927	1.326740	1.375824
00:00:00.462	1.311355	1.314286	1.363370
00:00:00.462	1.307692	1.313553	1.336264
00:00:00.462	1.306227	1.322344	1.315018
00:00:00.463	1.297436	1.320147	1.310623
00:00:00.463	1.303297	1.323077	1.309890
00:00:00.463	1.300366	1.315751	1.305495
00:00:00.464	1.294505	1.305495	1.296703
00:00:00.464	1.315018	1.320879	1.321612
00:00:00.496	1.317216	1.326007	1.317949
00:00:00.497	1.319414	1.325275	1.315018
00:00:00.497	1.296703	1.313553	1.308425
00:00:00.497	1.304029	1.318681	1.315018
00:00:00.498	1.320879	1.324542	1.322344
00:00:00.498	1.311355	1.318681	1.315018
00:00:00.499	1.309890	1.325275	1.320879
00:00:00.499	1.308425	1.312821	1.315751
00:00:00.499	1.309158	1.321612	1.320147
00:00:00.500	1.312088	1.317216	1.317949
00:00:00.500	1.312088	1.317216	1.319414
00:00:00.500	1.315018	1.320147	1.312821
00:00:00.501	1.313553	1.319414	1.317949
00:00:00.501	1.320879	1.312088	1.320147
00:00:00.501	1.315018	1.310623	1.320879
00:00:00.502	1.316484	1.319414	1.321612
00:00:00.502	1.309158	1.317216	1.323077
00:00:00.502	1.308425	1.317949	1.320879
00:00:00.503	1.300366	1.318681	1.317216
00:00:00.504	1.309890	1.316484	1.316484
00:00:00.504	1.312088	1.317949	1.316484
00:00:00.504	1.319414	1.323810	1.323810
00:00:00.504	1.315751	1.318681	1.326007
00:00:00.506	1.312088	1.320879	1.320147
00:00:00.506	1.316484	1.323810	1.316484
00:00:00.506	1.314286	1.320879	1.313553
00:00:00.508	1.302564	1.306960	1.312821
00:00:00.508	1.295971	1.315018	1.323077
00:00:00.508	1.295971	1.318681	1.315018
00:00:00.508	1.303297	1.320879	1.309890
00:00:00.509	1.310623	1.326007	1.323077
00:00:00.509	1.319414	1.321612	1.317216
00:00:00.509	1.320879	1.312821	1.312821
00:00:00.509	1.327473	1.328205	1.331136
00:00:00.509	1.312088	1.317216	1.326007
00:00:00.509	1.336264	1.300366	1.317949
00:00:00.509	1.328938	1.306960	1.310623
00:00:00.513	1.301832	1.306960	1.315018
00:00:00.513	1.291575	1.312821	1.300366
00:00:00.513	1.300366	1.328938	1.310623
00:00:00.513	1.306227	1.326740	1.309158
00:00:00.513	1.294505	1.325275	1.323810
00:00:00.513	1.305495	1.328938	1.345055
00:00:00.513	1.312088	1.323810	1.335531
00:00:00.513	1.308425	1.316484	1.328938
00:00:00.513	1.307692	1.313553	1.319414
00:00:00.513	1.320147	1.324542	1.323810
00:00:00.513	1.312821	1.315018	1.328938
00:00:00.514	1.347253	1.322344	1.342125
00:00:00.514	1.334066	1.308425	1.328205
00:00:00.546	1.309158	1.320147	1.319414
00:00:00.548	1.312088	1.328205	1.317216
00:00:00.548	1.335531	1.322344	1.327473
00:00:00.548	1.326007	1.317216	1.297436
00:00:00.548	1.307692	1.312088	1.298901
00:00:00.548	1.302564	1.323810	1.316484
00:00:00.548	1.290110	1.317949	1.311355
00:00:00.549	1.309158	1.326007	1.312821
00:00:00.549	1.303297	1.318681	1.323810
00:00:00.549	1.289377	1.311355	1.312088
00:00:00.550	1.292308	1.315018	1.302564
00:00:00.550	1.306227	1.326740	1.319414
00:00:00.550	1.305495	1.324542	1.325275
00:00:00.551	1.297436	1.323077	1.312821
00:00:00.551	1.338462	1.313553	1.323810
00:00:00.552	1.353114	1.324542	1.356777
00:00:00.552	1.333333	1.329670	1.322344
00:00:00.552	1.318681	1.306960	1.293773
00:00:00.553	1.332601	1.307692	1.309890
00:00:00.553	1.320147	1.312821	1.312088
00:00:00.553	1.316484	1.321612	1.335531
00:00:00.554	1.315751	1.324542	1.314286
00:00:00.554	1.308425	1.316484	1.312088
00:00:00.554	1.307692	1.324542	1.332601
00:00:00.555	1.299634	1.314286	1.349451
00:00:00.555	1.306227	1.325275	1.354579
00:00:00.555	1.302564	1.323077	1.312088
00:00:00.556	1.279853	1.311355	1.276923
00:00:00.556	1.284982	1.322344	1.284249
00:00:00.557	1.265201	1.320879	1.314286
00:00:00.557	1.263736	1.326740	1.316484
00:00:00.557	1.282051	1.319414	1.313553
00:00:00.558	1.333333	1.320879	1.345788
00:00:00.558	1.375824	1.312088	1.338462
00:00:00.558	1.384615	1.322344	1.323810
00:00:00.559	1.401465	1.322344	1.373626
00:00:00.559	1.385348	1.323077	1.357509
00:00:00.560	1.347253	1.324542	1.326007
00:00:00.560	1.334066	1.328205	1.343590
00:00:00.560	1.293773	1.319414	1.306227
00:00:00.560	1.283516	1.322344	1.304029
00:00:00.561	1.301832	1.321612	1.312088
00:00:00.561	1.298901	1.313553	1.294505
00:00:00.562	1.282051	1.313553	1.307692
00:00:00.562	1.295971	1.328938	1.330403
00:00:00.562	1.280586	1.317216	1.311355
00:00:00.563	1.302564	1.323810	1.300366
00:00:00.563	1.299634	1.315751	1.284982
00:00:00.563	1.331868	1.315018	1.307692
00:00:00.564	1.353114	1.322344	1.321612
00:00:00.596	1.295971	1.317949	1.298168
00:00:00.596	1.296703	1.317949	1.302564
00:00:00.597	1.293773	1.317949	1.331136
00:00:00.597	1.304762	1.317216	1.378022
00:00:00.597	1.311355	1.317949	1.361172
00:00:00.598	1.298168	1.312088	1.314286
00:00:00.598	1.317216	1.320147	1.315018
00:00:00.598	1.304029	1.310623	1.309158
00:00:00.599	1.297436	1.310623	1.298901
00:00:00.599	1.326740	1.327473	1.320879
00:00:00.599	1.312088	1.314286	1.307692
00:00:00.601	1.307692	1.326740	1.312088
00:00:00.601	1.319414	1.324542	1.318681
00:00:00.601	1.315751	1.308425	1.315751
00:00:00.601	1.315018	1.315751	1.312088
00:00:00.601	1.317949	1.326007	1.331868
00:00:00.606	1.317216	1.322344	1.323810
00:00:00.606	1.311355	1.316484	1.306227
00:00:00.606	1.309158	1.316484	1.320147
00:00:00.606	1.304029	1.321612	1.320879
00:00:00.606	1.296703	1.320147	1.320879
00:00:00.606	1.312088	1.307692	1.315751
00:00:00.606	1.315018	1.304762	1.306227
00:00:00.606	1.323810	1.313553	1.307692
00:00:00.606	1.331136	1.326007	1.322344
00:00:00.606	1.315018	1.313553	1.314286
00:00:00.606	1.298901	1.319414	1.318681
00:00:00.606	1.312088	1.322344	1.319414
00:00:00.606	1.322344	1.326007	1.326007
00:00:00.606	1.317949	1.317949	1.326740
00:00:00.610	1.301832	1.312821	1.311355
00:00:00.610	1.309158	1.320879	1.323077
00:00:00.610	1.315751	1.323077	1.317216
00:00:00.610	1.305495	1.310623	1.314286
00:00:00.610	1.310623	1.327473	1.317216
00:00:00.610	1.312821	1.324542	1.312088
00:00:00.610	1.308425	1.315751	1.301099
00:00:00.610	1.328938	1.320879	1.315018
00:00:00.610	1.320879	1.312821	1.315018
00:00:00.610	1.316484	1.318681	1.331136
00:00:00.610	1.323077	1.320147	1.332601
00:00:00.611	1.319414	1.324542	1.340659
00:00:00.611	1.307692	1.317216	1.331136
00:00:00.611	1.294505	1.312088	1.315751
00:00:00.612	1.309158	1.326740	1.320879
00:00:00.612	1.297436	1.320879	1.317216
00:00:00.612	1.309890	1.328205	1.326740
00:00:00.613	1.302564	1.318681	1.308425
00:00:00.613	1.294505	1.311355	1.320879
00:00:00.613	1.308425	1.319414	1.323810
00:00:00.646	1.308425	1.326007	1.317949
00:00:00.646	1.319414	1.323077	1.313553
00:00:00.646	1.312088	1.308425	1.312088
00:00:00.647	1.345055	1.322344	1.339194
00:00:00.647	1.317949	1.306227	1.302564
00:00:00.647	1.320879	1.326007	1.287179
00:00:00.648	1.318681	1.323077	1.303297
00:00:00.648	1.302564	1.321612	1.303297
00:00:00.649	1.306960	1.317949	1.323810
00:00:00.649	1.305495	1.309890	1.336264
00:00:00.649	1.309158	1.320147	1.347253
00:00:00.650	1.331868	1.325275	1.339194
00:00:00.650	1.323077	1.314286	1.325275
00:00:00.650	1.300366	1.320147	1.292308
00:00:00.651	1.283516	1.318681	1.295238
00:00:00.651	1.272527	1.322344	1.298901
00:00:00.651	1.283516	1.322344	1.313553
00:00:00.652	1.304762	1.320879	1.296703
00:00:00.652	1.314286	1.311355	1.273260
00:00:00.652	1.336264	1.316484	1.307692
00:00:00.653	1.356044	1.328205	1.322344
00:00:00.653	1.359707	1.320879	1.322344
00:00:00.654	1.375092	1.323810	1.424176
00:00:00.654	1.397802	1.333333	1.430769
00:00:00.654	1.354579	1.320879	1.366300
00:00:00.655	1.283516	1.314286	1.328938
00:00:00.655	1.274725	1.321612	1.309158
00:00:00.655	1.284982	1.323077	1.298168
00:00:00.656	1.293040	1.311355	1.289377
00:00:00.656	1.312088	1.315751	1.288645
00:00:00.656	1.282784	1.315018	1.284982
00:00:00.657	1.271062	1.323810	1.294505
00:00:00.657	1.289377	1.311355	1.298901
00:00:00.657	1.345788	1.328205	1.348718
00:00:00.658	1.310623	1.312821	1.305495
00:00:00.658	1.306960	1.324542	1.320147
00:00:00.659	1.323077	1.325275	1.333333
00:00:00.659	1.326740	1.326007	1.339927
00:00:00.659	1.306960	1.316484	1.320879
00:00:00.660	1.306227	1.309890	1.320147
00:00:00.660	1.320879	1.311355	1.309890
00:00:00.660	1.311355	1.326007	1.317949
00:00:00.661	1.306960	1.326740	1.315751
00:00:00.661	1.309158	1.318681	1.310623
00:00:00.661	1.310623	1.320147	1.312821
00:00:00.662	1.304029	1.317949	1.306960
00:00:00.662	1.320147	1.323810	1.328205
00:00:00.663	1.320147	1.321612	1.323810
00:00:00.663	1.317949	1.319414	1.316484
00:00:00.663	1.314286	1.318681	1.316484
00:00:00.695	1.304762	1.313553	1.317949
00:00:00.697	1.303297	1.322344	1.322344
00:00:00.697	1.301832	1.310623	1.309890
00:00:00.697	1.312088	1.316484	1.312821
00:00:00.697	1.314286	1.320147	1.320147
00:00:00.697	1.293040	1.310623	1.305495
00:00:00.698	1.313553	1.328205	1.320879
00:00:00.698	1.327473	1.318681	1.332601
00:00:00.698	1.318681	1.325275	1.331868
00:00:00.700	1.298901	1.315751	1.317949
00:00:00.700	1.313553	1.320147	1.321612
00:00:00.700	1.331868	1.323810	1.327473
00:00:00.702	1.323810	1.312088	1.323810
00:00:00.702	1.336264	1.321612	1.323810
00:00:00.702	1.331868	1.317949	1.315751
00:00:00.702	1.312088	1.318681	1.317216
00:00:00.702	1.302564	1.309890	1.309890
00:00:00.702	1.310623	1.323077	1.327473
00:00:00.702	1.313553	1.319414	1.328938
00:00:00.702	1.310623	1.314286	1.323810
00:00:00.703	1.304762	1.314286	1.317216
00:00:00.703	1.313553	1.326007	1.323810
00:00:00.703	1.316484	1.321612	1.320879
00:00:00.707	1.317949	1.320147	1.312821
00:00:00.707	1.279121	1.318681	1.320147
00:00:00.707	1.254945	1.320879	1.320879
00:00:00.707	1.271062	1.320147	1.319414
00:00:00.707	1.301832	1.318681	1.318681
00:00:00.707	1.342125	1.318681	1.320147
00:00:00.707	1.343590	1.315018	1.310623
00:00:00.707	1.355311	1.320879	1.312088
00:00:00.707	1.350183	1.323077	1.315751
00:00:00.707	1.344322	1.323810	1.320147
00:00:00.707	1.310623	1.316484	1.320147
00:00:00.708	1.319414	1.321612	1.338462
00:00:00.708	1.334066	1.328938	1.356044
00:00:00.708	1.338462	1.325275	1.341392
00:00:00.709	1.334799	1.326740	1.323810
00:00:00.709	1.295238	1.317949	1.309890
00:00:00.709	1.257143	1.310623	1.299634
00:00:00.710	1.231502	1.319414	1.315018
00:00:00.710	1.258608	1.317216	1.315018
00:00:00.710	1.295238	1.317216	1.318681
00:00:00.711	1.300366	1.316484	1.310623
00:00:00.711	1.317216	1.323077	1.300366
00:00:00.712	1.323077	1.321612	1.272527
00:00:00.712	1.367033	1.315751	1.300366
00:00:00.712	1.380220	1.316484	1.312088
00:00:00.713	1.367033	1.325275	1.316484
00:00:00.713	1.367766	1.316484	1.336996
00:00:00.745	1.385348	1.324542	1.359707
00:00:00.746	1.371429	1.326740	1.369963
00:00:00.746	1.326740	1.328938	1.402930
00:00:00.746	1.293773	1.328205	1.358974
00:00:00.747	1.220513	1.312088	1.314286
00:00:00.747	1.214652	1.317216	1.293773
00:00:00.747	1.276190	1.329670	1.305495
00:00:00.748	1.292308	1.317216	1.294505
00:00:00.749	1.279853	1.312088	1.287179
00:00:00.749	1.288645	1.324542	1.299634
00:00:00.749	1.323077	1.309158	1.306960
00:00:00.749	1.345055	1.317216	1.333333
00:00:00.749	1.345055	1.312088	1.305495
00:00:00.750	1.339927	1.315018	1.323077
00:00:00.750	1.334066	1.332601	1.332601
00:00:00.751	1.293773	1.329670	1.291575
00:00:00.751	1.279853	1.318681	1.291575
00:00:00.751	1.311355	1.318681	1.303297
00:00:00.752	1.306960	1.312088	1.313553
00:00:00.752	1.326007	1.319414	1.309158
00:00:00.752	1.369963	1.320147	1.349451
00:00:00.753	1.358974	1.309890	1.353846
00:00:00.753	1.348718	1.319414	1.370696
00:00:00.753	1.326740	1.315751	1.358974
00:00:00.754	1.302564	1.315018	1.356777
00:00:00.754	1.304762	1.327473	1.322344
00:00:00.754	1.298168	1.325275	1.285714
00:00:00.755	1.301099	1.319414	1.295238
00:00:00.755	1.292308	1.313553	1.293773
00:00:00.756	1.290110	1.309890	1.300366
00:00:00.756	1.287179	1.312821	1.306960
00:00:00.756	1.304029	1.320147	1.315018
00:00:00.757	1.299634	1.320879	1.309890
00:00:00.757	1.317216	1.324542	1.323810
00:00:00.757	1.300366	1.315751	1.317949
00:00:00.759	1.314286	1.320879	1.323810
00:00:00.759	1.316484	1.323077	1.315751
00:00:00.759	1.307692	1.311355	1.311355
00:00:00.759	1.300366	1.311355	1.311355
00:00:00.759	1.303297	1.315751	1.320879
00:00:00.761	1.314286	1.323810	1.326007
00:00:00.761	1.321612	1.325275	1.324542
00:00:00.761	1.317216	1.318681	1.320879
00:00:00.761	1.318681	1.323810	1.323810
00:00:00.761	1.317216	1.326007	1.320147
00:00:00.761	1.305495	1.310623	1.318681
00:00:00.764	1.311355	1.325275	1.326007
00:00:00.764	1.315018	1.321612	1.320147
00:00:00.764	1.300366	1.317949	1.306227
00:00:00.764	1.320147	1.317216	1.314286
00:00:00.798	1.329670	1.318681	1.331868
00:00:00.798	1.312088	1.320879	1.323810
00:00:00.798	1.314286	1.326007	1.330403
00:00:00.798	1.309890	1.328205	1.324542
00:00:00.798	1.294505	1.320147	1.319414
00:00:00.798	1.295238	1.311355	1.311355
00:00:00.798	1.311355	1.314286	1.332601
00:00:00.798	1.321612	1.326007	1.312088
00:00:00.798	1.322344	1.320879	1.314286
00:00:00.798	1.339194	1.326740	1.323077
00:00:00.802	1.325275	1.324542	1.323810
00:00:00.802	1.309158	1.315751	1.309890
00:00:00.802	1.280586	1.306960	1.296703
00:00:00.802	1.296703	1.315751	1.313553
00:00:00.802	1.317216	1.312088	1.300366
00:00:00.802	1.313553	1.319414	1.317216
00:00:00.802	1.323810	1.321612	1.323810
00:00:00.802	1.317949	1.325275	1.332601
00:00:00.802	1.316484	1.313553	1.333333
00:00:00.802	1.314286	1.326007	1.351648
00:00:00.802	1.275458	1.312088	1.346520
00:00:00.802	1.255678	1.320879	1.326740
00:00:00.803	1.231502	1.308425	1.301832
00:00:00.803	1.264469	1.313553	1.304029
00:00:00.804	1.301099	1.323810	1.304762
00:00:00.804	1.353114	1.316484	1.293040
00:00:00.804	1.420513	1.310623	1.288645
00:00:00.805	1.439560	1.323077	1.280586
00:00:00.805	1.427839	1.313553	1.353114
00:00:00.805	1.386081	1.328938	1.359707
00:00:00.806	1.312088	1.320879	1.341392
00:00:00.806	1.285714	1.308425	1.321612
00:00:00.806	1.273993	1.313553	1.314286
00:00:00.807	1.284249	1.324542	1.336996
00:00:00.807	1.301832	1.332601	1.323077
00:00:00.807	1.292308	1.309890	1.292308
00:00:00.808	1.301832	1.320879	1.308425
00:00:00.808	1.301832	1.324542	1.319414
00:00:00.809	1.297436	1.322344	1.313553
00:00:00.809	1.310623	1.322344	1.346520
00:00:00.809	1.309158	1.318681	1.350183
00:00:00.810	1.315751	1.323077	1.326740
00:00:00.810	1.299634	1.322344	1.315751
00:00:00.810	1.298901	1.325275	1.309158
00:00:00.811	1.304762	1.320147	1.295238
00:00:00.811	1.306960	1.320879	1.306227
00:00:00.811	1.311355	1.314286	1.298168
00:00:00.812	1.317216	1.314286	1.306960
00:00:00.812	1.310623	1.307692	1.298901
00:00:00.812	1.320879	1.313553	1.293040
00:00:00.845	1.301099	1.310623	1.299634
00:00:00.845	1.284249	1.328938	1.333333
00:00:00.845	1.311355	1.323810	1.342857
00:00:00.846	1.311355	1.323810	1.343590
00:00:00.846	1.315018	1.328938	1.336996
00:00:00.846	1.325275	1.315751	1.333333
00:00:00.847	1.305495	1.309890	1.306227
00:00:00.847	1.306227	1.316484	1.315751
00:00:00.848	1.315018	1.320147	1.323810
00:00:00.848	1.307692	1.304762	1.314286
00:00:00.848	1.335531	1.330403	1.332601
00:00:00.849	1.326740	1.326007	1.332601
00:00:00.849	1.293040	1.312821	1.312088
00:00:00.849	1.296703	1.316484	1.310623
00:00:00.850	1.289377	1.326740	1.300366
00:00:00.850	1.280586	1.323077	1.283516
00:00:00.850	1.293040	1.320147	1.264469
00:00:00.851	1.306227	1.314286	1.260806
00:00:00.851	1.291575	1.310623	1.278388
00:00:00.851	1.284249	1.321612	1.316484
00:00:00.852	1.323810	1.317949	1.351648
00:00:00.853	1.390476	1.319414	1.403663
00:00:00.853	1.391941	1.327473	1.385348
00:00:00.853	1.341392	1.323810	1.335531
00:00:00.853	1.329670	1.312088	1.344322
00:00:00.855	1.389744	1.320147	1.365568
00:00:00.855	1.353846	1.327473	1.364835
00:00:00.855	1.300366	1.328205	1.330403
00:00:00.855	1.287179	1.310623	1.318681
00:00:00.855	1.291575	1.320147	1.319414
00:00:00.855	1.310623	1.318681	1.304029
00:00:00.856	1.314286	1.311355	1.284249
00:00:00.856	1.320147	1.325275	1.305495
00:00:00.857	1.304762	1.323077	1.320147
00:00:00.857	1.308425	1.323810	1.304762
00:00:00.857	1.301099	1.323077	1.317216
00:00:00.859	1.275458	1.312821	1.331868
00:00:00.859	1.294505	1.312088	1.335531
00:00:00.859	1.303297	1.311355	1.303297
00:00:00.861	1.315751	1.323810	1.306227
00:00:00.861	1.305495	1.319414	1.300366
00:00:00.861	1.300366	1.317949	1.300366
00:00:00.861	1.287912	1.314286	1.304762
00:00:00.861	1.310623	1.323077	1.312821
00:00:00.861	1.326007	1.323810	1.320879
00:00:00.862	1.332601	1.314286	1.306960
00:00:00.862	1.351648	1.312088	1.323810
00:00:00.862	1.380220	1.323810	1.329670
00:00:00.862	1.352381	1.326007	1.323810
00:00:00.862	1.215385	1.320147	1.311355
00:00:00.894	1.215385	1.314286	1.319414
00:00:00.899	1.264469	1.323077	1.326740
00:00:00.899	1.319414	1.309158	1.314286
00:00:00.899	1.373626	1.317949	1.315751
00:00:00.899	1.381685	1.311355	1.304762
00:00:00.899	1.304029	1.311355	1.312088
00:00:00.899	1.299634	1.323810	1.320879
00:00:00.899	1.303297	1.321612	1.320147
00:00:00.899	1.309158	1.320879	1.326007
00:00:00.899	1.322344	1.324542	1.333333
00:00:00.899	1.323077	1.326007	1.332601
00:00:00.899	1.314286	1.321612	1.329670
00:00:00.899	1.306227	1.320147	1.319414
00:00:00.899	1.309158	1.318681	1.321612
00:00:00.899	1.301832	1.317949	1.315018
00:00:00.900	1.305495	1.319414	1.321612
00:00:00.900	1.318681	1.322344	1.315751
00:00:00.901	1.311355	1.318681	1.317949
00:00:00.901	1.319414	1.321612	1.320879
00:00:00.901	1.299634	1.312821	1.309890
00:00:00.902	1.287179	1.329670	1.336996
00:00:00.902	1.266667	1.327473	1.335531
00:00:00.902	1.285714	1.326007	1.316484
00:00:00.903	1.312088	1.316484	1.295971
00:00:00.903	1.326007	1.311355	1.297436
00:00:00.903	1.346520	1.318681	1.298168
00:00:00.904	1.384615	1.321612	1.290842
00:00:00.904	1.367033	1.318681	1.299634
00:00:00.905	1.319414	1.310623	1.326740
00:00:00.905	1.326007	1.320879	1.342125
00:00:00.905	1.301832	1.319414	1.342125
00:00:00.906	1.316484	1.320147	1.353114
00:00:00.906	1.348718	1.322344	1.378755
00:00:00.906	1.342125	1.322344	1.351648
00:00:00.907	1.332601	1.324542	1.316484
00:00:00.907	1.298168	1.320147	1.304029
00:00:00.907	1.234432	1.317949	1.300366
00:00:00.908	1.209524	1.308425	1.297436
00:00:00.908	1.262271	1.328205	1.299634
00:00:00.908	1.276190	1.326007	1.295971
00:00:00.909	1.269597	1.319414	1.276923
00:00:00.909	1.279853	1.311355	1.282051
00:00:00.910	1.332601	1.315018	1.321612
00:00:00.910	1.356777	1.321612	1.333333
00:00:00.910	1.350183	1.325275	1.378755
00:00:00.911	1.362637	1.323810	1.370696
00:00:00.911	1.435897	1.315018	1.360440
00:00:00.911	1.441026	1.319414	1.336264
00:00:00.912	1.419048	1.321612	1.300366
00:00:00.912	1.334799	1.313553	1.308425
00:00:00.944	1.255678	1.325275	1.317216
00:00:00.945	1.234432	1.317949	1.293773
00:00:00.945	1.244689	1.321612	1.287912
00:00:00.945	1.271795	1.320147	1.296703
00:00:00.946	1.303297	1.315018	1.329670
00:00:00.946	1.284249	1.322344	1.287912
00:00:00.946	1.284982	1.321612	1.279853
00:00:00.947	1.309158	1.323077	1.298168
00:00:00.947	1.327473	1.315018	1.329670
00:00:00.947	1.339927	1.327473	1.328938
00:00:00.948	1.318681	1.322344	1.315751
00:00:00.948	1.323810	1.323077	1.346520
00:00:00.949	1.347253	1.326740	1.379487
00:00:00.949	1.323810	1.321612	1.351648
00:00:00.949	1.315751	1.322344	1.328205
00:00:00.950	1.314286	1.320147	1.333333
00:00:00.950	1.321612	1.326007	1.323810
00:00:00.950	1.288645	1.315018	1.300366
00:00:00.951	1.293773	1.319414	1.312821
00:00:00.951	1.305495	1.320879	1.323810
00:00:00.951	1.293773	1.317949	1.317949
00:00:00.952	1.298901	1.322344	1.320147
00:00:00.952	1.301832	1.315751	1.304029
00:00:00.952	1.298168	1.308425	1.302564
00:00:00.953	1.312821	1.310623	1.298901
00:00:00.953	1.320879	1.320147	1.307692
00:00:00.956	1.330403	1.321612	1.314286
00:00:00.956	1.320879	1.320879	1.318681
00:00:00.956	1.306227	1.318681	1.312821
00:00:00.956	1.311355	1.320879	1.322344
00:00:00.956	1.310623	1.310623	1.310623
00:00:00.956	1.314286	1.324542	1.330403
00:00:00.957	1.310623	1.313553	1.309890
00:00:00.957	1.309158	1.317216	1.321612
00:00:00.957	1.313553	1.323810	1.323810
00:00:00.958	1.313553	1.320147	1.318681
00:00:00.958	1.306227	1.314286	1.312821
00:00:00.958	1.315018	1.323810	1.317949
00:00:00.958	1.311355	1.323077	1.327473
00:00:00.958	1.322344	1.323810	1.323810
00:00:00.962	1.317949	1.320879	1.318681
00:00:00.962	1.315751	1.313553	1.312821
00:00:00.962	1.309890	1.319414	1.323810
00:00:00.962	1.322344	1.323077	1.326740
00:00:00.962	1.318681	1.323077	1.317216
00:00:00.962	1.312088	1.323077	1.318681
00:00:00.962	1.309890	1.321612	1.323077
00:00:00.962	1.303297	1.314286	1.320147
00:00:00.962	1.313553	1.320879	1.323810
00:00:00.962	1.309890	1.314286	1.317949
