timestamp	ch1	ch2	ch3
00:00:00.000	1.310623	1.311355	1.312821
00:00:00.000	1.304762	1.315751	1.306960
00:00:00.000	1.298901	1.317216	1.326007
00:00:00.000	1.315018	1.321612	1.321612
00:00:00.000	1.317949	1.321612	1.312821
00:00:00.004	1.327473	1.323810	1.323810
00:00:00.004	1.309890	1.321612	1.323810
00:00:00.004	1.322344	1.327473	1.343590
00:00:00.004	1.324542	1.320879	1.322344
00:00:00.004	1.317216	1.317949	1.298901
00:00:00.004	1.308425	1.311355	1.293773
00:00:00.004	1.321612	1.326740	1.325275
00:00:00.004	1.317216	1.326007	1.329670
00:00:00.004	1.314286	1.326007	1.320879
00:00:00.006	1.293040	1.312821	1.331868
00:00:00.006	1.306960	1.320879	1.342857
00:00:00.006	1.304029	1.314286	1.339927
00:00:00.006	1.306960	1.322344	1.297436
00:00:00.006	1.315018	1.326740	1.292308
00:00:00.006	1.300366	1.323810	1.288645
00:00:00.006	1.293040	1.319414	1.293040
00:00:00.007	1.298901	1.315751	1.290110
00:00:00.007	1.300366	1.306227	1.294505
00:00:00.007	1.306960	1.308425	1.333333
00:00:00.008	1.343590	1.317949	1.344322
00:00:00.040	1.362637	1.331136	1.360440
00:00:00.040	1.342857	1.324542	1.365568
00:00:00.041	1.316484	1.324542	1.337729
00:00:00.041	1.322344	1.325275	1.336996
00:00:00.041	1.301832	1.323810	1.318681
00:00:00.042	1.301832	1.328205	1.392674
00:00:00.042	1.354579	1.323077	1.402198
00:00:00.042	1.342857	1.315018	1.339194
00:00:00.043	1.305495	1.319414	1.297436
00:00:00.043	1.304762	1.322344	1.283516
00:00:00.043	1.306960	1.323810	1.287179
00:00:00.044	1.293040	1.309890	1.284249
00:00:00.044	1.306960	1.308425	1.307692
00:00:00.044	1.331868	1.315751	1.326007
00:00:00.045	1.301099	1.321612	1.313553
00:00:00.045	1.320879	1.318681	1.328205
00:00:00.046	1.309158	1.312821	1.305495
00:00:00.046	1.323810	1.325275	1.358242
00:00:00.046	1.315751	1.323810	1.361905
00:00:00.047	1.294505	1.313553	1.320147
00:00:00.047	1.284982	1.312088	1.306960
00:00:00.047	1.304762	1.327473	1.312821
00:00:00.048	1.301099	1.325275	1.312088
00:00:00.048	1.312088	1.328205	1.315018
00:00:00.048	1.298168	1.312088	1.284982
00:00:00.049	1.309158	1.314286	1.305495
00:00:00.049	1.316484	1.312088	1.290110
00:00:00.049	1.326740	1.321612	1.303297
00:00:00.050	1.309158	1.313553	1.294505
00:00:00.050	1.350183	1.318681	1.336264
00:00:00.051	1.345788	1.315018	1.334799
00:00:00.051	1.322344	1.316484	1.323810
00:00:00.051	1.310623	1.325275	1.323810
00:00:00.052	1.305495	1.317949	1.312821
00:00:00.052	1.298168	1.315751	1.323810
00:00:00.052	1.312088	1.317216	1.317949
00:00:00.053	1.302564	1.312821	1.314286
00:00:00.053	1.309890	1.326007	1.323810
00:00:00.053	1.315018	1.316484	1.317216
00:00:00.054	1.324542	1.326740	1.327473
00:00:00.054	1.309158	1.320147	1.320147
00:00:00.054	1.306960	1.313553	1.316484
00:00:00.055	1.314286	1.324542	1.326007
00:00:00.055	1.306227	1.315751	1.312088
00:00:00.056	1.309890	1.318681	1.318681
00:00:00.056	1.299634	1.304762	1.312821
00:00:00.057	1.310623	1.319414	1.320147
00:00:00.058	1.312088	1.323810	1.314286
00:00:00.058	1.313553	1.318681	1.311355
00:00:00.058	1.312088	1.326007	1.317949
00:00:00.090	1.312821	1.319414	1.320879
00:00:00.090	1.313553	1.312821	1.310623
00:00:00.090	1.320879	1.322344	1.345788
00:00:00.091	1.322344	1.324542	1.333333
00:00:00.091	1.326007	1.318681	1.318681
00:00:00.091	1.320879	1.317949	1.320879
00:00:00.096	1.320879	1.323077	1.323077
00:00:00.096	1.327473	1.317949	1.316484
00:00:00.096	1.315751	1.308425	1.313553
00:00:00.096	1.313553	1.323810	1.326740
00:00:00.096	1.298168	1.326740	1.321612
00:00:00.096	1.278388	1.317949	1.312088
00:00:00.096	1.286447	1.304762	1.320147
00:00:00.096	1.311355	1.325275	1.326740
00:00:00.096	1.329670	1.325275	1.323810
00:00:00.096	1.335531	1.324542	1.326007
00:00:00.096	1.303297	1.312821	1.321612
00:00:00.096	1.309890	1.323810	1.322344
00:00:00.096	1.312821	1.323810	1.307692
00:00:00.096	1.311355	1.321612	1.302564
00:00:00.100	1.322344	1.326740	1.311355
00:00:00.100	1.330403	1.323077	1.309158
00:00:00.100	1.321612	1.322344	1.309890
00:00:00.100	1.298901	1.309890	1.301832
00:00:00.100	1.304029	1.312088	1.318681
00:00:00.100	1.315018	1.327473	1.341392
00:00:00.100	1.315018	1.317216	1.334066
00:00:00.100	1.312821	1.310623	1.344322
00:00:00.101	1.321612	1.323077	1.344322
00:00:00.101	1.320879	1.323077	1.320879
00:00:00.101	1.313553	1.319414	1.306227
00:00:00.101	1.306960	1.313553	1.304762
00:00:00.101	1.309158	1.323077	1.317949
00:00:00.101	1.274725	1.320879	1.313553
00:00:00.102	1.295971	1.313553	1.321612
00:00:00.102	1.301099	1.312821	1.308425
00:00:00.102	1.310623	1.321612	1.293773
00:00:00.103	1.334799	1.320879	1.304029
00:00:00.103	1.327473	1.310623	1.306227
00:00:00.104	1.367766	1.320147	1.323810
00:00:00.104	1.367766	1.328205	1.331136
00:00:00.104	1.317216	1.320879	1.330403
00:00:00.105	1.295238	1.309158	1.355311
00:00:00.105	1.304029	1.327473	1.336264
00:00:00.105	1.317216	1.324542	1.317216
00:00:00.106	1.326007	1.314286	1.334066
00:00:00.106	1.309890	1.315018	1.323810
00:00:00.106	1.308425	1.323810	1.309890
00:00:00.107	1.316484	1.317949	1.295971
00:00:00.107	1.332601	1.317949	1.320879
00:00:00.139	1.318681	1.319414	1.347253
00:00:00.140	1.301832	1.322344	1.336996
00:00:00.140	1.290842	1.315018	1.306227
00:00:00.141	1.316484	1.319414	1.336264
00:00:00.141	1.306227	1.319414	1.318681
00:00:00.141	1.289377	1.319414	1.305495
00:00:00.141	1.302564	1.320147	1.317216
00:00:00.142	1.313553	1.317949	1.319414
00:00:00.142	1.317216	1.317216	1.309890
00:00:00.143	1.310623	1.320879	1.298901
00:00:00.143	1.315018	1.317949	1.314286
00:00:00.143	1.311355	1.315751	1.315751
00:00:00.144	1.304029	1.317216	1.335531
00:00:00.144	1.314286	1.316484	1.364835
00:00:00.144	1.311355	1.326007	1.356044
00:00:00.145	1.306227	1.330403	1.318681
00:00:00.145	1.312821	1.324542	1.298901
00:00:00.145	1.328205	1.317949	1.300366
00:00:00.146	1.344322	1.317949	1.311355
00:00:00.146	1.317216	1.306960	1.297436
00:00:00.147	1.312088	1.321612	1.315751
00:00:00.147	1.315751	1.328938	1.330403
00:00:00.147	1.285714	1.309890	1.303297
00:00:00.148	1.296703	1.312088	1.320879
00:00:00.148	1.306960	1.326007	1.334799
00:00:00.148	1.313553	1.320147	1.334066
00:00:00.149	1.325275	1.323810	1.319414
00:00:00.149	1.308425	1.315751	1.298168
00:00:00.149	1.307692	1.318681	1.290110
00:00:00.150	1.335531	1.325275	1.302564
00:00:00.150	1.350183	1.317216	1.306227
00:00:00.150	1.320147	1.309890	1.315751
00:00:00.151	1.320147	1.326007	1.336264
00:00:00.151	1.276923	1.323810	1.317949
00:00:00.152	1.271795	1.312088	1.304762
00:00:00.152	1.304762	1.318681	1.312088
00:00:00.152	1.319414	1.321612	1.320147
00:00:00.153	1.327473	1.326007	1.326740
00:00:00.153	1.334066	1.317949	1.317216
00:00:00.153	1.342857	1.312088	1.309890
00:00:00.154	1.335531	1.326007	1.339194
00:00:00.155	1.308425	1.322344	1.364103
00:00:00.155	1.311355	1.316484	1.331868
00:00:00.155	1.303297	1.316484	1.323077
00:00:00.155	1.317216	1.326007	1.320879
00:00:00.155	1.315751	1.326007	1.317216
00:00:00.157	1.306227	1.311355	1.310623
00:00:00.157	1.301832	1.308425	1.312821
00:00:00.157	1.306227	1.323077	1.323810
00:00:00.157	1.310623	1.326007	1.319414
00:00:00.192	1.307692	1.320147	1.312821
00:00:00.192	1.300366	1.324542	1.321612
00:00:00.192	1.309890	1.323810	1.323810
00:00:00.192	1.320879	1.326740	1.332601
00:00:00.192	1.314286	1.323810	1.337729
00:00:00.192	1.308425	1.322344	1.329670
00:00:00.192	1.311355	1.318681	1.312821
00:00:00.192	1.314286	1.323810	1.321612
00:00:00.192	1.317216	1.323810	1.323810
00:00:00.196	1.308425	1.312088	1.316484
00:00:00.196	1.323077	1.323810	1.320147
00:00:00.196	1.323077	1.320879	1.326007
00:00:00.196	1.308425	1.319414	1.323077
00:00:00.196	1.328938	1.327473	1.331868
00:00:00.196	1.315751	1.317949	1.328205
00:00:00.196	1.300366	1.318681	1.309890
00:00:00.196	1.305495	1.323077	1.323810
00:00:00.196	1.306960	1.321612	1.306960
00:00:00.196	1.321612	1.325275	1.293040
00:00:00.196	1.300366	1.312821	1.288645
00:00:00.196	1.314286	1.309158	1.313553
00:00:00.198	1.357509	1.335531	1.368498
00:00:00.198	1.332601	1.328205	1.351648
00:00:00.198	1.296703	1.319414	1.306960
00:00:00.198	1.303297	1.315018	1.305495
00:00:00.198	1.289377	1.314286	1.278388
00:00:00.198	1.296703	1.320879	1.295238
00:00:00.199	1.307692	1.316484	1.284249
00:00:00.199	1.314286	1.317949	1.273993
00:00:00.200	1.306227	1.311355	1.306227
00:00:00.200	1.319414	1.323810	1.358974
00:00:00.200	1.323077	1.318681	1.361905
00:00:00.201	1.370696	1.319414	1.408791
00:00:00.201	1.358974	1.323077	1.353114
00:00:00.201	1.323810	1.320147	1.377289
00:00:00.202	1.331868	1.327473	1.379487
00:00:00.202	1.294505	1.320879	1.293040
00:00:00.202	1.280586	1.309890	1.255678
00:00:00.203	1.291575	1.306227	1.259341
00:00:00.203	1.304762	1.315751	1.297436
00:00:00.203	1.299634	1.305495	1.307692
00:00:00.204	1.317949	1.318681	1.320879
00:00:00.204	1.323810	1.321612	1.334799
00:00:00.205	1.280586	1.328205	1.343590
00:00:00.205	1.268132	1.327473	1.334066
00:00:00.205	1.302564	1.327473	1.325275
00:00:00.206	1.325275	1.320879	1.308425
00:00:00.206	1.328205	1.323810	1.308425
00:00:00.206	1.343590	1.323077	1.316484
00:00:00.207	1.354579	1.309158	1.298168
00:00:00.239	1.352381	1.325275	1.309158
00:00:00.239	1.309890	1.308425	1.300366
00:00:00.240	1.300366	1.315018	1.309158
00:00:00.240	1.329670	1.323810	1.332601
00:00:00.240	1.313553	1.328205	1.332601
00:00:00.241	1.296703	1.309890	1.316484
00:00:00.241	1.309158	1.322344	1.308425
00:00:00.241	1.315018	1.323077	1.323810
00:00:00.242	1.320147	1.320147	1.345788
00:00:00.242	1.316484	1.324542	1.333333
00:00:00.242	1.312821	1.323810	1.320879
00:00:00.243	1.308425	1.320147	1.318681
00:00:00.243	1.307692	1.316484	1.309158
00:00:00.244	1.311355	1.310623	1.312821
00:00:00.244	1.299634	1.315751	1.311355
00:00:00.244	1.297436	1.308425	1.318681
00:00:00.246	1.315018	1.327473	1.337729
00:00:00.246	1.315751	1.323077	1.327473
00:00:00.246	1.299634	1.310623	1.318681
00:00:00.246	1.317216	1.321612	1.320147
00:00:00.246	1.309890	1.322344	1.326740
00:00:00.246	1.321612	1.324542	1.323810
00:00:00.247	1.317216	1.319414	1.316484
00:00:00.247	1.306227	1.318681	1.310623
00:00:00.247	1.315018	1.321612	1.317216
00:00:00.248	1.312821	1.319414	1.315018
00:00:00.248	1.309158	1.310623	1.310623
00:00:00.249	1.310623	1.316484	1.310623
00:00:00.249	1.303297	1.314286	1.318681
00:00:00.249	1.310623	1.318681	1.311355
00:00:00.250	1.311355	1.323810	1.323810
00:00:00.250	1.312088	1.324542	1.315018
00:00:00.250	1.315018	1.320879	1.326740
00:00:00.251	1.320147	1.323810	1.328938
00:00:00.251	1.318681	1.325275	1.328938
00:00:00.251	1.320879	1.325275	1.320879
00:00:00.254	1.317949	1.315751	1.313553
00:00:00.254	1.314286	1.317216	1.327473
00:00:00.254	1.333333	1.315751	1.310623
00:00:00.254	1.319414	1.314286	1.305495
00:00:00.254	1.306960	1.310623	1.300366
00:00:00.254	1.316484	1.324542	1.312821
00:00:00.254	1.307692	1.323810	1.307692
00:00:00.256	1.285714	1.312821	1.305495
00:00:00.256	1.298901	1.325275	1.330403
00:00:00.256	1.309158	1.314286	1.335531
00:00:00.256	1.328205	1.324542	1.337729
00:00:00.256	1.326740	1.327473	1.326740
00:00:00.256	1.329670	1.318681	1.315751
00:00:00.260	1.337729	1.312821	1.322344
00:00:00.291	1.315018	1.320147	1.331868
00:00:00.291	1.308425	1.316484	1.308425
00:00:00.291	1.297436	1.312088	1.315751
00:00:00.291	1.294505	1.314286	1.293040
00:00:00.291	1.301099	1.314286	1.271062
00:00:00.291	1.295238	1.319414	1.292308
00:00:00.291	1.282784	1.313553	1.309890
00:00:00.291	1.298168	1.323810	1.331868
00:00:00.291	1.284982	1.326740	1.342125
00:00:00.293	1.292308	1.316484	1.334799
00:00:00.293	1.294505	1.310623	1.317949
00:00:00.293	1.331868	1.320879	1.319414
00:00:00.293	1.359707	1.320879	1.298168
00:00:00.293	1.369963	1.318681	1.289377
00:00:00.294	1.426374	1.323077	1.361172
00:00:00.294	1.402198	1.329670	1.381685
00:00:00.294	1.309890	1.328938	1.366300
00:00:00.295	1.282784	1.318681	1.329670
00:00:00.295	1.308425	1.318681	1.310623
00:00:00.295	1.304762	1.311355	1.308425
00:00:00.296	1.307692	1.323810	1.295238
00:00:00.296	1.312088	1.323077	1.312821
00:00:00.297	1.264469	1.320879	1.312088
00:00:00.298	1.224908	1.317949	1.296703
00:00:00.298	1.246886	1.318681	1.296703
00:00:00.298	1.295238	1.323077	1.304762
00:00:00.298	1.323810	1.319414	1.334066
00:00:00.298	1.321612	1.311355	1.315751
00:00:00.299	1.323810	1.308425	1.315751
00:00:00.299	1.331868	1.321612	1.328205
00:00:00.299	1.334799	1.324542	1.363370
00:00:00.300	1.326007	1.323810	1.337729
00:00:00.300	1.299634	1.312821	1.306227
00:00:00.300	1.291575	1.319414	1.296703
00:00:00.301	1.309158	1.323077	1.310623
00:00:00.301	1.318681	1.321612	1.328938
00:00:00.302	1.314286	1.320879	1.317949
00:00:00.302	1.309158	1.319414	1.309890
00:00:00.302	1.304762	1.319414	1.299634
00:00:00.303	1.364835	1.326007	1.318681
00:00:00.303	1.356044	1.323077	1.322344
00:00:00.303	1.339927	1.326740	1.375824
00:00:00.304	1.311355	1.314286	1.363370
00:00:00.304	1.307692	1.313553	1.336264
00:00:00.304	1.306227	1.322344	1.315018
00:00:00.305	1.297436	1.320147	1.310623
00:00:00.305	1.303297	1.323077	1.309890
00:00:00.305	1.300366	1.315751	1.305495
00:00:00.306	1.294505	1.305495	1.296703
00:00:00.306	1.315018	1.320879	1.321612
00:00:00.338	1.317216	1.326007	1.317949
00:00:00.339	1.319414	1.325275	1.315018
00:00:00.339	1.296703	1.313553	1.308425
00:00:00.339	1.304029	1.318681	1.315018
00:00:00.340	1.320879	1.324542	1.322344
00:00:00.340	1.311355	1.318681	1.315018
00:00:00.341	1.309890	1.325275	1.320879
00:00:00.341	1.308425	1.312821	1.315751
00:00:00.341	1.309158	1.321612	1.320147
00:00:00.342	1.312088	1.317216	1.317949
00:00:00.342	1.312088	1.317216	1.319414
00:00:00.342	1.315018	1.320147	1.312821
00:00:00.343	1.313553	1.319414	1.317949
00:00:00.343	1.320879	1.312088	1.320147
00:00:00.343	1.315018	1.310623	1.320879
00:00:00.344	1.316484	1.319414	1.321612
00:00:00.344	1.309158	1.317216	1.323077
00:00:00.344	1.308425	1.317949	1.320879
00:00:00.345	1.300366	1.318681	1.317216
00:00:00.346	1.309890	1.316484	1.316484
00:00:00.346	1.312088	1.317949	1.316484
00:00:00.346	1.319414	1.323810	1.323810
00:00:00.346	1.315751	1.318681	1.326007
00:00:00.348	1.312088	1.320879	1.320147
00:00:00.348	1.316484	1.323810	1.316484
00:00:00.348	1.314286	1.320879	1.313553
00:00:00.350	1.302564	1.306960	1.312821
00:00:00.350	1.295971	1.315018	1.323077
00:00:00.350	1.295971	1.318681	1.315018
00:00:00.350	1.303297	1.320879	1.309890
00:00:00.351	1.310623	1.326007	1.323077
00:00:00.351	1.319414	1.321612	1.317216
00:00:00.351	1.320879	1.312821	1.312821
00:00:00.351	1.327473	1.328205	1.331136
00:00:00.351	1.312088	1.317216	1.326007
00:00:00.351	1.336264	1.300366	1.317949
00:00:00.351	1.328938	1.306960	1.310623
00:00:00.356	1.301832	1.306960	1.315018
00:00:00.356	1.291575	1.312821	1.300366
00:00:00.356	1.300366	1.328938	1.310623
00:00:00.356	1.306227	1.326740	1.309158
00:00:00.356	1.294505	1.325275	1.323810
00:00:00.356	1.305495	1.328938	1.345055
00:00:00.356	1.312088	1.323810	1.335531
00:00:00.356	1.308425	1.316484	1.328938
00:00:00.356	1.307692	1.313553	1.319414
00:00:00.356	1.320147	1.324542	1.323810
00:00:00.356	1.312821	1.315018	1.328938
00:00:00.356	1.347253	1.322344	1.342125
00:00:00.356	1.334066	1.308425	1.328205
00:00:00.388	1.309158	1.320147	1.319414
00:00:00.390	1.312088	1.328205	1.317216
00:00:00.390	1.335531	1.322344	1.327473
00:00:00.390	1.326007	1.317216	1.297436
00:00:00.390	1.307692	1.312088	1.298901
00:00:00.390	1.302564	1.323810	1.316484
00:00:00.390	1.290110	1.317949	1.311355
00:00:00.391	1.309158	1.326007	1.312821
00:00:00.391	1.303297	1.318681	1.323810
00:00:00.391	1.289377	1.311355	1.312088
00:00:00.392	1.292308	1.315018	1.302564
00:00:00.392	1.306227	1.326740	1.319414
00:00:00.392	1.305495	1.324542	1.325275
00:00:00.393	1.297436	1.323077	1.312821
00:00:00.393	1.338462	1.313553	1.323810
00:00:00.394	1.353114	1.324542	1.356777
00:00:00.394	1.333333	1.329670	1.322344
00:00:00.394	1.318681	1.306960	1.293773
00:00:00.395	1.332601	1.307692	1.309890
00:00:00.395	1.320147	1.312821	1.312088
00:00:00.395	1.316484	1.321612	1.335531
00:00:00.396	1.315751	1.324542	1.314286
00:00:00.396	1.308425	1.316484	1.312088
00:00:00.396	1.307692	1.324542	1.332601
00:00:00.397	1.299634	1.314286	1.349451
00:00:00.397	1.306227	1.325275	1.354579
00:00:00.397	1.302564	1.323077	1.312088
00:00:00.398	1.279853	1.311355	1.276923
00:00:00.398	1.284982	1.322344	1.284249
00:00:00.399	1.265201	1.320879	1.314286
00:00:00.399	1.263736	1.326740	1.316484
00:00:00.399	1.282051	1.319414	1.313553
00:00:00.400	1.333333	1.320879	1.345788
00:00:00.400	1.375824	1.312088	1.338462
00:00:00.400	1.384615	1.322344	1.323810
00:00:00.401	1.401465	1.322344	1.373626
00:00:00.401	1.385348	1.323077	1.357509
00:00:00.402	1.347253	1.324542	1.326007
00:00:00.402	1.334066	1.328205	1.343590
00:00:00.402	1.293773	1.319414	1.306227
00:00:00.402	1.283516	1.322344	1.304029
00:00:00.403	1.301832	1.321612	1.312088
00:00:00.403	1.298901	1.313553	1.294505
00:00:00.404	1.282051	1.313553	1.307692
00:00:00.404	1.295971	1.328938	1.330403
00:00:00.404	1.280586	1.317216	1.311355
00:00:00.405	1.302564	1.323810	1.300366
00:00:00.405	1.299634	1.315751	1.284982
00:00:00.405	1.331868	1.315018	1.307692
00:00:00.406	1.353114	1.322344	1.321612
00:00:00.438	1.295971	1.317949	1.298168
00:00:00.438	1.296703	1.317949	1.302564
00:00:00.439	1.293773	1.317949	1.331136
00:00:00.439	1.304762	1.317216	1.378022
00:00:00.439	1.311355	1.317949	1.361172
00:00:00.440	1.298168	1.312088	1.314286
00:00:00.440	1.317216	1.320147	1.315018
00:00:00.440	1.304029	1.310623	1.309158
00:00:00.441	1.297436	1.310623	1.298901
00:00:00.441	1.326740	1.327473	1.320879
00:00:00.441	1.312088	1.314286	1.307692
00:00:00.443	1.307692	1.326740	1.312088
00:00:00.443	1.319414	1.324542	1.318681
00:00:00.443	1.315751	1.308425	1.315751
00:00:00.443	1.315018	1.315751	1.312088
00:00:00.443	1.317949	1.326007	1.331868
00:00:00.448	1.317216	1.322344	1.323810
00:00:00.448	1.311355	1.316484	1.306227
00:00:00.448	1.309158	1.316484	1.320147
00:00:00.448	1.304029	1.321612	1.320879
00:00:00.448	1.296703	1.320147	1.320879
00:00:00.448	1.312088	1.307692	1.315751
00:00:00.448	1.315018	1.304762	1.306227
00:00:00.448	1.323810	1.313553	1.307692
00:00:00.448	1.331136	1.326007	1.322344
00:00:00.448	1.315018	1.313553	1.314286
00:00:00.448	1.298901	1.319414	1.318681
00:00:00.448	1.312088	1.322344	1.319414
00:00:00.448	1.322344	1.326007	1.326007
00:00:00.448	1.317949	1.317949	1.326740
00:00:00.453	1.301832	1.312821	1.311355
00:00:00.453	1.309158	1.320879	1.323077
00:00:00.453	1.315751	1.323077	1.317216
00:00:00.453	1.305495	1.310623	1.314286
00:00:00.453	1.310623	1.327473	1.317216
00:00:00.453	1.312821	1.324542	1.312088
00:00:00.453	1.308425	1.315751	1.301099
00:00:00.453	1.328938	1.320879	1.315018
00:00:00.453	1.320879	1.312821	1.315018
00:00:00.453	1.316484	1.318681	1.331136
00:00:00.453	1.323077	1.320147	1.332601
00:00:00.453	1.319414	1.324542	1.340659
00:00:00.453	1.307692	1.317216	1.331136
00:00:00.453	1.294505	1.312088	1.315751
00:00:00.454	1.309158	1.326740	1.320879
00:00:00.454	1.297436	1.320879	1.317216
00:00:00.454	1.309890	1.328205	1.326740
00:00:00.455	1.302564	1.318681	1.308425
00:00:00.455	1.294505	1.311355	1.320879
00:00:00.455	1.308425	1.319414	1.323810
00:00:00.488	1.308425	1.326007	1.317949
00:00:00.488	1.319414	1.323077	1.313553
00:00:00.488	1.312088	1.308425	1.312088
00:00:00.489	1.345055	1.322344	1.339194
00:00:00.489	1.317949	1.306227	1.302564
00:00:00.489	1.320879	1.326007	1.287179
00:00:00.490	1.318681	1.323077	1.303297
00:00:00.490	1.302564	1.321612	1.303297
00:00:00.491	1.306960	1.317949	1.323810
00:00:00.491	1.305495	1.309890	1.336264
00:00:00.491	1.309158	1.320147	1.347253
00:00:00.492	1.331868	1.325275	1.339194
00:00:00.492	1.323077	1.314286	1.325275
00:00:00.492	1.300366	1.320147	1.292308
00:00:00.493	1.283516	1.318681	1.295238
00:00:00.493	1.272527	1.322344	1.298901
00:00:00.493	1.283516	1.322344	1.313553
00:00:00.494	1.304762	1.320879	1.296703
00:00:00.494	1.314286	1.311355	1.273260
00:00:00.494	1.336264	1.316484	1.307692
00:00:00.495	1.356044	1.328205	1.322344
00:00:00.495	1.359707	1.320879	1.322344
00:00:00.496	1.375092	1.323810	1.424176
00:00:00.496	1.397802	1.333333	1.430769
00:00:00.496	1.354579	1.320879	1.366300
00:00:00.497	1.283516	1.314286	1.328938
00:00:00.497	1.274725	1.321612	1.309158
00:00:00.497	1.284982	1.323077	1.298168
00:00:00.498	1.293040	1.311355	1.289377
00:00:00.498	1.312088	1.315751	1.288645
00:00:00.498	1.282784	1.315018	1.284982
00:00:00.499	1.271062	1.323810	1.294505
00:00:00.499	1.289377	1.311355	1.298901
00:00:00.500	1.345788	1.328205	1.348718
00:00:00.500	1.310623	1.312821	1.305495
00:00:00.500	1.306960	1.324542	1.320147
00:00:00.501	1.323077	1.325275	1.333333
00:00:00.501	1.326740	1.326007	1.339927
00:00:00.501	1.306960	1.316484	1.320879
00:00:00.502	1.306227	1.309890	1.320147
00:00:00.502	1.320879	1.311355	1.309890
00:00:00.502	1.311355	1.326007	1.317949
00:00:00.503	1.306960	1.326740	1.315751
00:00:00.503	1.309158	1.318681	1.310623
00:00:00.503	1.310623	1.320147	1.312821
00:00:00.504	1.304029	1.317949	1.306960
00:00:00.504	1.320147	1.323810	1.328205
00:00:00.505	1.320147	1.321612	1.323810
00:00:00.505	1.317949	1.319414	1.316484
00:00:00.505	1.314286	1.318681	1.316484
00:00:00.537	1.304762	1.313553	1.317949
00:00:00.539	1.303297	1.322344	1.322344
00:00:00.539	1.301832	1.310623	1.309890
00:00:00.539	1.312088	1.316484	1.312821
00:00:00.539	1.314286	1.320147	1.320147
00:00:00.539	1.293040	1.310623	1.305495
00:00:00.541	1.313553	1.328205	1.320879
00:00:00.541	1.327473	1.318681	1.332601
00:00:00.541	1.318681	1.325275	1.331868
00:00:00.542	1.298901	1.315751	1.317949
00:00:00.542	1.313553	1.320147	1.321612
00:00:00.542	1.331868	1.323810	1.327473
00:00:00.545	1.323810	1.312088	1.323810
00:00:00.545	1.336264	1.321612	1.323810
00:00:00.545	1.331868	1.317949	1.315751
00:00:00.545	1.312088	1.318681	1.317216
00:00:00.545	1.302564	1.309890	1.309890
00:00:00.545	1.310623	1.323077	1.327473
00:00:00.545	1.313553	1.319414	1.328938
00:00:00.545	1.310623	1.314286	1.323810
00:00:00.545	1.304762	1.314286	1.317216
00:00:00.545	1.313553	1.326007	1.323810
00:00:00.545	1.316484	1.321612	1.320879
00:00:00.549	1.317949	1.320147	1.312821
00:00:00.549	1.279121	1.318681	1.320147
00:00:00.549	1.254945	1.320879	1.320879
00:00:00.549	1.271062	1.320147	1.319414
00:00:00.549	1.301832	1.318681	1.318681
00:00:00.549	1.342125	1.318681	1.320147
00:00:00.549	1.343590	1.315018	1.310623
00:00:00.549	1.355311	1.320879	1.312088
00:00:00.549	1.350183	1.323077	1.315751
00:00:00.549	1.344322	1.323810	1.320147
00:00:00.549	1.310623	1.316484	1.320147
00:00:00.550	1.319414	1.321612	1.338462
00:00:00.550	1.334066	1.328938	1.356044
00:00:00.550	1.338462	1.325275	1.341392
00:00:00.551	1.334799	1.326740	1.323810
00:00:00.551	1.295238	1.317949	1.309890
00:00:00.551	1.257143	1.310623	1.299634
00:00:00.552	1.231502	1.319414	1.315018
00:00:00.552	1.258608	1.317216	1.315018
00:00:00.552	1.295238	1.317216	1.318681
00:00:00.553	1.300366	1.316484	1.310623
00:00:00.553	1.317216	1.323077	1.300366
00:00:00.554	1.323077	1.321612	1.272527
00:00:00.554	1.367033	1.315751	1.300366
00:00:00.554	1.380220	1.316484	1.312088
00:00:00.555	1.367033	1.325275	1.316484
00:00:00.555	1.367766	1.316484	1.336996
00:00:00.587	1.385348	1.324542	1.359707
00:00:00.588	1.371429	1.326740	1.369963
00:00:00.588	1.326740	1.328938	1.402930
00:00:00.588	1.293773	1.328205	1.358974
00:00:00.589	1.220513	1.312088	1.314286
00:00:00.589	1.214652	1.317216	1.293773
00:00:00.589	1.276190	1.329670	1.305495
00:00:00.590	1.292308	1.317216	1.294505
00:00:00.591	1.279853	1.312088	1.287179
00:00:00.591	1.288645	1.324542	1.299634
00:00:00.591	1.323077	1.309158	1.306960
00:00:00.591	1.345055	1.317216	1.333333
00:00:00.591	1.345055	1.312088	1.305495
00:00:00.592	1.339927	1.315018	1.323077
00:00:00.592	1.334066	1.332601	1.332601
00:00:00.593	1.293773	1.329670	1.291575
00:00:00.593	1.279853	1.318681	1.291575
00:00:00.593	1.311355	1.318681	1.303297
00:00:00.594	1.306960	1.312088	1.313553
00:00:00.594	1.326007	1.319414	1.309158
00:00:00.594	1.369963	1.320147	1.349451
00:00:00.595	1.358974	1.309890	1.353846
00:00:00.595	1.348718	1.319414	1.370696
00:00:00.595	1.326740	1.315751	1.358974
00:00:00.596	1.302564	1.315018	1.356777
00:00:00.596	1.304762	1.327473	1.322344
00:00:00.596	1.298168	1.325275	1.285714
00:00:00.597	1.301099	1.319414	1.295238
00:00:00.597	1.292308	1.313553	1.293773
00:00:00.598	1.290110	1.309890	1.300366
00:00:00.598	1.287179	1.312821	1.306960
00:00:00.598	1.304029	1.320147	1.315018
00:00:00.599	1.299634	1.320879	1.309890
00:00:00.599	1.317216	1.324542	1.323810
00:00:00.599	1.300366	1.315751	1.317949
00:00:00.601	1.314286	1.320879	1.323810
00:00:00.601	1.316484	1.323077	1.315751
00:00:00.601	1.307692	1.311355	1.311355
00:00:00.601	1.300366	1.311355	1.311355
00:00:00.601	1.303297	1.315751	1.320879
00:00:00.603	1.314286	1.323810	1.326007
00:00:00.603	1.321612	1.325275	1.324542
00:00:00.603	1.317216	1.318681	1.320879
00:00:00.603	1.318681	1.323810	1.323810
00:00:00.603	1.317216	1.326007	1.320147
00:00:00.603	1.305495	1.310623	1.318681
00:00:00.606	1.311355	1.325275	1.326007
00:00:00.606	1.315018	1.321612	1.320147
00:00:00.606	1.300366	1.317949	1.306227
00:00:00.606	1.320147	1.317216	1.314286
00:00:00.640	1.329670	1.318681	1.331868
00:00:00.640	1.312088	1.320879	1.323810
00:00:00.640	1.314286	1.326007	1.330403
00:00:00.640	1.309890	1.328205	1.324542
00:00:00.640	1.294505	1.320147	1.319414
00:00:00.640	1.295238	1.311355	1.311355
00:00:00.640	1.311355	1.314286	1.332601
00:00:00.640	1.321612	1.326007	1.312088
00:00:00.640	1.322344	1.320879	1.314286
00:00:00.640	1.339194	1.326740	1.323077
00:00:00.644	1.325275	1.324542	1.323810
00:00:00.644	1.309158	1.315751	1.309890
00:00:00.644	1.280586	1.306960	1.296703
00:00:00.644	1.296703	1.315751	1.313553
00:00:00.644	1.317216	1.312088	1.300366
00:00:00.644	1.313553	1.319414	1.317216
00:00:00.644	1.323810	1.321612	1.323810
00:00:00.644	1.317949	1.325275	1.332601
00:00:00.644	1.316484	1.313553	1.333333
00:00:00.644	1.314286	1.326007	1.351648
00:00:00.644	1.275458	1.312088	1.346520
00:00:00.644	1.255678	1.320879	1.326740
00:00:00.645	1.231502	1.308425	1.301832
00:00:00.645	1.264469	1.313553	1.304029
00:00:00.646	1.301099	1.323810	1.304762
