timestamp	ch1	ch2	ch3
00:00:00.000	1.306227	1.323810	1.335531
00:00:00.000	1.312088	1.320147	1.328938
00:00:00.001	1.315018	1.326007	1.311355
00:00:00.001	1.295238	1.321612	1.304029
00:00:00.002	1.291575	1.322344	1.321612
00:00:00.002	1.272527	1.315018	1.315018
00:00:00.002	1.305495	1.328205	1.315751
00:00:00.003	1.299634	1.320147	1.312821
00:00:00.003	1.315018	1.317949	1.304029
00:00:00.003	1.301832	1.309158	1.300366
00:00:00.004	1.345055	1.317949	1.311355
00:00:00.004	1.385348	1.327473	1.318681
00:00:00.004	1.312821	1.317949	1.323810
00:00:00.006	1.276923	1.310623	1.297436
00:00:00.006	1.323077	1.315751	1.332601
00:00:00.006	1.363370	1.317949	1.342857
00:00:00.009	1.388278	1.324542	1.351648
00:00:00.009	1.401465	1.320147	1.344322
00:00:00.009	1.361172	1.323077	1.342857
00:00:00.009	1.271795	1.315018	1.320879
00:00:00.009	1.230037	1.319414	1.316484
00:00:00.009	1.217582	1.323077	1.311355
00:00:00.009	1.241026	1.309158	1.312821
00:00:00.009	1.271062	1.322344	1.322344
00:00:00.009	1.372894	1.315751	1.331868
00:00:00.041	1.431502	1.326740	1.350183
00:00:00.041	1.268864	1.324542	1.320147
00:00:00.044	1.193407	1.308425	1.281319
00:00:00.044	1.302564	1.316484	1.288645
00:00:00.044	1.347985	1.321612	1.312821
00:00:00.044	1.322344	1.321612	1.331868
00:00:00.044	1.310623	1.318681	1.320147
00:00:00.044	1.302564	1.322344	1.312088
00:00:00.044	1.279121	1.317949	1.297436
00:00:00.044	1.305495	1.328205	1.306227
00:00:00.044	1.320147	1.319414	1.300366
00:00:00.045	1.332601	1.312088	1.282784
00:00:00.045	1.331136	1.315018	1.294505
00:00:00.046	1.356044	1.331136	1.358974
00:00:00.046	1.351648	1.322344	1.380952
00:00:00.046	1.363370	1.323810	1.375824
00:00:00.047	1.320147	1.312088	1.347253
00:00:00.047	1.315751	1.329670	1.329670
00:00:00.047	1.323810	1.328938	1.323077
00:00:00.049	1.295238	1.317216	1.318681
00:00:00.049	1.286447	1.305495	1.294505
00:00:00.049	1.301832	1.318681	1.301832
00:00:00.049	1.284249	1.309890	1.314286
00:00:00.049	1.311355	1.326740	1.311355
00:00:00.050	1.313553	1.321612	1.301832
00:00:00.050	1.301832	1.318681	1.312088
00:00:00.050	1.302564	1.315018	1.331868
00:00:00.051	1.296703	1.320879	1.329670
00:00:00.051	1.303297	1.325275	1.332601
00:00:00.051	1.324542	1.318681	1.341392
00:00:00.052	1.336264	1.322344	1.360440
00:00:00.052	1.319414	1.314286	1.308425
00:00:00.052	1.333333	1.325275	1.328938
00:00:00.053	1.315018	1.315751	1.301832
00:00:00.053	1.324542	1.320879	1.287912
00:00:00.053	1.317949	1.327473	1.313553
00:00:00.054	1.314286	1.322344	1.323077
00:00:00.054	1.306227	1.318681	1.313553
00:00:00.055	1.295971	1.306227	1.306227
00:00:00.055	1.297436	1.316484	1.322344
00:00:00.055	1.312088	1.323810	1.312821
00:00:00.056	1.287912	1.312088	1.307692
00:00:00.056	1.294505	1.317949	1.323077
00:00:00.056	1.315018	1.326740	1.332601
00:00:00.057	1.315751	1.322344	1.325275
00:00:00.057	1.300366	1.305495	1.304029
00:00:00.057	1.322344	1.323077	1.338462
00:00:00.058	1.337729	1.326007	1.354579
00:00:00.058	1.307692	1.317216	1.312821
00:00:00.058	1.303297	1.321612	1.306227
00:00:00.091	1.304029	1.311355	1.311355
00:00:00.091	1.311355	1.309158	1.300366
00:00:00.091	1.306227	1.316484	1.317949
00:00:00.092	1.301099	1.323810	1.315751
00:00:00.092	1.292308	1.320147	1.302564
00:00:00.092	1.309158	1.322344	1.311355
00:00:00.093	1.291575	1.307692	1.296703
00:00:00.093	1.295238	1.309890	1.290110
00:00:00.094	1.316484	1.320147	1.309158
00:00:00.094	1.369963	1.327473	1.334799
00:00:00.094	1.362637	1.316484	1.357509
00:00:00.095	1.334799	1.311355	1.323077
00:00:00.095	1.325275	1.314286	1.331868
00:00:00.095	1.321612	1.317949	1.346520
00:00:00.096	1.314286	1.325275	1.332601
00:00:00.096	1.299634	1.322344	1.338462
00:00:00.096	1.288645	1.317949	1.319414
00:00:00.097	1.294505	1.320879	1.319414
00:00:00.097	1.263004	1.326740	1.320147
00:00:00.097	1.256410	1.322344	1.304762
00:00:00.098	1.280586	1.318681	1.284982
00:00:00.098	1.310623	1.323077	1.284982
00:00:00.099	1.311355	1.311355	1.287179
00:00:00.099	1.353114	1.318681	1.295971
00:00:00.099	1.354579	1.308425	1.346520
00:00:00.101	1.377289	1.316484	1.370696
00:00:00.101	1.366300	1.326007	1.317216
00:00:00.101	1.387546	1.329670	1.349451
00:00:00.101	1.362637	1.317949	1.345788
00:00:00.101	1.323810	1.317216	1.328938
00:00:00.101	1.286447	1.317949	1.300366
00:00:00.104	1.287179	1.325275	1.304029
00:00:00.104	1.276923	1.319414	1.298901
00:00:00.104	1.281319	1.319414	1.310623
00:00:00.104	1.284982	1.309890	1.302564
00:00:00.104	1.292308	1.321612	1.314286
00:00:00.104	1.304762	1.321612	1.315018
00:00:00.104	1.307692	1.319414	1.298168
00:00:00.104	1.316484	1.320879	1.297436
00:00:00.108	1.299634	1.311355	1.305495
00:00:00.108	1.300366	1.321612	1.331136
00:00:00.108	1.317949	1.329670	1.340659
00:00:00.108	1.293773	1.322344	1.322344
00:00:00.108	1.295971	1.320879	1.340659
00:00:00.108	1.303297	1.311355	1.345055
00:00:00.108	1.309158	1.323077	1.340659
00:00:00.108	1.334066	1.318681	1.326007
00:00:00.108	1.321612	1.323077	1.292308
00:00:00.108	1.296703	1.310623	1.292308
00:00:00.108	1.284249	1.316484	1.307692
00:00:00.140	1.294505	1.320879	1.312821
00:00:00.141	1.332601	1.331868	1.329670
00:00:00.141	1.350183	1.316484	1.312821
00:00:00.142	1.355311	1.316484	1.317949
00:00:00.142	1.321612	1.317949	1.317216
00:00:00.142	1.327473	1.326007	1.331136
00:00:00.143	1.343590	1.323077	1.346520
00:00:00.143	1.309158	1.303297	1.323077
00:00:00.143	1.312821	1.319414	1.323077
00:00:00.144	1.317949	1.326740	1.317949
00:00:00.144	1.291575	1.325275	1.313553
00:00:00.144	1.301832	1.327473	1.317949
00:00:00.145	1.314286	1.311355	1.314286
00:00:00.145	1.323810	1.315751	1.320879
00:00:00.145	1.306227	1.308425	1.302564
00:00:00.146	1.307692	1.317949	1.309158
00:00:00.146	1.323810	1.320879	1.322344
00:00:00.147	1.337729	1.328205	1.334066
00:00:00.147	1.311355	1.321612	1.323810
00:00:00.147	1.293773	1.320147	1.321612
00:00:00.148	1.276923	1.317949	1.318681
00:00:00.148	1.246154	1.317216	1.323810
00:00:00.148	1.273260	1.321612	1.313553
00:00:00.149	1.309890	1.319414	1.312821
00:00:00.149	1.312088	1.317216	1.312088
00:00:00.149	1.309158	1.317216	1.307692
00:00:00.150	1.305495	1.320147	1.308425
00:00:00.150	1.303297	1.318681	1.300366
00:00:00.150	1.316484	1.320147	1.321612
00:00:00.151	1.331868	1.320147	1.330403
00:00:00.151	1.339194	1.320147	1.320879
00:00:00.152	1.386813	1.320879	1.306227
00:00:00.152	1.405861	1.323077	1.325275
00:00:00.153	1.228571	1.322344	1.358974
00:00:00.153	1.250549	1.318681	1.345055
00:00:00.153	1.312088	1.323077	1.323810
00:00:00.153	1.320147	1.319414	1.323077
00:00:00.154	1.330403	1.323810	1.308425
00:00:00.154	1.323810	1.320147	1.322344
00:00:00.154	1.317216	1.316484	1.327473
00:00:00.155	1.315018	1.317949	1.340659
00:00:00.155	1.317216	1.321612	1.336996
00:00:00.155	1.329670	1.323077	1.304029
00:00:00.156	1.345055	1.320879	1.310623
00:00:00.156	1.334799	1.309158	1.295971
00:00:00.157	1.319414	1.323810	1.311355
00:00:00.157	1.309890	1.313553	1.304762
00:00:00.157	1.315018	1.311355	1.302564
00:00:00.158	1.303297	1.318681	1.330403
00:00:00.158	1.296703	1.318681	1.336264
00:00:00.190	1.300366	1.319414	1.323810
00:00:00.191	1.304762	1.325275	1.326007
00:00:00.191	1.302564	1.323810	1.304762
00:00:00.191	1.272527	1.309158	1.295238
00:00:00.192	1.287912	1.312821	1.294505
00:00:00.192	1.297436	1.315751	1.326007
00:00:00.192	1.298901	1.320879	1.304029
00:00:00.193	1.300366	1.311355	1.286447
00:00:00.193	1.329670	1.309158	1.335531
00:00:00.193	1.371429	1.325275	1.364103
00:00:00.194	1.345055	1.331136	1.349451
00:00:00.194	1.334066	1.328205	1.323810
00:00:00.194	1.334799	1.321612	1.316484
00:00:00.195	1.315018	1.311355	1.295971
00:00:00.195	1.305495	1.312821	1.280586
00:00:00.196	1.315018	1.325275	1.298168
00:00:00.196	1.317216	1.327473	1.339194
00:00:00.196	1.320147	1.322344	1.338462
00:00:00.199	1.319414	1.326740	1.343590
00:00:00.199	1.295971	1.309890	1.315018
00:00:00.199	1.297436	1.317949	1.323810
00:00:00.200	1.300366	1.310623	1.329670
00:00:00.200	1.297436	1.312821	1.319414
00:00:00.200	1.286447	1.311355	1.313553
00:00:00.200	1.294505	1.312821	1.296703
00:00:00.200	1.295971	1.306227	1.293773
00:00:00.200	1.306960	1.317216	1.323077
00:00:00.200	1.319414	1.323810	1.332601
00:00:00.200	1.312821	1.318681	1.317949
00:00:00.204	1.329670	1.320879	1.341392
00:00:00.204	1.342857	1.319414	1.345055
00:00:00.204	1.320147	1.326007	1.311355
00:00:00.204	1.298901	1.323077	1.298901
00:00:00.204	1.298901	1.320879	1.298168
00:00:00.204	1.323810	1.319414	1.336264
00:00:00.204	1.308425	1.320147	1.342125
00:00:00.204	1.268132	1.318681	1.308425
00:00:00.204	1.235897	1.312821	1.298901
00:00:00.204	1.277656	1.327473	1.323810
00:00:00.204	1.328938	1.328205	1.325275
00:00:00.205	1.378755	1.325275	1.354579
00:00:00.205	1.375824	1.312088	1.338462
00:00:00.205	1.390476	1.320879	1.328938
00:00:00.206	1.372894	1.320147	1.319414
00:00:00.206	1.314286	1.315751	1.315751
00:00:00.206	1.304762	1.328938	1.334066
00:00:00.207	1.301832	1.317216	1.320879
00:00:00.207	1.308425	1.323077	1.312088
00:00:00.207	1.298168	1.312088	1.300366
00:00:00.208	1.294505	1.312088	1.310623
00:00:00.240	1.298901	1.320879	1.311355
00:00:00.240	1.280586	1.315018	1.309158
00:00:00.241	1.287912	1.325275	1.313553
00:00:00.241	1.287179	1.322344	1.311355
00:00:00.241	1.295971	1.316484	1.304029
00:00:00.242	1.305495	1.319414	1.315751
00:00:00.242	1.328205	1.323077	1.331868
00:00:00.242	1.334066	1.323810	1.323077
00:00:00.243	1.320879	1.315018	1.311355
00:00:00.243	1.342125	1.320879	1.320147
00:00:00.244	1.319414	1.319414	1.320879
00:00:00.244	1.289377	1.323077	1.317949
00:00:00.244	1.290110	1.315751	1.322344
00:00:00.245	1.314286	1.318681	1.326740
00:00:00.245	1.320147	1.319414	1.320879
00:00:00.245	1.320879	1.312821	1.304762
00:00:00.246	1.329670	1.319414	1.317216
00:00:00.246	1.365568	1.323077	1.323810
00:00:00.246	1.314286	1.304762	1.316484
00:00:00.247	1.303297	1.326007	1.336264
00:00:00.247	1.290110	1.324542	1.329670
00:00:00.247	1.294505	1.320147	1.305495
00:00:00.248	1.279853	1.314286	1.276190
00:00:00.248	1.282784	1.323810	1.289377
00:00:00.249	1.285714	1.317949	1.300366
00:00:00.249	1.307692	1.317216	1.295238
00:00:00.249	1.338462	1.323810	1.301832
00:00:00.250	1.346520	1.312821	1.361172
00:00:00.250	1.383150	1.329670	1.434432
00:00:00.250	1.350916	1.325275	1.385348
00:00:00.251	1.318681	1.329670	1.374359
00:00:00.251	1.319414	1.321612	1.315751
00:00:00.251	1.304029	1.322344	1.282784
00:00:00.252	1.293773	1.320879	1.293773
00:00:00.252	1.299634	1.309158	1.289377
00:00:00.253	1.302564	1.311355	1.291575
00:00:00.253	1.306960	1.324542	1.315751
00:00:00.253	1.291575	1.312088	1.326740
00:00:00.254	1.306227	1.315018	1.354579
00:00:00.254	1.339927	1.325275	1.344322
00:00:00.254	1.324542	1.313553	1.312821
00:00:00.255	1.325275	1.320879	1.303297
00:00:00.255	1.285714	1.314286	1.287912
00:00:00.255	1.297436	1.327473	1.296703
00:00:00.256	1.282784	1.312088	1.271062
00:00:00.256	1.314286	1.328938	1.312821
00:00:00.256	1.306960	1.326740	1.323810
00:00:00.257	1.311355	1.323810	1.326007
00:00:00.257	1.312088	1.324542	1.335531
00:00:00.258	1.316484	1.320147	1.339927
00:00:00.290	1.322344	1.320147	1.339194
00:00:00.290	1.324542	1.325275	1.332601
00:00:00.290	1.317949	1.323810	1.327473
00:00:00.291	1.321612	1.323810	1.312821
00:00:00.291	1.315751	1.317949	1.302564
00:00:00.292	1.322344	1.323810	1.319414
00:00:00.292	1.294505	1.311355	1.316484
00:00:00.292	1.288645	1.308425	1.306227
00:00:00.295	1.317216	1.326740	1.330403
00:00:00.295	1.320879	1.323077	1.328205
00:00:00.295	1.312088	1.315018	1.312088
00:00:00.295	1.307692	1.316484	1.321612
00:00:00.295	1.323810	1.321612	1.345788
00:00:00.295	1.327473	1.327473	1.333333
00:00:00.297	1.328938	1.323810	1.326007
00:00:00.297	1.308425	1.312088	1.311355
00:00:00.297	1.291575	1.308425	1.306960
00:00:00.297	1.279853	1.321612	1.309890
00:00:00.297	1.285714	1.324542	1.303297
00:00:00.297	1.317949	1.321612	1.294505
00:00:00.297	1.317216	1.320879	1.293040
00:00:00.297	1.304762	1.320879	1.304029
00:00:00.301	1.322344	1.321612	1.347253
00:00:00.301	1.344322	1.323077	1.406593
00:00:00.301	1.353114	1.320879	1.378022
00:00:00.301	1.334066	1.323810	1.334799
00:00:00.301	1.312088	1.317949	1.313553
00:00:00.301	1.314286	1.312088	1.293040
00:00:00.301	1.302564	1.315018	1.292308
00:00:00.301	1.312088	1.321612	1.315018
00:00:00.301	1.330403	1.323077	1.331136
00:00:00.301	1.330403	1.323810	1.312821
00:00:00.301	1.300366	1.312821	1.290110
00:00:00.302	1.270330	1.309890	1.294505
00:00:00.302	1.304762	1.327473	1.328205
00:00:00.302	1.313553	1.318681	1.325275
00:00:00.303	1.329670	1.325275	1.336996
00:00:00.303	1.321612	1.320879	1.317216
00:00:00.303	1.301832	1.313553	1.307692
00:00:00.304	1.329670	1.328938	1.322344
00:00:00.304	1.356044	1.316484	1.319414
00:00:00.304	1.367033	1.321612	1.309890
00:00:00.305	1.363370	1.316484	1.284249
00:00:00.305	1.298168	1.312821	1.307692
00:00:00.305	1.171429	1.326740	1.372894
00:00:00.306	1.191209	1.325275	1.386081
00:00:00.306	1.236630	1.320879	1.337729
00:00:00.307	1.290110	1.318681	1.309158
00:00:00.307	1.328205	1.317216	1.317216
00:00:00.307	1.347253	1.323077	1.296703
00:00:00.339	1.381685	1.331868	1.311355
00:00:00.340	1.395604	1.320147	1.300366
00:00:00.340	1.359707	1.321612	1.317949
00:00:00.342	1.333333	1.320879	1.333333
00:00:00.342	1.359707	1.324542	1.333333
00:00:00.342	1.317949	1.316484	1.307692
00:00:00.342	1.297436	1.327473	1.312821
00:00:00.342	1.301832	1.318681	1.311355
00:00:00.342	1.318681	1.324542	1.316484
00:00:00.343	1.336264	1.318681	1.313553
00:00:00.343	1.312088	1.315018	1.309158
00:00:00.343	1.279121	1.309890	1.312821
00:00:00.344	1.304762	1.326007	1.347253
00:00:00.344	1.328938	1.323810	1.341392
00:00:00.345	1.317949	1.322344	1.309890
00:00:00.345	1.301099	1.326007	1.314286
00:00:00.345	1.296703	1.313553	1.328205
00:00:00.346	1.296703	1.319414	1.334066
00:00:00.346	1.299634	1.317216	1.320879
00:00:00.346	1.304029	1.322344	1.318681
00:00:00.347	1.316484	1.324542	1.326007
00:00:00.347	1.295971	1.315751	1.313553
00:00:00.347	1.287179	1.322344	1.317949
00:00:00.348	1.294505	1.327473	1.315751
00:00:00.348	1.295238	1.319414	1.302564
00:00:00.348	1.302564	1.311355	1.300366
00:00:00.349	1.312821	1.312088	1.307692
00:00:00.349	1.344322	1.326007	1.316484
00:00:00.350	1.377289	1.323810	1.327473
00:00:00.350	1.346520	1.320147	1.317216
00:00:00.350	1.331136	1.310623	1.347253
00:00:00.351	1.317949	1.320147	1.351648
00:00:00.351	1.306960	1.325275	1.323810
00:00:00.351	1.300366	1.320147	1.300366
00:00:00.352	1.283516	1.311355	1.305495
00:00:00.352	1.285714	1.323810	1.323810
00:00:00.352	1.292308	1.327473	1.332601
00:00:00.353	1.306227	1.319414	1.323077
00:00:00.353	1.317949	1.309158	1.323077
00:00:00.353	1.308425	1.312821	1.305495
00:00:00.354	1.301832	1.315751	1.292308
00:00:00.354	1.294505	1.317216	1.257143
00:00:00.355	1.295238	1.320879	1.271062
00:00:00.355	1.293773	1.317216	1.268132
00:00:00.355	1.330403	1.324542	1.276923
00:00:00.356	1.342857	1.311355	1.305495
00:00:00.356	1.351648	1.314286	1.369963
00:00:00.356	1.363370	1.323810	1.437363
00:00:00.357	1.361172	1.321612	1.443223
00:00:00.357	1.317216	1.323077	1.347253
00:00:00.391	1.300366	1.317949	1.370696
00:00:00.391	1.320147	1.323810	1.339194
00:00:00.391	1.297436	1.320147	1.300366
00:00:00.391	1.293773	1.323077	1.288645
00:00:00.391	1.287179	1.323077	1.293040
00:00:00.391	1.296703	1.319414	1.254945
00:00:00.391	1.315751	1.320879	1.306960
00:00:00.393	1.304029	1.322344	1.329670
00:00:00.393	1.316484	1.310623	1.327473
00:00:00.393	1.328938	1.317949	1.326740
00:00:00.397	1.317949	1.325275	1.331136
00:00:00.397	1.297436	1.313553	1.316484
00:00:00.397	1.324542	1.327473	1.319414
00:00:00.397	1.312088	1.312088	1.298168
00:00:00.397	1.306227	1.312821	1.290842
00:00:00.397	1.323810	1.318681	1.293773
00:00:00.397	1.354579	1.320879	1.317216
00:00:00.397	1.336996	1.318681	1.322344
00:00:00.397	1.326740	1.320147	1.316484
00:00:00.397	1.323810	1.327473	1.329670
00:00:00.397	1.278388	1.322344	1.331868
00:00:00.397	1.300366	1.315751	1.339194
00:00:00.397	1.307692	1.317949	1.322344
00:00:00.398	1.299634	1.319414	1.315018
00:00:00.398	1.303297	1.314286	1.306960
00:00:00.398	1.323810	1.326007	1.323077
00:00:00.399	1.301832	1.312821	1.306960
00:00:00.399	1.295971	1.317216	1.316484
00:00:00.399	1.307692	1.323810	1.326007
00:00:00.400	1.315751	1.320879	1.322344
00:00:00.400	1.317216	1.315751	1.309158
00:00:00.400	1.308425	1.313553	1.296703
00:00:00.401	1.315018	1.321612	1.320879
00:00:00.401	1.321612	1.328205	1.332601
00:00:00.401	1.323077	1.321612	1.323810
00:00:00.402	1.310623	1.309890	1.319414
00:00:00.402	1.298168	1.310623	1.319414
00:00:00.403	1.304762	1.306227	1.312821
00:00:00.403	1.313553	1.316484	1.320147
00:00:00.403	1.321612	1.323810	1.317949
00:00:00.404	1.314286	1.318681	1.306227
00:00:00.404	1.323810	1.325275	1.306960
00:00:00.404	1.323810	1.325275	1.315018
00:00:00.405	1.318681	1.328205	1.328205
00:00:00.405	1.315018	1.330403	1.323810
00:00:00.405	1.309890	1.323077	1.319414
00:00:00.406	1.306227	1.319414	1.326740
00:00:00.406	1.318681	1.320147	1.319414
00:00:00.406	1.306227	1.315018	1.309890
00:00:00.407	1.310623	1.309890	1.311355
00:00:00.439	1.310623	1.317216	1.328205
00:00:00.439	1.312088	1.321612	1.323810
00:00:00.440	1.304029	1.311355	1.317949
00:00:00.440	1.318681	1.325275	1.326740
00:00:00.440	1.338462	1.323077	1.322344
00:00:00.441	1.313553	1.318681	1.321612
00:00:00.441	1.315751	1.325275	1.320879
00:00:00.442	1.314286	1.324542	1.325275
00:00:00.442	1.320879	1.324542	1.327473
00:00:00.442	1.303297	1.312088	1.315751
00:00:00.443	1.319414	1.323077	1.327473
00:00:00.443	1.312088	1.317216	1.317216
00:00:00.443	1.311355	1.315018	1.304762
00:00:00.444	1.311355	1.322344	1.302564
00:00:00.444	1.311355	1.322344	1.301099
00:00:00.444	1.298901	1.312821	1.297436
00:00:00.445	1.317949	1.323810	1.315018
00:00:00.446	1.303297	1.314286	1.322344
00:00:00.446	1.317216	1.314286	1.318681
00:00:00.446	1.312821	1.321612	1.356044
00:00:00.446	1.306227	1.314286	1.350916
00:00:00.447	1.288645	1.317949	1.314286
00:00:00.447	1.305495	1.317949	1.303297
00:00:00.447	1.310623	1.306960	1.312088
00:00:00.448	1.326007	1.318681	1.312088
00:00:00.448	1.310623	1.315751	1.312821
00:00:00.448	1.332601	1.326007	1.329670
00:00:00.449	1.325275	1.316484	1.326740
00:00:00.449	1.314286	1.320879	1.321612
00:00:00.449	1.301832	1.327473	1.352381
00:00:00.450	1.283516	1.323077	1.334066
00:00:00.450	1.361905	1.324542	1.339927
00:00:00.450	1.397070	1.317949	1.310623
00:00:00.451	1.249084	1.311355	1.274725
00:00:00.451	1.295238	1.317216	1.284249
00:00:00.452	1.332601	1.312821	1.291575
00:00:00.452	1.287912	1.326740	1.334066
00:00:00.452	1.279121	1.320147	1.312821
00:00:00.454	1.267399	1.324542	1.280586
00:00:00.454	1.290842	1.313553	1.271795
00:00:00.454	1.331868	1.319414	1.309890
00:00:00.454	1.350183	1.323077	1.329670
00:00:00.454	1.361905	1.315751	1.356777
00:00:00.454	1.397802	1.317216	1.386813
00:00:00.457	1.356044	1.326007	1.405128
00:00:00.457	1.298901	1.312821	1.354579
00:00:00.457	1.283516	1.320147	1.316484
00:00:00.457	1.294505	1.324542	1.296703
00:00:00.457	1.290842	1.322344	1.290842
00:00:00.457	1.280586	1.323077	1.298168
00:00:00.489	1.295238	1.320879	1.287912
00:00:00.489	1.296703	1.316484	1.279853
00:00:00.489	1.320879	1.320879	1.300366
00:00:00.493	1.344322	1.320879	1.332601
00:00:00.493	1.340659	1.314286	1.350183
00:00:00.493	1.352381	1.324542	1.375824
00:00:00.493	1.311355	1.319414	1.345788
00:00:00.493	1.304762	1.320147	1.312088
00:00:00.493	1.271062	1.305495	1.298901
00:00:00.493	1.293773	1.310623	1.291575
00:00:00.493	1.304762	1.312821	1.303297
00:00:00.493	1.320147	1.320879	1.306227
00:00:00.493	1.331868	1.326007	1.325275
00:00:00.493	1.336996	1.317216	1.329670
00:00:00.494	1.314286	1.309158	1.313553
00:00:00.494	1.294505	1.317949	1.317949
00:00:00.494	1.306227	1.325275	1.315751
00:00:00.495	1.302564	1.318681	1.311355
00:00:00.495	1.295971	1.306960	1.300366
00:00:00.496	1.287179	1.317216	1.317216
00:00:00.496	1.283516	1.312821	1.310623
00:00:00.496	1.328205	1.323810	1.328938
00:00:00.497	1.316484	1.319414	1.316484
00:00:00.497	1.315018	1.330403	1.326740
00:00:00.498	1.335531	1.323077	1.320879
00:00:00.498	1.322344	1.317949	1.322344
00:00:00.498	1.315751	1.319414	1.323810
00:00:00.498	1.311355	1.317216	1.323077
00:00:00.499	1.327473	1.327473	1.334066
00:00:00.499	1.315751	1.322344	1.304029
00:00:00.500	1.303297	1.312088	1.296703
00:00:00.500	1.315018	1.324542	1.323077
00:00:00.500	1.311355	1.321612	1.316484
00:00:00.501	1.307692	1.312821	1.312821
00:00:00.501	1.301832	1.312821	1.319414
00:00:00.501	1.301099	1.314286	1.313553
00:00:00.502	1.306227	1.330403	1.322344
00:00:00.502	1.299634	1.323810	1.313553
00:00:00.502	1.317216	1.320147	1.325275
00:00:00.503	1.340659	1.315018	1.331136
00:00:00.503	1.319414	1.312821	1.304762
00:00:00.503	1.319414	1.312088	1.316484
00:00:00.504	1.307692	1.323077	1.309890
00:00:00.504	1.311355	1.326740	1.329670
00:00:00.505	1.326007	1.311355	1.341392
00:00:00.505	1.326740	1.317216	1.346520
00:00:00.505	1.318681	1.327473	1.338462
00:00:00.506	1.310623	1.328938	1.322344
00:00:00.506	1.310623	1.324542	1.335531
00:00:00.506	1.302564	1.317949	1.320879
00:00:00.539	1.309158	1.323810	1.334799
00:00:00.539	1.300366	1.312088	1.328205
00:00:00.539	1.304029	1.314286	1.315018
00:00:00.540	1.319414	1.321612	1.321612
00:00:00.540	1.306227	1.319414	1.310623
00:00:00.540	1.285714	1.312088	1.304762
00:00:00.541	1.275458	1.306227	1.299634
00:00:00.541	1.320147	1.326740	1.319414
00:00:00.541	1.320879	1.320147	1.314286
00:00:00.542	1.320147	1.307692	1.293040
00:00:00.542	1.323810	1.305495	1.281319
00:00:00.542	1.341392	1.324542	1.310623
00:00:00.543	1.340659	1.323810	1.323077
00:00:00.543	1.325275	1.320147	1.314286
00:00:00.544	1.326740	1.312088	1.339194
00:00:00.544	1.342125	1.317949	1.342857
00:00:00.544	1.331136	1.324542	1.346520
00:00:00.545	1.309158	1.324542	1.309158
00:00:00.545	1.253480	1.319414	1.283516
00:00:00.545	1.264469	1.309158	1.308425
00:00:00.546	1.303297	1.315751	1.335531
00:00:00.546	1.312821	1.318681	1.332601
00:00:00.546	1.323810	1.326740	1.320147
00:00:00.547	1.329670	1.315751	1.320879
00:00:00.547	1.344322	1.311355	1.315018
00:00:00.547	1.331868	1.313553	1.310623
00:00:00.548	1.313553	1.317216	1.317949
00:00:00.548	1.306960	1.323810	1.327473
00:00:00.551	1.300366	1.323810	1.327473
00:00:00.551	1.302564	1.323077	1.299634
00:00:00.551	1.285714	1.312088	1.271062
00:00:00.551	1.291575	1.314286	1.305495
00:00:00.551	1.256410	1.313553	1.318681
00:00:00.551	1.241758	1.331136	1.333333
00:00:00.552	1.284982	1.323810	1.325275
00:00:00.552	1.317949	1.315751	1.311355
00:00:00.552	1.348718	1.312088	1.342857
00:00:00.553	1.377289	1.317216	1.344322
00:00:00.553	1.427106	1.324542	1.346520
00:00:00.553	1.413187	1.328205	1.347253
00:00:00.553	1.327473	1.317216	1.314286
00:00:00.553	1.249817	1.315018	1.312088
00:00:00.557	1.279853	1.317949	1.311355
00:00:00.557	1.303297	1.317216	1.294505
00:00:00.557	1.308425	1.317949	1.300366
00:00:00.557	1.301832	1.320147	1.315751
00:00:00.557	1.298901	1.317216	1.306227
00:00:00.557	1.328205	1.320147	1.317949
00:00:00.557	1.345055	1.323810	1.317949
00:00:00.557	1.287912	1.320147	1.295238
00:00:00.589	1.269597	1.319414	1.293773
00:00:00.589	1.300366	1.321612	1.314286
00:00:00.589	1.306227	1.321612	1.323810
00:00:00.589	1.295971	1.315018	1.332601
00:00:00.590	1.276923	1.320147	1.323810
00:00:00.590	1.282784	1.313553	1.364103
00:00:00.590	1.338462	1.323077	1.373626
00:00:00.591	1.359707	1.323077	1.343590
00:00:00.591	1.355311	1.313553	1.323077
00:00:00.591	1.390476	1.323810	1.323810
00:00:00.592	1.352381	1.309890	1.318681
00:00:00.592	1.318681	1.321612	1.336996
00:00:00.593	1.305495	1.309158	1.311355
00:00:00.593	1.299634	1.320147	1.298901
00:00:00.593	1.320147	1.323077	1.300366
00:00:00.594	1.195604	1.319414	1.297436
00:00:00.594	1.231502	1.310623	1.291575
00:00:00.594	1.294505	1.327473	1.323810
00:00:00.595	1.293040	1.319414	1.309158
00:00:00.595	1.295971	1.317216	1.319414
00:00:00.595	1.344322	1.317216	1.318681
00:00:00.596	1.367033	1.327473	1.332601
00:00:00.596	1.374359	1.326740	1.338462
00:00:00.597	1.347985	1.324542	1.330403
00:00:00.597	1.314286	1.317216	1.321612
00:00:00.597	1.305495	1.320879	1.315751
00:00:00.598	1.308425	1.331136	1.326007
00:00:00.598	1.284249	1.320879	1.307692
00:00:00.598	1.291575	1.307692	1.295971
00:00:00.599	1.288645	1.307692	1.310623
00:00:00.599	1.298901	1.328938	1.309158
00:00:00.599	1.320879	1.327473	1.331136
00:00:00.600	1.328205	1.323077	1.331868
00:00:00.600	1.340659	1.324542	1.363370
00:00:00.600	1.312088	1.312821	1.341392
00:00:00.601	1.314286	1.310623	1.315751
00:00:00.601	1.337729	1.317949	1.302564
00:00:00.602	1.350183	1.326007	1.311355
00:00:00.603	1.326740	1.331868	1.318681
00:00:00.603	1.300366	1.314286	1.306960
00:00:00.603	1.287179	1.312821	1.315018
00:00:00.603	1.295238	1.320879	1.317949
00:00:00.603	1.314286	1.323810	1.319414
00:00:00.604	1.313553	1.317216	1.308425
00:00:00.604	1.312088	1.328205	1.323077
00:00:00.604	1.301099	1.311355	1.320879
00:00:00.605	1.299634	1.311355	1.320147
00:00:00.605	1.312088	1.320879	1.323810
00:00:00.605	1.307692	1.320147	1.309890
00:00:00.606	1.314286	1.317216	1.315018
00:00:00.638	1.300366	1.314286	1.320147
00:00:00.638	1.303297	1.309890	1.300366
00:00:00.639	1.295971	1.313553	1.315018
00:00:00.639	1.296703	1.314286	1.310623
00:00:00.639	1.300366	1.315018	1.310623
00:00:00.640	1.315018	1.326740	1.321612
00:00:00.640	1.326740	1.326007	1.339927
00:00:00.641	1.344322	1.312821	1.353846
00:00:00.641	1.302564	1.302564	1.305495
00:00:00.641	1.320147	1.323077	1.303297
00:00:00.642	1.337729	1.324542	1.320879
00:00:00.642	1.315751	1.319414	1.335531
00:00:00.642	1.291575	1.320879	1.323077
00:00:00.643	1.278388	1.309890	1.309890
00:00:00.643	1.313553	1.323810	1.349451
00:00:00.643	1.317949	1.319414	1.300366
00:00:00.644	1.312088	1.322344	1.288645
00:00:00.644	1.316484	1.326007	1.297436
00:00:00.644	1.328938	1.320147	1.339194
00:00:00.645	1.327473	1.324542	1.343590
00:00:00.645	1.313553	1.315751	1.317949
00:00:00.649	1.315018	1.322344	1.334799
00:00:00.649	1.309158	1.312088	1.336996
00:00:00.649	1.343590	1.317949	1.336264
00:00:00.649	1.356044	1.323810	1.339194
