timestamp	ch1	ch2	ch3
00:00:00.000	1.248352	1.306227	1.295971
00:00:00.000	1.274725	1.325275	1.312821
00:00:00.000	1.300366	1.303297	1.306227
00:00:00.000	1.350183	1.314286	1.308425
00:00:00.000	1.390476	1.306960	1.308425
00:00:00.000	1.400000	1.325275	1.342125
00:00:00.001	1.360440	1.320879	1.345788
00:00:00.001	1.334066	1.320879	1.349451
00:00:00.003	1.349451	1.328938	1.369231
00:00:00.003	1.323810	1.323810	1.355311
00:00:00.003	1.306227	1.328205	1.336264
00:00:00.003	1.278388	1.310623	1.304762
00:00:00.003	1.304762	1.320147	1.319414
00:00:00.003	1.298168	1.320879	1.309890
00:00:00.003	1.294505	1.323810	1.323077
00:00:00.004	1.285714	1.314286	1.312821
00:00:00.004	1.297436	1.317949	1.295971
00:00:00.008	1.300366	1.317216	1.290842
00:00:00.008	1.304762	1.316484	1.293040
00:00:00.008	1.291575	1.319414	1.298901
00:00:00.008	1.301099	1.315018	1.288645
00:00:00.008	1.299634	1.321612	1.295238
00:00:00.008	1.312088	1.323077	1.354579
00:00:00.008	1.322344	1.318681	1.345055
00:00:00.008	1.311355	1.315018	1.313553
00:00:00.008	1.322344	1.317949	1.320879
00:00:00.008	1.327473	1.319414	1.315751
00:00:00.008	1.314286	1.321612	1.308425
00:00:00.008	1.305495	1.320147	1.317216
00:00:00.009	1.304029	1.322344	1.310623
00:00:00.010	1.309890	1.320879	1.309890
00:00:00.010	1.320879	1.321612	1.340659
00:00:00.010	1.332601	1.321612	1.350916
00:00:00.010	1.340659	1.320879	1.342125
00:00:00.011	1.323077	1.309158	1.335531
00:00:00.011	1.305495	1.315018	1.339194
00:00:00.011	1.315751	1.329670	1.309158
00:00:00.012	1.295238	1.327473	1.286447
00:00:00.012	1.255678	1.307692	1.276190
00:00:00.012	1.281319	1.312088	1.268132
00:00:00.013	1.338462	1.322344	1.298168
00:00:00.013	1.356777	1.323810	1.363370
00:00:00.013	1.363370	1.326740	1.387546
00:00:00.014	1.343590	1.330403	1.370696
00:00:00.014	1.331868	1.321612	1.349451
00:00:00.015	1.327473	1.329670	1.339927
00:00:00.015	1.310623	1.323810	1.331868
00:00:00.015	1.276923	1.323810	1.312088
00:00:00.016	1.290842	1.317949	1.304029
00:00:00.016	1.291575	1.309890	1.302564
00:00:00.048	1.303297	1.327473	1.312088
00:00:00.049	1.303297	1.325275	1.311355
00:00:00.049	1.293773	1.316484	1.300366
00:00:00.049	1.268132	1.306227	1.306960
00:00:00.050	1.303297	1.320879	1.326740
00:00:00.050	1.312821	1.318681	1.313553
00:00:00.050	1.282051	1.326740	1.317949
00:00:00.051	1.283516	1.314286	1.311355
00:00:00.051	1.345055	1.310623	1.319414
00:00:00.051	1.375824	1.322344	1.316484
00:00:00.052	1.365568	1.325275	1.327473
00:00:00.052	1.373626	1.315751	1.307692
00:00:00.053	1.378022	1.319414	1.322344
00:00:00.053	1.340659	1.327473	1.323810
00:00:00.053	1.298901	1.324542	1.323077
00:00:00.054	1.276190	1.320879	1.317216
00:00:00.054	1.290110	1.323810	1.323810
00:00:00.054	1.279121	1.323077	1.316484
00:00:00.055	1.294505	1.316484	1.320879
00:00:00.055	1.330403	1.325275	1.342125
00:00:00.055	1.309158	1.321612	1.311355
00:00:00.056	1.302564	1.319414	1.317949
00:00:00.056	1.316484	1.323077	1.318681
00:00:00.056	1.319414	1.323077	1.322344
00:00:00.057	1.301832	1.319414	1.320147
00:00:00.057	1.317216	1.325275	1.327473
00:00:00.058	1.306227	1.323810	1.328205
00:00:00.058	1.312821	1.322344	1.318681
00:00:00.058	1.309158	1.312821	1.309890
00:00:00.059	1.310623	1.320147	1.320147
00:00:00.059	1.305495	1.320879	1.320879
00:00:00.059	1.316484	1.325275	1.320879
00:00:00.060	1.315751	1.326740	1.323077
00:00:00.060	1.314286	1.323810	1.320879
00:00:00.060	1.307692	1.312821	1.312088
00:00:00.061	1.318681	1.323810	1.323810
00:00:00.061	1.314286	1.318681	1.317216
00:00:00.061	1.309158	1.316484	1.309890
00:00:00.062	1.302564	1.320879	1.323810
00:00:00.062	1.315018	1.324542	1.321612
00:00:00.064	1.315018	1.320147	1.317216
00:00:00.064	1.320147	1.320879	1.317949
00:00:00.064	1.324542	1.322344	1.319414
00:00:00.064	1.324542	1.320879	1.327473
00:00:00.067	1.331136	1.326007	1.326007
00:00:00.067	1.317949	1.315751	1.315018
00:00:00.067	1.315751	1.318681	1.320147
00:00:00.067	1.315751	1.321612	1.326007
00:00:00.067	1.309158	1.323077	1.320147
00:00:00.067	1.309158	1.321612	1.314286
00:00:00.099	1.290842	1.312821	1.309158
00:00:00.099	1.302564	1.320147	1.322344
00:00:00.099	1.304762	1.312821	1.311355
00:00:00.099	1.306960	1.328205	1.323810
00:00:00.099	1.300366	1.315751	1.309158
00:00:00.100	1.313553	1.313553	1.310623
00:00:00.104	1.312821	1.309158	1.300366
00:00:00.104	1.306960	1.312088	1.300366
00:00:00.104	1.309158	1.313553	1.295971
00:00:00.104	1.295238	1.320879	1.304029
00:00:00.104	1.265934	1.313553	1.299634
00:00:00.104	1.243956	1.314286	1.287912
00:00:00.104	1.275458	1.317949	1.300366
00:00:00.104	1.309158	1.315018	1.345055
00:00:00.104	1.347253	1.312821	1.332601
00:00:00.104	1.376557	1.322344	1.343590
00:00:00.104	1.392674	1.325275	1.368498
00:00:00.104	1.397802	1.320147	1.385348
00:00:00.104	1.383883	1.331136	1.360440
00:00:00.106	1.334799	1.323810	1.326007
00:00:00.106	1.308425	1.328938	1.317216
00:00:00.106	1.295238	1.308425	1.304029
00:00:00.106	1.303297	1.325275	1.308425
00:00:00.106	1.301832	1.322344	1.306960
00:00:00.107	1.293773	1.320147	1.295238
00:00:00.107	1.280586	1.312821	1.289377
00:00:00.107	1.284982	1.317949	1.280586
00:00:00.108	1.282051	1.312821	1.280586
00:00:00.108	1.279121	1.310623	1.284249
00:00:00.108	1.280586	1.312088	1.306960
00:00:00.109	1.313553	1.317216	1.340659
00:00:00.109	1.326740	1.314286	1.367033
00:00:00.109	1.336264	1.320147	1.389744
00:00:00.110	1.342857	1.320879	1.376557
00:00:00.110	1.335531	1.322344	1.364103
00:00:00.111	1.328205	1.324542	1.323077
00:00:00.111	1.327473	1.320147	1.296703
00:00:00.111	1.337729	1.321612	1.315018
00:00:00.112	1.309158	1.309158	1.282051
00:00:00.112	1.304029	1.312821	1.280586
00:00:00.112	1.315751	1.317949	1.287179
00:00:00.113	1.326007	1.320147	1.305495
00:00:00.113	1.293773	1.303297	1.300366
00:00:00.113	1.338462	1.326007	1.317216
00:00:00.114	1.304762	1.315018	1.315018
00:00:00.114	1.304029	1.326007	1.328938
00:00:00.114	1.297436	1.313553	1.317949
00:00:00.115	1.291575	1.317216	1.318681
00:00:00.115	1.295971	1.311355	1.306960
00:00:00.116	1.304029	1.319414	1.323810
00:00:00.148	1.320147	1.319414	1.320879
00:00:00.148	1.304762	1.319414	1.312821
00:00:00.148	1.301099	1.319414	1.326740
00:00:00.149	1.317216	1.321612	1.320147
00:00:00.149	1.323810	1.338462	1.322344
00:00:00.150	1.322344	1.335531	1.323077
00:00:00.150	1.302564	1.317949	1.316484
00:00:00.150	1.303297	1.320879	1.318681
00:00:00.151	1.309890	1.323077	1.323077
00:00:00.151	1.302564	1.301099	1.316484
00:00:00.151	1.312821	1.293040	1.310623
00:00:00.152	1.308425	1.295971	1.323810
00:00:00.152	1.320879	1.313553	1.326007
00:00:00.152	1.319414	1.321612	1.317949
00:00:00.153	1.315018	1.315018	1.316484
00:00:00.153	1.297436	1.322344	1.312821
00:00:00.153	1.322344	1.327473	1.331868
00:00:00.154	1.323810	1.326007	1.323810
00:00:00.154	1.309158	1.320879	1.306227
00:00:00.155	1.304029	1.323810	1.320147
00:00:00.156	1.315751	1.331868	1.328205
00:00:00.156	1.315751	1.318681	1.317949
00:00:00.156	1.317216	1.320879	1.322344
00:00:00.156	1.317949	1.321612	1.321612
00:00:00.156	1.312088	1.315751	1.310623
00:00:00.157	1.309158	1.317949	1.320879
00:00:00.157	1.323810	1.322344	1.318681
00:00:00.157	1.315751	1.323077	1.323810
00:00:00.158	1.313553	1.322344	1.317949
00:00:00.158	1.305495	1.312821	1.312088
00:00:00.158	1.306227	1.319414	1.323810
00:00:00.160	1.313553	1.321612	1.320147
00:00:00.160	1.320147	1.322344	1.326007
00:00:00.160	1.307692	1.312821	1.318681
00:00:00.160	1.300366	1.312088	1.318681
00:00:00.160	1.309890	1.317949	1.320879
00:00:00.163	1.317949	1.325275	1.327473
00:00:00.163	1.323810	1.324542	1.329670
00:00:00.163	1.322344	1.326740	1.321612
00:00:00.163	1.320879	1.319414	1.316484
00:00:00.163	1.304762	1.314286	1.320147
00:00:00.163	1.300366	1.321612	1.315018
00:00:00.163	1.309890	1.319414	1.316484
00:00:00.163	1.313553	1.312088	1.312088
00:00:00.163	1.322344	1.319414	1.316484
00:00:00.167	1.310623	1.312821	1.300366
00:00:00.167	1.312088	1.318681	1.322344
00:00:00.167	1.320147	1.323810	1.325275
00:00:00.167	1.321612	1.326007	1.328205
00:00:00.167	1.306227	1.312088	1.310623
00:00:00.200	1.310623	1.260073	1.308425
00:00:00.200	1.293040	1.237363	1.309158
00:00:00.200	1.291575	1.276190	1.320879
00:00:00.200	1.304029	1.326740	1.321612
00:00:00.200	1.317949	1.334066	1.321612
00:00:00.200	1.312088	1.343590	1.302564
00:00:00.200	1.306227	1.341392	1.300366
00:00:00.200	1.327473	1.382418	1.315018
00:00:00.200	1.330403	1.409524	1.331868
00:00:00.202	1.326007	1.411722	1.336264
00:00:00.202	1.318681	1.339927	1.317216
00:00:00.202	1.317216	1.316484	1.323810
00:00:00.202	1.307692	1.309890	1.323810
00:00:00.202	1.306227	1.307692	1.326007
00:00:00.202	1.315018	1.306227	1.323810
00:00:00.203	1.316484	1.305495	1.315751
00:00:00.203	1.326740	1.308425	1.323810
00:00:00.204	1.314286	1.295238	1.309158
00:00:00.204	1.316484	1.309890	1.325275
00:00:00.204	1.320147	1.315018	1.320879
00:00:00.205	1.313553	1.312088	1.319414
00:00:00.205	1.314286	1.317216	1.320147
00:00:00.205	1.300366	1.312821	1.319414
00:00:00.206	1.281319	1.306960	1.311355
00:00:00.206	1.274725	1.306960	1.313553
00:00:00.206	1.296703	1.321612	1.323810
00:00:00.207	1.317949	1.328938	1.323810
00:00:00.208	1.326740	1.319414	1.314286
00:00:00.208	1.316484	1.286447	1.304029
00:00:00.208	1.338462	1.309158	1.317216
00:00:00.208	1.331136	1.317949	1.328205
00:00:00.209	1.290842	1.301832	1.318681
00:00:00.209	1.269597	1.289377	1.315751
00:00:00.209	1.310623	1.266667	1.318681
00:00:00.210	1.345055	1.345055	1.327473
00:00:00.210	1.339194	1.369963	1.323077
00:00:00.210	1.353114	1.372894	1.326007
00:00:00.211	1.402198	1.330403	1.319414
00:00:00.211	1.373626	1.250549	1.321612
00:00:00.211	1.341392	1.291575	1.318681
00:00:00.212	1.354579	1.364835	1.315018
00:00:00.212	1.392674	1.369963	1.316484
00:00:00.213	1.313553	1.320147	1.320879
00:00:00.213	1.194139	1.311355	1.309158
00:00:00.213	1.233700	1.337729	1.305495
00:00:00.214	1.222711	1.308425	1.310623
00:00:00.214	1.263004	1.312088	1.314286
00:00:00.214	1.263736	1.325275	1.317216
00:00:00.215	1.282784	1.324542	1.320147
00:00:00.215	1.356777	1.335531	1.332601
00:00:00.247	1.375824	1.323810	1.326740
00:00:00.248	1.331868	1.308425	1.312821
00:00:00.248	1.263004	1.314286	1.315018
00:00:00.248	1.213919	1.300366	1.300366
00:00:00.249	1.272527	1.300366	1.301832
00:00:00.249	1.303297	1.315751	1.328205
00:00:00.249	1.323077	1.323810	1.323077
00:00:00.250	1.328938	1.314286	1.327473
00:00:00.250	1.306227	1.301832	1.305495
00:00:00.250	1.306960	1.329670	1.330403
00:00:00.251	1.312821	1.330403	1.326007
00:00:00.251	1.334066	1.315018	1.321612
00:00:00.252	1.335531	1.309890	1.315751
00:00:00.252	1.353114	1.315018	1.312821
00:00:00.252	1.342857	1.328205	1.320879
00:00:00.253	1.304762	1.306227	1.312088
00:00:00.253	1.328938	1.313553	1.326007
00:00:00.253	1.310623	1.320879	1.331868
00:00:00.258	1.314286	1.322344	1.320147
00:00:00.258	1.333333	1.309890	1.309890
00:00:00.258	1.358974	1.319414	1.323810
00:00:00.258	1.334799	1.317949	1.333333
00:00:00.258	1.312821	1.314286	1.319414
00:00:00.258	1.314286	1.326740	1.320147
00:00:00.258	1.296703	1.312088	1.303297
00:00:00.258	1.286447	1.323077	1.314286
00:00:00.258	1.280586	1.323810	1.311355
00:00:00.258	1.261538	1.311355	1.295238
00:00:00.258	1.281319	1.328938	1.318681
00:00:00.258	1.315018	1.315018	1.338462
00:00:00.258	1.320147	1.316484	1.323810
00:00:00.258	1.293773	1.316484	1.302564
00:00:00.262	1.292308	1.309890	1.288645
00:00:00.262	1.336996	1.331136	1.350183
00:00:00.262	1.323077	1.304762	1.321612
00:00:00.262	1.323077	1.316484	1.330403
00:00:00.262	1.304029	1.320147	1.317216
00:00:00.262	1.271795	1.328938	1.322344
00:00:00.262	1.287179	1.317949	1.298901
00:00:00.262	1.301099	1.312821	1.294505
00:00:00.262	1.331868	1.317949	1.320147
00:00:00.262	1.364835	1.320879	1.334066
00:00:00.262	1.331868	1.327473	1.336264
00:00:00.263	1.338462	1.314286	1.318681
00:00:00.263	1.306960	1.308425	1.325275
00:00:00.263	1.291575	1.318681	1.328205
00:00:00.265	1.278388	1.317216	1.323077
00:00:00.265	1.289377	1.321612	1.314286
00:00:00.265	1.449084	1.317216	1.318681
00:00:00.265	1.458608	1.305495	1.315751
00:00:00.297	1.328205	1.331136	1.318681
00:00:00.297	1.218315	1.326740	1.300366
00:00:00.298	1.260806	1.323810	1.305495
00:00:00.298	1.298901	1.316484	1.305495
00:00:00.298	1.323810	1.323077	1.323077
00:00:00.299	1.328205	1.324542	1.328938
00:00:00.299	1.328938	1.326740	1.330403
00:00:00.300	1.323810	1.326007	1.332601
00:00:00.300	1.327473	1.312088	1.326007
00:00:00.300	1.350183	1.273993	1.331136
00:00:00.301	1.374359	1.266667	1.323810
00:00:00.301	1.409524	1.284982	1.337729
00:00:00.301	1.365568	1.310623	1.335531
00:00:00.302	1.238095	1.312088	1.304029
00:00:00.302	1.260806	1.349451	1.304762
00:00:00.302	1.364835	1.382418	1.315751
00:00:00.303	1.324542	1.402930	1.317949
00:00:00.303	1.071795	1.400000	1.288645
00:00:00.303	1.003663	1.345788	1.282784
00:00:00.304	1.223443	1.299634	1.291575
00:00:00.304	1.325275	1.291575	1.305495
00:00:00.305	1.375092	1.309890	1.323810
00:00:00.305	1.346520	1.304029	1.315751
00:00:00.305	1.319414	1.306227	1.320879
00:00:00.306	1.300366	1.315751	1.337729
00:00:00.306	1.288645	1.305495	1.344322
00:00:00.306	1.284982	1.305495	1.337729
00:00:00.307	1.352381	1.315751	1.336264
00:00:00.307	1.497436	1.318681	1.328938
00:00:00.307	1.417582	1.301832	1.312821
00:00:00.308	1.312088	1.309890	1.315751
00:00:00.308	1.284249	1.311355	1.312821
00:00:00.308	1.396337	1.317949	1.328205
00:00:00.309	1.429304	1.320147	1.350916
00:00:00.309	1.350183	1.318681	1.336996
00:00:00.310	1.353114	1.320879	1.318681
00:00:00.310	1.327473	1.314286	1.312821
00:00:00.310	1.270330	1.312821	1.308425
00:00:00.311	1.188278	1.309890	1.293773
00:00:00.311	1.247619	1.326007	1.315018
00:00:00.311	1.294505	1.335531	1.315018
00:00:00.313	1.273993	1.322344	1.312821
00:00:00.313	1.273993	1.332601	1.327473
00:00:00.313	1.259341	1.323810	1.301832
00:00:00.313	1.289377	1.323810	1.317949
00:00:00.313	1.312821	1.317949	1.330403
00:00:00.314	1.315018	1.320147	1.335531
00:00:00.314	1.326740	1.317216	1.318681
00:00:00.314	1.322344	1.316484	1.293040
00:00:00.315	1.332601	1.321612	1.332601
00:00:00.347	1.306227	1.317216	1.364103
00:00:00.347	1.306227	1.327473	1.344322
00:00:00.348	1.298168	1.321612	1.318681
00:00:00.348	1.273993	1.317949	1.312821
00:00:00.348	1.353846	1.330403	1.329670
00:00:00.349	1.334799	1.315018	1.327473
00:00:00.349	1.352381	1.303297	1.353114
00:00:00.349	1.305495	1.302564	1.344322
00:00:00.350	1.400000	1.304029	1.320879
00:00:00.350	1.600000	1.315018	1.289377
00:00:00.350	1.729670	1.340659	1.311355
00:00:00.352	1.442491	1.321612	1.295238
00:00:00.352	0.920879	1.304029	1.285714
00:00:00.352	0.930403	1.314286	1.295971
00:00:00.352	1.243223	1.342125	1.320147
00:00:00.352	1.372894	1.288645	1.336264
00:00:00.355	1.320879	1.279121	1.336996
00:00:00.355	1.325275	1.299634	1.327473
00:00:00.355	1.198535	1.314286	1.317949
00:00:00.356	1.131868	1.329670	1.304029
00:00:00.356	1.356777	1.372161	1.313553
00:00:00.356	1.373626	1.399267	1.315751
00:00:00.356	1.290842	1.408059	1.300366
00:00:00.356	1.298168	1.373626	1.317216
00:00:00.356	1.373626	1.309890	1.325275
00:00:00.356	1.341392	1.291575	1.304029
00:00:00.356	1.339194	1.293773	1.321612
00:00:00.356	1.305495	1.289377	1.323077
00:00:00.360	1.309890	1.300366	1.335531
00:00:00.360	1.322344	1.314286	1.331868
00:00:00.360	1.312821	1.320147	1.323077
00:00:00.360	1.306227	1.314286	1.327473
00:00:00.360	1.329670	1.309890	1.323810
00:00:00.360	1.351648	1.310623	1.315751
00:00:00.360	1.323077	1.314286	1.327473
00:00:00.360	1.257875	1.320147	1.339194
00:00:00.360	1.229304	1.312821	1.335531
00:00:00.360	1.321612	1.317949	1.328938
00:00:00.360	1.431502	1.311355	1.328938
00:00:00.361	1.465201	1.312821	1.312821
00:00:00.361	1.327473	1.315018	1.300366
00:00:00.361	1.271795	1.319414	1.304762
00:00:00.362	1.334066	1.323077	1.313553
00:00:00.362	1.323810	1.307692	1.312821
00:00:00.363	1.301099	1.319414	1.330403
00:00:00.363	1.292308	1.326740	1.331868
00:00:00.363	1.298168	1.318681	1.323077
00:00:00.364	1.285714	1.315751	1.308425
00:00:00.365	1.271062	1.312821	1.293773
00:00:00.365	1.273993	1.325275	1.300366
00:00:00.397	1.261538	1.312088	1.293773
00:00:00.397	1.285714	1.317949	1.304029
00:00:00.397	1.317216	1.320879	1.317949
00:00:00.398	1.345788	1.319414	1.330403
00:00:00.398	1.316484	1.315751	1.327473
00:00:00.398	1.323810	1.321612	1.330403
00:00:00.399	1.307692	1.329670	1.345788
00:00:00.399	1.301099	1.322344	1.345788
00:00:00.399	1.304762	1.312821	1.316484
00:00:00.400	1.337729	1.320879	1.344322
00:00:00.400	1.367033	1.325275	1.334066
00:00:00.400	1.375092	1.323810	1.320147
00:00:00.401	1.352381	1.311355	1.315751
00:00:00.401	1.271062	1.315018	1.336996
00:00:00.402	1.252015	1.321612	1.342125
00:00:00.402	1.275458	1.326740	1.326740
00:00:00.402	1.402930	1.320147	1.312088
00:00:00.403	1.334066	1.311355	1.306227
00:00:00.403	1.197802	1.326740	1.308425
00:00:00.403	1.273260	1.330403	1.320147
00:00:00.404	1.369963	1.325275	1.328938
00:00:00.404	1.467399	1.328938	1.339927
00:00:00.404	1.504762	1.326740	1.329670
00:00:00.405	1.596337	1.339927	1.331868
00:00:00.405	1.336996	1.323810	1.306960
00:00:00.406	1.065934	1.326740	1.301832
00:00:00.406	1.044689	1.315751	1.303297
00:00:00.406	1.270330	1.300366	1.306960
00:00:00.407	1.389011	1.317216	1.317949
00:00:00.407	1.242491	1.317949	1.300366
00:00:00.407	1.135531	1.323077	1.298168
00:00:00.408	1.165568	1.324542	1.316484
00:00:00.408	1.263736	1.314286	1.317216
00:00:00.408	1.352381	1.311355	1.312088
00:00:00.409	1.445421	1.317216	1.339194
00:00:00.409	1.452747	1.320879	1.333333
00:00:00.409	1.389744	1.315018	1.308425
00:00:00.410	1.340659	1.319414	1.299634
00:00:00.410	1.265201	1.315018	1.300366
00:00:00.411	1.265201	1.323810	1.315018
00:00:00.411	1.258608	1.329670	1.322344
00:00:00.411	1.271795	1.329670	1.333333
00:00:00.412	1.317216	1.325275	1.331136
00:00:00.412	1.320879	1.312088	1.309158
00:00:00.412	1.333333	1.317949	1.323810
00:00:00.413	1.345055	1.315018	1.320879
00:00:00.413	1.337729	1.320147	1.322344
00:00:00.413	1.311355	1.323810	1.339194
00:00:00.414	1.287912	1.302564	1.323077
00:00:00.414	1.414652	1.330403	1.364103
00:00:00.446	1.452747	1.324542	1.336264
00:00:00.448	1.291575	1.329670	1.331868
00:00:00.448	1.407326	1.324542	1.329670
00:00:00.448	1.420513	1.285714	1.334066
00:00:00.448	1.407326	1.241026	1.323810
00:00:00.449	1.657143	1.270330	1.309158
00:00:00.449	1.438095	1.304029	1.318681
00:00:00.449	1.019048	1.334066	1.306227
00:00:00.449	0.889377	1.347985	1.279853
00:00:00.450	1.008059	1.383150	1.260806
00:00:00.450	1.099634	1.378755	1.260806
00:00:00.450	1.285714	1.398535	1.317949
00:00:00.452	1.382418	1.331868	1.334799
00:00:00.452	1.397070	1.313553	1.336264
00:00:00.452	1.370696	1.309158	1.332601
00:00:00.452	1.351648	1.316484	1.339194
00:00:00.452	1.334066	1.314286	1.326740
00:00:00.452	1.317216	1.312088	1.315018
00:00:00.456	1.307692	1.313553	1.316484
00:00:00.456	1.326007	1.317949	1.328938
00:00:00.456	1.328205	1.289377	1.320147
00:00:00.456	1.335531	1.304762	1.320147
00:00:00.456	1.273993	1.304762	1.317216
00:00:00.456	1.267399	1.322344	1.329670
00:00:00.456	1.268864	1.320879	1.334799
00:00:00.456	1.300366	1.323077	1.336996
00:00:00.456	1.389011	1.316484	1.326007
00:00:00.456	1.404396	1.313553	1.323077
00:00:00.456	1.416850	1.311355	1.315018
00:00:00.457	1.350916	1.319414	1.317949
00:00:00.457	1.313553	1.323077	1.313553
00:00:00.457	1.375092	1.316484	1.323810
00:00:00.458	1.334066	1.312821	1.315018
00:00:00.458	1.307692	1.318681	1.312821
00:00:00.458	1.276923	1.317949	1.308425
00:00:00.459	1.296703	1.320879	1.318681
00:00:00.459	1.295238	1.322344	1.316484
00:00:00.460	1.295238	1.317216	1.316484
00:00:00.460	1.295238	1.309158	1.315751
00:00:00.460	1.304762	1.315751	1.320879
00:00:00.461	1.305495	1.323077	1.320147
00:00:00.461	1.285714	1.320147	1.322344
00:00:00.461	1.313553	1.320879	1.323810
00:00:00.462	1.315751	1.320879	1.326007
00:00:00.462	1.317949	1.322344	1.323810
00:00:00.462	1.315751	1.319414	1.317216
00:00:00.463	1.317216	1.327473	1.322344
00:00:00.463	1.320147	1.322344	1.314286
00:00:00.464	1.328205	1.325275	1.323810
00:00:00.464	1.312088	1.316484	1.322344
00:00:00.496	1.287179	1.327473	1.311355
00:00:00.496	1.277656	1.313553	1.314286
00:00:00.497	1.273993	1.310623	1.311355
00:00:00.497	1.336264	1.312088	1.342125
00:00:00.498	1.383883	1.321612	1.344322
00:00:00.498	1.431502	1.323810	1.334066
00:00:00.498	1.364835	1.317216	1.321612
00:00:00.499	1.275458	1.316484	1.305495
00:00:00.499	1.218315	1.304762	1.293040
00:00:00.499	1.217582	1.297436	1.306227
00:00:00.500	1.361905	1.304762	1.323810
00:00:00.500	1.429304	1.308425	1.333333
00:00:00.501	1.206593	1.318681	1.311355
00:00:00.501	1.142857	1.316484	1.298168
00:00:00.501	1.265201	1.335531	1.320879
00:00:00.501	1.350916	1.345788	1.323077
00:00:00.502	1.473260	1.350916	1.327473
00:00:00.502	1.358242	1.359707	1.315018
00:00:00.503	1.344322	1.339927	1.339194
00:00:00.503	1.340659	1.314286	1.334799
00:00:00.503	1.337729	1.319414	1.337729
00:00:00.504	1.357509	1.316484	1.320147
00:00:00.504	1.289377	1.314286	1.307692
00:00:00.504	1.336264	1.312821	1.303297
00:00:00.505	1.381685	1.305495	1.300366
00:00:00.505	1.389744	1.306227	1.309158
00:00:00.505	1.191209	1.301832	1.304762
00:00:00.506	1.006593	1.317216	1.314286
00:00:00.506	1.156777	1.308425	1.315751
00:00:00.506	1.201465	1.300366	1.300366
00:00:00.507	1.267399	1.304762	1.329670
00:00:00.507	1.400000	1.325275	1.343590
00:00:00.508	1.396337	1.317949	1.312088
00:00:00.508	1.357509	1.318681	1.309890
00:00:00.508	1.376557	1.318681	1.317216
00:00:00.509	1.403663	1.320147	1.339194
00:00:00.509	1.397802	1.320879	1.341392
00:00:00.509	1.427106	1.323077	1.331868
00:00:00.512	1.308425	1.321612	1.318681
00:00:00.512	1.149451	1.320147	1.309890
00:00:00.512	1.022711	1.327473	1.315018
00:00:00.512	1.203663	1.329670	1.339194
00:00:00.512	1.360440	1.328938	1.347253
00:00:00.512	1.597802	1.345055	1.346520
00:00:00.512	1.723810	1.338462	1.318681
00:00:00.514	1.383150	1.321612	1.298901
00:00:00.514	1.199267	1.316484	1.271062
00:00:00.514	1.265201	1.318681	1.295238
00:00:00.514	1.300366	1.289377	1.318681
00:00:00.514	1.299634	1.237363	1.342857
00:00:00.547	1.294505	1.241758	1.336264
00:00:00.547	1.273260	1.287912	1.337729
00:00:00.547	1.320879	1.323810	1.320879
00:00:00.547	1.384615	1.350916	1.317949
00:00:00.547	1.413919	1.393407	1.320879
00:00:00.548	1.241758	1.409524	1.309890
00:00:00.548	1.191941	1.383883	1.314286
00:00:00.548	1.224908	1.315751	1.334066
00:00:00.552	1.268132	1.284982	1.328938
00:00:00.552	1.306960	1.279853	1.310623
00:00:00.552	1.324542	1.309158	1.320879
00:00:00.552	1.353114	1.330403	1.317949
00:00:00.552	1.319414	1.335531	1.298168
00:00:00.552	1.296703	1.324542	1.314286
00:00:00.552	1.293040	1.342125	1.315018
00:00:00.552	1.279121	1.359707	1.317949
00:00:00.552	1.285714	1.323077	1.304029
00:00:00.552	1.329670	1.312088	1.330403
00:00:00.552	1.332601	1.301099	1.322344
00:00:00.554	1.358242	1.312088	1.323810
00:00:00.554	1.362637	1.310623	1.322344
00:00:00.554	1.317949	1.315751	1.318681
00:00:00.554	1.304029	1.306960	1.317216
00:00:00.554	1.315751	1.318681	1.323077
00:00:00.554	1.293773	1.300366	1.315751
00:00:00.555	1.293773	1.305495	1.323810
00:00:00.555	1.303297	1.315018	1.319414
00:00:00.556	1.304762	1.317216	1.323810
00:00:00.556	1.324542	1.323810	1.320147
00:00:00.556	1.317216	1.324542	1.321612
00:00:00.557	1.321612	1.323810	1.322344
00:00:00.557	1.320879	1.325275	1.321612
00:00:00.557	1.301099	1.312821	1.312821
00:00:00.558	1.317216	1.320879	1.326007
00:00:00.558	1.307692	1.312088	1.315751
00:00:00.558	1.317216	1.320879	1.326007
00:00:00.559	1.309158	1.310623	1.315018
00:00:00.559	1.309158	1.312821	1.317949
00:00:00.559	1.327473	1.325275	1.326007
00:00:00.560	1.315751	1.308425	1.317216
00:00:00.560	1.326007	1.325275	1.323077
00:00:00.561	1.310623	1.313553	1.317949
00:00:00.561	1.274725	1.313553	1.316484
00:00:00.561	1.306960	1.323810	1.327473
00:00:00.562	1.335531	1.311355	1.316484
00:00:00.562	1.405861	1.325275	1.336996
00:00:00.562	1.501832	1.328938	1.337729
00:00:00.563	1.440293	1.313553	1.323077
00:00:00.563	1.233700	1.317949	1.310623
00:00:00.563	0.945055	1.312821	1.298168
00:00:00.596	1.041026	1.322344	1.306960
00:00:00.596	1.240293	1.323077	1.308425
00:00:00.596	1.435897	1.320147	1.305495
00:00:00.597	1.506227	1.327473	1.304762
00:00:00.597	1.395604	1.320147	1.337729
00:00:00.597	1.220513	1.316484	1.328205
00:00:00.598	1.247619	1.318681	1.308425
00:00:00.598	1.367766	1.326007	1.321612
00:00:00.598	1.391209	1.331136	1.323810
00:00:00.599	1.304762	1.328938	1.324542
00:00:00.599	1.291575	1.325275	1.313553
00:00:00.600	1.273993	1.322344	1.316484
00:00:00.600	1.318681	1.326740	1.328205
00:00:00.600	1.361905	1.308425	1.321612
00:00:00.601	1.421978	1.289377	1.320879
00:00:00.601	1.410256	1.301832	1.322344
00:00:00.601	1.372161	1.320147	1.328205
00:00:00.602	1.303297	1.320147	1.321612
00:00:00.602	1.161172	1.318681	1.300366
00:00:00.602	1.063004	1.312821	1.300366
00:00:00.603	1.284249	1.330403	1.304762
00:00:00.603	1.487179	1.326740	1.309890
00:00:00.603	1.476923	1.320879	1.328938
00:00:00.604	1.301832	1.323810	1.320147
00:00:00.604	1.257875	1.318681	1.327473
00:00:00.606	1.233700	1.323077	1.358242
00:00:00.606	1.117949	1.310623	1.346520
00:00:00.606	1.262271	1.318681	1.342125
00:00:00.606	1.352381	1.324542	1.316484
00:00:00.606	1.393407	1.326740	1.310623
00:00:00.606	1.389011	1.323077	1.288645
00:00:00.607	1.468864	1.312088	1.295238
00:00:00.608	1.346520	1.315751	1.295971
00:00:00.608	1.309158	1.321612	1.336996
00:00:00.609	1.238828	1.330403	1.339194
00:00:00.609	1.271795	1.326007	1.338462
00:00:00.609	1.238095	1.318681	1.310623
00:00:00.610	1.315751	1.320147	1.323810
00:00:00.610	1.394139	1.323077	1.330403
00:00:00.612	1.378755	1.310623	1.314286
00:00:00.612	1.336264	1.309890	1.297436
00:00:00.612	1.326007	1.323077	1.309890
00:00:00.612	1.306960	1.324542	1.295238
00:00:00.612	1.270330	1.326007	1.280586
00:00:00.612	1.265201	1.321612	1.284982
00:00:00.612	1.286447	1.313553	1.327473
00:00:00.612	1.333333	1.315751	1.364103
00:00:00.612	1.368498	1.323810	1.375092
00:00:00.617	1.335531	1.323810	1.362637
00:00:00.617	1.336264	1.318681	1.329670
00:00:00.647	1.336996	1.317949	1.357509
00:00:00.647	1.297436	1.267399	1.323077
00:00:00.647	1.309890	1.257143	1.311355
00:00:00.647	1.328205	1.287912	1.318681
00:00:00.647	1.320879	1.307692	1.314286
00:00:00.647	1.254945	1.342857	1.308425
00:00:00.648	1.276190	1.364835	1.300366
00:00:00.648	1.312088	1.394872	1.310623
00:00:00.648	1.300366	1.386813	1.306227
00:00:00.649	1.293040	1.358242	1.317949
00:00:00.649	1.294505	1.315018	1.317949
00:00:00.649	1.274725	1.302564	1.314286
00:00:00.650	1.326007	1.304762	1.316484
00:00:00.650	1.381685	1.314286	1.319414
00:00:00.650	1.394872	1.331868	1.320879
00:00:00.651	1.342125	1.335531	1.317216
00:00:00.651	1.268132	1.337729	1.320147
00:00:00.651	1.131868	1.320879	1.315751
00:00:00.652	1.240293	1.309890	1.320147
00:00:00.652	1.336996	1.309158	1.326740
00:00:00.653	1.374359	1.298901	1.316484
00:00:00.653	1.298901	1.309158	1.326740
00:00:00.653	1.317216	1.315751	1.334066
00:00:00.654	1.393407	1.320147	1.330403
00:00:00.654	1.444689	1.326007	1.334799
00:00:00.654	1.393407	1.326007	1.323810
00:00:00.655	1.290110	1.314286	1.298901
00:00:00.655	1.161172	1.313553	1.291575
00:00:00.655	1.199267	1.306227	1.295971
00:00:00.656	1.322344	1.295238	1.308425
00:00:00.656	1.324542	1.289377	1.300366
00:00:00.656	1.292308	1.293773	1.309890
00:00:00.658	1.295971	1.296703	1.314286
00:00:00.658	1.291575	1.309158	1.309890
00:00:00.658	1.285714	1.317216	1.317949
00:00:00.658	1.286447	1.317216	1.306227
00:00:00.658	1.290842	1.326007	1.309890
00:00:00.659	1.271062	1.335531	1.323077
00:00:00.659	1.268864	1.345055	1.331136
00:00:00.659	1.344322	1.330403	1.335531
00:00:00.660	1.446154	1.326007	1.342125
00:00:00.660	1.419780	1.315751	1.327473
00:00:00.660	1.342857	1.320147	1.326740
00:00:00.661	1.350916	1.323810	1.322344
00:00:00.661	1.320879	1.320879	1.318681
00:00:00.661	1.404396	1.317949	1.316484
00:00:00.662	1.312088	1.315751	1.313553
00:00:00.662	1.269597	1.327473	1.322344
00:00:00.663	1.311355	1.326740	1.327473
00:00:00.663	1.266667	1.321612	1.323077
00:00:00.695	1.227839	1.318681	1.328938
00:00:00.695	1.200733	1.313553	1.326740
00:00:00.696	1.189011	1.320879	1.323810
00:00:00.696	1.315018	1.319414	1.323810
00:00:00.697	1.417582	1.321612	1.323077
00:00:00.697	1.312088	1.320879	1.318681
00:00:00.697	1.172161	1.323810	1.309158
00:00:00.698	1.320147	1.314286	1.306227
00:00:00.698	1.403663	1.317949	1.306227
00:00:00.698	1.413187	1.318681	1.303297
00:00:00.699	1.389744	1.317216	1.333333
00:00:00.699	1.357509	1.327473	1.364835
00:00:00.699	1.344322	1.324542	1.339927
00:00:00.700	1.280586	1.315751	1.300366
00:00:00.700	1.210256	1.305495	1.294505
00:00:00.700	1.221978	1.315018	1.319414
00:00:00.701	1.261538	1.315751	1.323810
00:00:00.701	1.405861	1.330403	1.339194
00:00:00.702	1.454945	1.324542	1.336264
00:00:00.702	1.508425	1.336264	1.330403
00:00:00.702	1.433700	1.315018	1.303297
00:00:00.703	1.230037	1.313553	1.298901
00:00:00.705	1.125275	1.323077	1.318681
00:00:00.705	1.246886	1.324542	1.318681
00:00:00.705	1.282051	1.313553	1.331136
00:00:00.705	1.327473	1.312088	1.326740
00:00:00.705	1.356777	1.323810	1.326740
00:00:00.705	1.281319	1.327473	1.319414
00:00:00.705	1.301832	1.314286	1.305495
00:00:00.707	1.339194	1.314286	1.309158
00:00:00.708	1.373626	1.328938	1.323810
00:00:00.708	1.339194	1.325275	1.304762
00:00:00.708	1.131136	1.323077	1.308425
00:00:00.708	1.165568	1.301099	1.306960
00:00:00.708	1.240293	1.301099	1.320147
00:00:00.708	1.306227	1.318681	1.326740
00:00:00.708	1.384615	1.305495	1.312821
00:00:00.708	1.469597	1.309158	1.313553
00:00:00.713	1.490110	1.314286	1.317949
00:00:00.713	1.409524	1.319414	1.317216
00:00:00.713	1.351648	1.315751	1.309158
00:00:00.713	1.309890	1.328938	1.321612
00:00:00.713	1.284249	1.334066	1.331868
00:00:00.713	1.300366	1.315018	1.321612
00:00:00.713	1.277656	1.317949	1.317949
00:00:00.713	1.294505	1.318681	1.316484
00:00:00.713	1.243223	1.323810	1.312088
00:00:00.713	1.201465	1.292308	1.327473
00:00:00.713	1.293040	1.264469	1.331868
00:00:00.713	1.306960	1.264469	1.302564
00:00:00.746	1.326740	1.308425	1.328938
00:00:00.746	1.320879	1.321612	1.331868
00:00:00.746	1.312821	1.341392	1.313553
00:00:00.746	1.298901	1.394872	1.311355
00:00:00.746	1.286447	1.416117	1.311355
00:00:00.747	1.349451	1.411722	1.321612
00:00:00.747	1.353114	1.340659	1.325275
00:00:00.747	1.345788	1.302564	1.311355
00:00:00.748	1.347253	1.312088	1.329670
00:00:00.748	1.292308	1.300366	1.312088
00:00:00.748	1.243223	1.290842	1.313553
00:00:00.749	1.306227	1.306960	1.322344
00:00:00.749	1.316484	1.303297	1.323810
00:00:00.750	1.313553	1.303297	1.320879
00:00:00.750	1.314286	1.312088	1.312821
00:00:00.750	1.306960	1.312088	1.313553
00:00:00.751	1.309158	1.320879	1.311355
00:00:00.751	1.305495	1.317216	1.324542
00:00:00.751	1.307692	1.315751	1.350183
00:00:00.752	1.326007	1.321612	1.351648
00:00:00.752	1.335531	1.311355	1.333333
00:00:00.752	1.361172	1.323077	1.335531
00:00:00.753	1.306960	1.322344	1.319414
00:00:00.753	1.300366	1.325275	1.315751
00:00:00.753	1.304029	1.315018	1.317949
00:00:00.754	1.342857	1.325275	1.326007
00:00:00.754	1.347985	1.320147	1.343590
00:00:00.755	1.352381	1.319414	1.350183
00:00:00.755	1.295238	1.319414	1.330403
00:00:00.755	1.222711	1.322344	1.313553
00:00:00.756	1.180220	1.315018	1.299634
00:00:00.756	1.264469	1.312088	1.255678
00:00:00.756	1.333333	1.312821	1.269597
00:00:00.757	1.452747	1.330403	1.310623
00:00:00.757	1.395604	1.320147	1.312821
00:00:00.757	1.334066	1.326007	1.325275
00:00:00.758	1.276190	1.309158	1.322344
00:00:00.758	1.319414	1.318681	1.326740
00:00:00.758	1.302564	1.321612	1.323810
00:00:00.759	1.309158	1.324542	1.322344
00:00:00.759	1.323077	1.328938	1.323810
00:00:00.760	1.274725	1.323810	1.328205
00:00:00.760	1.243956	1.318681	1.323810
00:00:00.760	1.273993	1.325275	1.329670
00:00:00.761	1.292308	1.322344	1.327473
00:00:00.761	1.290110	1.322344	1.323077
00:00:00.762	1.367766	1.313553	1.317949
00:00:00.762	1.515018	1.326740	1.321612
00:00:00.762	1.452747	1.327473	1.322344
00:00:00.762	1.377289	1.326007	1.318681
00:00:00.795	1.268132	1.330403	1.323810
00:00:00.795	1.112821	1.330403	1.328938
00:00:00.795	1.083516	1.320147	1.320147
00:00:00.796	1.269597	1.325275	1.334066
00:00:00.796	1.695238	1.317216	1.334799
00:00:00.796	1.288645	1.293773	1.293040
00:00:00.797	1.114286	1.309158	1.284249
00:00:00.797	1.286447	1.322344	1.293773
00:00:00.797	1.260073	1.313553	1.300366
00:00:00.798	1.326740	1.317949	1.365568
00:00:00.798	1.408059	1.310623	1.357509
00:00:00.799	1.408791	1.326007	1.344322
00:00:00.799	1.323810	1.329670	1.317949
00:00:00.799	1.282051	1.329670	1.307692
00:00:00.801	1.284249	1.329670	1.309890
00:00:00.801	1.278388	1.315751	1.309890
00:00:00.801	1.340659	1.312088	1.309158
00:00:00.803	1.423443	1.325275	1.327473
00:00:00.803	1.371429	1.323810	1.319414
00:00:00.803	1.292308	1.309890	1.314286
00:00:00.804	1.260806	1.323810	1.318681
00:00:00.804	1.278388	1.312821	1.309890
00:00:00.804	1.298901	1.310623	1.306227
00:00:00.804	1.281319	1.323077	1.323810
00:00:00.804	1.297436	1.325275	1.320879
00:00:00.804	1.306227	1.327473	1.319414
00:00:00.804	1.312821	1.319414	1.309158
00:00:00.804	1.309158	1.312821	1.309158
00:00:00.809	1.315018	1.319414	1.323077
00:00:00.809	1.317949	1.320147	1.326740
00:00:00.809	1.315018	1.317949	1.326007
00:00:00.809	1.310623	1.312088	1.309890
00:00:00.809	1.307692	1.312088	1.319414
00:00:00.809	1.324542	1.323810	1.323810
00:00:00.809	1.343590	1.326007	1.326007
00:00:00.809	1.323077	1.319414	1.315751
00:00:00.809	1.284982	1.315751	1.316484
00:00:00.809	1.284982	1.319414	1.322344
00:00:00.809	1.318681	1.326740	1.322344
00:00:00.809	1.319414	1.321612	1.319414
00:00:00.809	1.315018	1.316484	1.315018
00:00:00.809	1.304762	1.312821	1.317949
00:00:00.811	1.318681	1.320879	1.327473
00:00:00.811	1.320147	1.320147	1.323810
00:00:00.811	1.318681	1.320147	1.320147
00:00:00.811	1.346520	1.312821	1.315018
00:00:00.811	1.341392	1.317216	1.323810
00:00:00.811	1.326740	1.326740	1.326007
00:00:00.812	1.276923	1.323810	1.323810
00:00:00.812	1.267399	1.318681	1.312821
00:00:00.844	1.282784	1.327473	1.315751
00:00:00.845	1.334799	1.336264	1.305495
00:00:00.845	1.397802	1.326007	1.313553
00:00:00.846	1.317216	1.314286	1.323810
00:00:00.846	1.260806	1.317949	1.331136
00:00:00.846	1.236630	1.295238	1.312821
00:00:00.847	1.312088	1.287179	1.318681
00:00:00.847	1.345788	1.289377	1.311355
00:00:00.847	1.313553	1.259341	1.310623
00:00:00.848	1.314286	1.274725	1.314286
00:00:00.848	1.320147	1.287912	1.322344
00:00:00.848	1.369963	1.321612	1.334799
00:00:00.849	1.265934	1.342857	1.323810
00:00:00.849	1.257875	1.371429	1.304762
00:00:00.849	1.280586	1.405128	1.302564
00:00:00.850	1.303297	1.419780	1.317216
00:00:00.850	1.323810	1.369963	1.323810
00:00:00.850	1.314286	1.312821	1.318681
00:00:00.851	1.321612	1.302564	1.315751
00:00:00.851	1.333333	1.304029	1.317949
00:00:00.852	1.328205	1.304762	1.323810
00:00:00.852	1.323077	1.308425	1.340659
00:00:00.852	1.323077	1.309890	1.329670
00:00:00.853	1.315018	1.307692	1.323810
00:00:00.853	1.262271	1.311355	1.317216
00:00:00.853	1.270330	1.313553	1.326007
00:00:00.854	1.300366	1.302564	1.309890
00:00:00.854	1.320147	1.316484	1.321612
00:00:00.854	1.350183	1.315751	1.318681
00:00:00.855	1.356777	1.318681	1.323077
00:00:00.855	1.344322	1.309890	1.317216
00:00:00.856	1.302564	1.317216	1.323810
00:00:00.856	1.300366	1.323077	1.322344
00:00:00.856	1.302564	1.309890	1.314286
00:00:00.857	1.302564	1.317216	1.319414
00:00:00.857	1.357509	1.324542	1.323077
00:00:00.857	1.352381	1.312821	1.306960
00:00:00.858	1.299634	1.306960	1.304762
00:00:00.858	1.301099	1.326007	1.318681
00:00:00.858	1.316484	1.326740	1.336996
00:00:00.860	1.306960	1.312088	1.317216
00:00:00.860	1.306227	1.323077	1.314286
00:00:00.860	1.310623	1.325275	1.323810
00:00:00.860	1.316484	1.320879	1.320879
00:00:00.860	1.307692	1.312821	1.314286
00:00:00.861	1.317216	1.318681	1.320147
00:00:00.861	1.358974	1.326007	1.320147
00:00:00.861	1.359707	1.318681	1.313553
00:00:00.862	1.326007	1.327473	1.334066
00:00:00.862	1.256410	1.309890	1.317949
00:00:00.894	1.233700	1.326007	1.312821
00:00:00.896	1.046886	1.323810	1.307692
00:00:00.896	1.134066	1.326007	1.315751
00:00:00.896	1.432967	1.315018	1.328205
00:00:00.897	1.493773	1.310623	1.318681
00:00:00.897	1.312821	1.315751	1.321612
00:00:00.897	1.370696	1.320147	1.337729
00:00:00.897	1.526740	1.319414	1.320879
00:00:00.897	1.534799	1.331868	1.359707
00:00:00.899	1.448352	1.326740	1.334799
00:00:00.899	1.319414	1.331136	1.349451
00:00:00.899	1.233700	1.309158	1.328205
00:00:00.899	1.404396	1.323077	1.314286
00:00:00.899	1.178022	1.317949	1.279853
00:00:00.899	1.032967	1.312088	1.273993
00:00:00.900	1.152381	1.306227	1.281319
00:00:00.904	1.216850	1.309890	1.295971
00:00:00.904	1.312821	1.329670	1.329670
00:00:00.904	1.358974	1.335531	1.336264
00:00:00.904	1.334066	1.328938	1.317216
00:00:00.904	1.348718	1.328938	1.320147
00:00:00.904	1.343590	1.320879	1.320147
00:00:00.904	1.326007	1.324542	1.323077
00:00:00.904	1.338462	1.323810	1.320147
00:00:00.904	1.321612	1.314286	1.318681
00:00:00.904	1.325275	1.308425	1.319414
00:00:00.904	1.330403	1.325275	1.327473
00:00:00.904	1.321612	1.320879	1.323810
00:00:00.904	1.312821	1.314286	1.315751
00:00:00.905	1.306227	1.313553	1.315751
00:00:00.905	1.310623	1.317216	1.319414
00:00:00.905	1.317216	1.321612	1.328205
00:00:00.906	1.326740	1.323810	1.315018
00:00:00.906	1.323810	1.327473	1.323810
00:00:00.906	1.311355	1.321612	1.323810
00:00:00.907	1.315018	1.326007	1.321612
00:00:00.907	1.316484	1.326007	1.321612
00:00:00.907	1.315751	1.317949	1.320147
00:00:00.908	1.308425	1.311355	1.307692
00:00:00.908	1.314286	1.325275	1.328205
00:00:00.908	1.320147	1.324542	1.322344
00:00:00.909	1.323810	1.321612	1.326007
00:00:00.909	1.312088	1.318681	1.319414
00:00:00.910	1.293040	1.312088	1.315018
00:00:00.910	1.300366	1.324542	1.325275
00:00:00.910	1.295971	1.314286	1.305495
00:00:00.911	1.309890	1.309158	1.306960
00:00:00.911	1.326007	1.321612	1.316484
00:00:00.911	1.325275	1.311355	1.312821
00:00:00.912	1.337729	1.315018	1.323810
00:00:00.944	1.323077	1.320879	1.326007
00:00:00.944	1.312088	1.315018	1.313553
00:00:00.945	1.307692	1.320147	1.321612
00:00:00.945	1.310623	1.323810	1.322344
00:00:00.945	1.300366	1.315751	1.321612
00:00:00.946	1.315018	1.324542	1.323810
00:00:00.946	1.309158	1.318681	1.306227
00:00:00.946	1.312821	1.326740	1.309890
00:00:00.947	1.313553	1.326007	1.321612
00:00:00.947	1.312088	1.320147	1.328938
00:00:00.948	1.318681	1.326007	1.323810
00:00:00.948	1.306960	1.312088	1.310623
00:00:00.948	1.312821	1.323810	1.331868
00:00:00.949	1.306960	1.317216	1.342125
00:00:00.949	1.294505	1.315751	1.336996
00:00:00.949	1.319414	1.325275	1.328205
00:00:00.950	1.319414	1.322344	1.321612
00:00:00.951	1.342125	1.315751	1.318681
00:00:00.951	1.352381	1.317216	1.320879
00:00:00.951	1.345055	1.320147	1.313553
00:00:00.951	1.335531	1.314286	1.305495
00:00:00.951	1.361905	1.315751	1.295971
00:00:00.952	1.228571	1.317949	1.309158
00:00:00.952	1.249084	1.312821	1.312821
00:00:00.953	1.346520	1.316484	1.318681
00:00:00.953	1.290842	1.303297	1.305495
00:00:00.953	1.262271	1.314286	1.318681
00:00:00.954	1.293773	1.320147	1.315018
00:00:00.954	1.438828	1.324542	1.312088
00:00:00.954	1.300366	1.324542	1.309158
00:00:00.956	1.328205	1.323810	1.328938
00:00:00.956	1.271062	1.309890	1.315751
00:00:00.956	1.262271	1.318681	1.314286
00:00:00.956	1.224176	1.321612	1.321612
00:00:00.956	1.165568	1.315751	1.309890
00:00:00.956	1.345055	1.316484	1.305495
00:00:00.957	1.346520	1.319414	1.323810
00:00:00.957	1.309158	1.321612	1.317216
00:00:00.958	1.347253	1.320879	1.319414
00:00:00.958	1.350916	1.320147	1.331136
00:00:00.958	1.302564	1.312088	1.317216
00:00:00.960	1.315018	1.329670	1.328205
00:00:00.960	1.320147	1.332601	1.323810
00:00:00.960	1.275458	1.306227	1.309890
00:00:00.960	1.369963	1.318681	1.333333
00:00:00.960	1.432234	1.326007	1.339194
00:00:00.961	1.356044	1.317949	1.311355
00:00:00.961	1.281319	1.312088	1.306227
00:00:00.961	1.257143	1.315751	1.321612
00:00:00.961	1.293040	1.314286	1.320879
