timestamp	ch1	ch2	ch3
00:00:00.000	1.259341	1.323077	1.303297
00:00:00.000	1.269597	1.316484	1.284982
00:00:00.001	1.316484	1.326007	1.289377
00:00:00.001	1.320147	1.308425	1.290842
00:00:00.001	1.339194	1.323810	1.331868
00:00:00.003	1.328938	1.322344	1.330403
00:00:00.003	1.311355	1.316484	1.305495
00:00:00.003	1.332601	1.314286	1.337729
00:00:00.003	1.329670	1.321612	1.356044
00:00:00.003	1.317949	1.323077	1.328205
00:00:00.003	1.319414	1.318681	1.305495
00:00:00.004	1.308425	1.315751	1.322344
00:00:00.004	1.293773	1.312088	1.328205
00:00:00.004	1.337729	1.322344	1.350916
00:00:00.006	1.321612	1.315751	1.320147
00:00:00.006	1.299634	1.317949	1.300366
00:00:00.007	1.304029	1.326740	1.323810
00:00:00.007	1.327473	1.322344	1.337729
00:00:00.007	1.318681	1.319414	1.316484
00:00:00.007	1.295971	1.318681	1.304762
00:00:00.007	1.304762	1.320147	1.306960
00:00:00.007	1.326007	1.316484	1.312088
00:00:00.011	1.335531	1.316484	1.315018
00:00:00.011	1.320879	1.326740	1.318681
00:00:00.011	1.309890	1.318681	1.317216
00:00:00.011	1.304029	1.320147	1.323077
00:00:00.011	1.310623	1.319414	1.314286
00:00:00.011	1.306960	1.312088	1.316484
00:00:00.011	1.315751	1.321612	1.320147
00:00:00.011	1.306960	1.327473	1.323810
00:00:00.011	1.306227	1.323810	1.323077
00:00:00.011	1.315751	1.323810	1.319414
00:00:00.011	1.304762	1.316484	1.322344
00:00:00.012	1.306227	1.315018	1.323810
00:00:00.012	1.316484	1.323077	1.323810
00:00:00.012	1.312088	1.318681	1.312088
00:00:00.013	1.303297	1.312821	1.309158
00:00:00.013	1.309158	1.322344	1.323810
00:00:00.013	1.298901	1.314286	1.315751
00:00:00.014	1.320147	1.326740	1.323077
00:00:00.014	1.310623	1.323077	1.324542
00:00:00.015	1.318681	1.324542	1.321612
00:00:00.015	1.308425	1.312821	1.307692
00:00:00.015	1.304762	1.315751	1.321612
00:00:00.016	1.316484	1.321612	1.319414
00:00:00.016	1.310623	1.312088	1.309158
00:00:00.016	1.320147	1.323810	1.322344
00:00:00.017	1.304762	1.311355	1.310623
00:00:00.017	1.311355	1.320147	1.321612
00:00:00.017	1.317216	1.323810	1.323077
00:00:00.050	1.318681	1.326740	1.323077
00:00:00.050	1.313553	1.321612	1.322344
00:00:00.050	1.320879	1.321612	1.323810
00:00:00.051	1.325275	1.320879	1.331136
00:00:00.051	1.317216	1.317949	1.320879
00:00:00.051	1.303297	1.312821	1.323077
00:00:00.052	1.309158	1.317216	1.323810
00:00:00.052	1.323810	1.325275	1.323810
00:00:00.052	1.312088	1.319414	1.316484
00:00:00.053	1.295971	1.312821	1.316484
00:00:00.053	1.307692	1.323077	1.330403
00:00:00.054	1.309890	1.321612	1.323810
00:00:00.054	1.313553	1.320879	1.314286
00:00:00.054	1.302564	1.306227	1.304762
00:00:00.055	1.314286	1.315751	1.321612
00:00:00.055	1.323077	1.323810	1.321612
00:00:00.055	1.315018	1.320147	1.309890
00:00:00.056	1.299634	1.306960	1.312088
00:00:00.056	1.296703	1.317949	1.319414
00:00:00.056	1.314286	1.320147	1.323810
00:00:00.057	1.325275	1.312821	1.312821
00:00:00.057	1.326740	1.323077	1.319414
00:00:00.057	1.299634	1.314286	1.321612
00:00:00.058	1.310623	1.320879	1.326740
00:00:00.058	1.324542	1.320147	1.327473
00:00:00.059	1.314286	1.324542	1.319414
00:00:00.059	1.292308	1.320147	1.319414
00:00:00.059	1.285714	1.326007	1.307692
00:00:00.060	1.326740	1.323810	1.335531
00:00:00.060	1.334799	1.312821	1.338462
00:00:00.060	1.312821	1.311355	1.312088
00:00:00.061	1.312088	1.317216	1.305495
00:00:00.061	1.333333	1.327473	1.329670
00:00:00.061	1.317216	1.320147	1.323810
00:00:00.062	1.314286	1.317216	1.318681
00:00:00.062	1.312088	1.314286	1.322344
00:00:00.062	1.314286	1.323810	1.325275
00:00:00.064	1.305495	1.323810	1.321612
00:00:00.064	1.294505	1.313553	1.307692
00:00:00.064	1.280586	1.312821	1.316484
00:00:00.064	1.290842	1.323810	1.307692
00:00:00.064	1.297436	1.320879	1.281319
00:00:00.065	1.321612	1.318681	1.294505
00:00:00.065	1.332601	1.315018	1.323077
00:00:00.065	1.332601	1.321612	1.323810
00:00:00.066	1.332601	1.324542	1.312821
00:00:00.066	1.332601	1.318681	1.302564
00:00:00.066	1.309158	1.312821	1.313553
00:00:00.068	1.320879	1.323077	1.382418
00:00:00.068	1.331868	1.320879	1.407326
00:00:00.101	1.332601	1.317216	1.326740
00:00:00.101	1.317949	1.321612	1.322344
00:00:00.101	1.326007	1.315018	1.328938
00:00:00.101	1.315018	1.320147	1.306960
00:00:00.103	1.309158	1.315018	1.301832
00:00:00.103	1.308425	1.312821	1.290842
00:00:00.103	1.315751	1.325275	1.300366
00:00:00.103	1.318681	1.320147	1.328205
00:00:00.103	1.304762	1.317949	1.322344
00:00:00.103	1.292308	1.318681	1.318681
00:00:00.103	1.308425	1.317216	1.320147
00:00:00.103	1.312088	1.312821	1.309890
00:00:00.107	1.304762	1.315751	1.309158
00:00:00.107	1.295238	1.320879	1.315018
00:00:00.107	1.300366	1.318681	1.314286
00:00:00.107	1.301832	1.320147	1.315751
00:00:00.107	1.302564	1.321612	1.316484
00:00:00.107	1.301832	1.310623	1.309158
00:00:00.107	1.314286	1.323077	1.323810
00:00:00.107	1.318681	1.319414	1.314286
00:00:00.107	1.322344	1.322344	1.323077
00:00:00.107	1.319414	1.323077	1.319414
00:00:00.107	1.301832	1.305495	1.311355
00:00:00.108	1.319414	1.320879	1.317216
00:00:00.108	1.320147	1.321612	1.314286
00:00:00.108	1.315018	1.315751	1.298168
00:00:00.109	1.312088	1.320147	1.313553
00:00:00.109	1.317216	1.325275	1.323077
00:00:00.109	1.313553	1.321612	1.345788
00:00:00.110	1.314286	1.312821	1.353846
00:00:00.110	1.318681	1.321612	1.347253
00:00:00.110	1.323810	1.321612	1.327473
00:00:00.111	1.314286	1.311355	1.306227
00:00:00.111	1.312088	1.311355	1.304762
00:00:00.112	1.319414	1.327473	1.318681
00:00:00.112	1.320147	1.325275	1.323810
00:00:00.112	1.319414	1.326740	1.320879
00:00:00.113	1.315751	1.320147	1.315018
00:00:00.113	1.304762	1.316484	1.311355
00:00:00.113	1.308425	1.312088	1.319414
00:00:00.114	1.317949	1.320879	1.317949
00:00:00.114	1.315751	1.320879	1.318681
00:00:00.114	1.309890	1.313553	1.311355
00:00:00.115	1.302564	1.317216	1.316484
00:00:00.115	1.304029	1.311355	1.311355
00:00:00.115	1.317216	1.317949	1.318681
00:00:00.116	1.313553	1.309158	1.308425
00:00:00.116	1.306227	1.309890	1.317216
00:00:00.117	1.303297	1.312088	1.320879
00:00:00.117	1.315018	1.324542	1.323810
00:00:00.149	1.297436	1.318681	1.313553
00:00:00.149	1.312088	1.328205	1.325275
00:00:00.150	1.298901	1.316484	1.313553
00:00:00.150	1.315018	1.326007	1.328938
00:00:00.151	1.321612	1.325275	1.326007
00:00:00.151	1.317949	1.323810	1.323810
00:00:00.151	1.316484	1.313553	1.310623
00:00:00.152	1.306960	1.317949	1.326740
00:00:00.152	1.314286	1.323810	1.315751
00:00:00.152	1.304029	1.312821	1.305495
00:00:00.153	1.329670	1.320147	1.336996
00:00:00.153	1.295971	1.315751	1.309158
00:00:00.153	1.305495	1.328205	1.329670
00:00:00.154	1.313553	1.327473	1.328205
00:00:00.155	1.292308	1.323810	1.323810
00:00:00.155	1.247619	1.264469	1.317216
00:00:00.155	1.255678	1.273993	1.328938
00:00:00.155	1.299634	1.287912	1.319414
00:00:00.156	1.334066	1.323077	1.321612
00:00:00.156	1.381685	1.331868	1.315018
00:00:00.156	1.418315	1.327473	1.323810
00:00:00.157	1.430769	1.350916	1.327473
00:00:00.157	1.404396	1.376557	1.323810
00:00:00.157	1.345788	1.375824	1.314286
00:00:00.158	1.329670	1.369231	1.326740
00:00:00.158	1.265934	1.328205	1.315018
00:00:00.158	1.221245	1.302564	1.317216
00:00:00.159	1.220513	1.301099	1.317216
00:00:00.159	1.268864	1.305495	1.320879
00:00:00.160	1.313553	1.312821	1.318681
00:00:00.160	1.306227	1.304762	1.320147
00:00:00.160	1.306227	1.306960	1.317216
00:00:00.161	1.315018	1.317216	1.323810
00:00:00.161	1.312088	1.314286	1.317216
00:00:00.161	1.304029	1.307692	1.313553
00:00:00.162	1.306227	1.316484	1.307692
00:00:00.162	1.317949	1.327473	1.326007
00:00:00.162	1.304029	1.319414	1.321612
00:00:00.163	1.279121	1.312821	1.307692
00:00:00.163	1.283516	1.320879	1.315018
00:00:00.163	1.284982	1.303297	1.315751
00:00:00.164	1.356044	1.312821	1.332601
00:00:00.164	1.379487	1.322344	1.340659
00:00:00.165	1.354579	1.316484	1.316484
00:00:00.165	1.372161	1.321612	1.329670
00:00:00.165	1.397070	1.307692	1.323810
00:00:00.167	1.370696	1.315751	1.317216
00:00:00.167	1.282784	1.309890	1.306227
00:00:00.167	1.301832	1.311355	1.309890
00:00:00.167	1.288645	1.312088	1.315018
00:00:00.199	1.257875	1.319414	1.308425
00:00:00.199	1.217582	1.323077	1.309890
00:00:00.200	1.246886	1.319414	1.312088
00:00:00.200	1.279121	1.325275	1.318681
00:00:00.200	1.277656	1.320879	1.308425
00:00:00.204	1.306227	1.328938	1.323810
00:00:00.204	1.303297	1.321612	1.315751
00:00:00.204	1.325275	1.322344	1.328205
00:00:00.204	1.300366	1.312088	1.329670
00:00:00.204	1.312088	1.321612	1.330403
00:00:00.204	1.338462	1.308425	1.320879
00:00:00.204	1.364835	1.323810	1.330403
00:00:00.204	1.345055	1.316484	1.320879
00:00:00.204	1.273993	1.320879	1.326740
00:00:00.204	1.304762	1.314286	1.323077
00:00:00.204	1.265201	1.274725	1.306960
00:00:00.205	1.293040	1.284982	1.327473
00:00:00.205	1.347253	1.304029	1.331136
00:00:00.206	1.375824	1.326007	1.327473
00:00:00.206	1.392674	1.322344	1.304762
00:00:00.206	1.444689	1.338462	1.315018
00:00:00.207	1.435165	1.357509	1.318681
00:00:00.207	1.334066	1.367033	1.322344
00:00:00.207	1.228571	1.354579	1.310623
00:00:00.207	1.166300	1.318681	1.300366
00:00:00.208	1.225641	1.333333	1.319414
00:00:00.208	1.295238	1.320879	1.320147
00:00:00.209	1.306960	1.315751	1.326007
00:00:00.209	1.316484	1.318681	1.326740
00:00:00.209	1.307692	1.305495	1.320147
00:00:00.210	1.306227	1.309158	1.321612
00:00:00.210	1.315018	1.314286	1.319414
00:00:00.210	1.309890	1.306227	1.322344
00:00:00.211	1.314286	1.304762	1.323077
00:00:00.211	1.303297	1.306960	1.320147
00:00:00.211	1.319414	1.319414	1.323810
00:00:00.212	1.319414	1.317949	1.318681
00:00:00.212	1.283516	1.308425	1.297436
00:00:00.212	1.289377	1.312821	1.309158
00:00:00.213	1.294505	1.312821	1.320879
00:00:00.213	1.315018	1.320879	1.321612
00:00:00.214	1.313553	1.312821	1.308425
00:00:00.214	1.336264	1.322344	1.333333
00:00:00.214	1.370696	1.307692	1.330403
00:00:00.215	1.416117	1.251282	1.327473
00:00:00.215	1.375092	1.271062	1.331136
00:00:00.215	1.323810	1.312088	1.322344
00:00:00.216	1.247619	1.335531	1.308425
00:00:00.216	1.278388	1.349451	1.327473
00:00:00.216	1.317216	1.340659	1.318681
00:00:00.249	1.267399	1.329670	1.298901
00:00:00.249	1.275458	1.386813	1.302564
00:00:00.249	1.290110	1.389011	1.315751
00:00:00.250	1.260806	1.369963	1.319414
00:00:00.250	1.304762	1.309158	1.314286
00:00:00.250	1.322344	1.320879	1.332601
00:00:00.251	1.323077	1.317216	1.326007
00:00:00.251	1.315018	1.299634	1.309890
00:00:00.251	1.302564	1.300366	1.317949
00:00:00.252	1.302564	1.306960	1.315751
00:00:00.252	1.293773	1.299634	1.302564
00:00:00.253	1.307692	1.301099	1.312821
00:00:00.253	1.306960	1.301832	1.309158
00:00:00.253	1.316484	1.307692	1.312821
00:00:00.254	1.331868	1.314286	1.331136
00:00:00.254	1.348718	1.305495	1.370696
00:00:00.254	1.349451	1.315751	1.350183
00:00:00.255	1.345788	1.324542	1.326740
00:00:00.255	1.329670	1.326007	1.300366
00:00:00.255	1.309158	1.313553	1.298168
00:00:00.256	1.295971	1.309890	1.315751
00:00:00.256	1.290110	1.312821	1.321612
00:00:00.257	1.291575	1.323077	1.328938
00:00:00.257	1.305495	1.322344	1.319414
00:00:00.257	1.326740	1.319414	1.314286
00:00:00.258	1.297436	1.315751	1.313553
00:00:00.258	1.273260	1.323810	1.316484
00:00:00.259	1.268132	1.320147	1.306960
00:00:00.261	1.347253	1.336264	1.339194
00:00:00.261	1.336264	1.318681	1.326740
00:00:00.261	1.331136	1.320879	1.316484
00:00:00.261	1.386813	1.311355	1.315018
00:00:00.261	1.382418	1.323810	1.327473
00:00:00.261	1.310623	1.315018	1.309158
00:00:00.262	1.254945	1.317949	1.308425
00:00:00.262	1.288645	1.320879	1.321612
00:00:00.263	1.306227	1.322344	1.328205
00:00:00.263	1.379487	1.321612	1.328938
00:00:00.263	1.350916	1.323077	1.323810
00:00:00.263	1.282051	1.317949	1.316484
00:00:00.263	1.283516	1.312088	1.312821
00:00:00.263	1.300366	1.326007	1.331868
00:00:00.268	1.327473	1.326007	1.326740
00:00:00.268	1.366300	1.320147	1.313553
00:00:00.268	1.339194	1.313553	1.315018
00:00:00.268	1.285714	1.322344	1.316484
00:00:00.268	1.241758	1.327473	1.316484
00:00:00.268	1.241758	1.323077	1.317216
00:00:00.268	1.281319	1.316484	1.306960
00:00:00.268	1.315018	1.319414	1.323810
00:00:00.300	1.329670	1.323810	1.331136
00:00:00.300	1.402198	1.325275	1.328205
00:00:00.300	1.393407	1.314286	1.323077
00:00:00.300	1.278388	1.313553	1.323810
00:00:00.300	1.341392	1.326007	1.339927
00:00:00.300	1.363370	1.313553	1.328205
00:00:00.301	1.203663	1.321612	1.312088
00:00:00.301	1.241026	1.326740	1.304029
00:00:00.301	1.339194	1.320879	1.304762
00:00:00.302	1.266667	1.318681	1.303297
00:00:00.302	1.299634	1.300366	1.306227
00:00:00.302	1.330403	1.300366	1.320879
00:00:00.303	1.369231	1.312821	1.319414
00:00:00.303	1.382418	1.324542	1.326007
00:00:00.303	1.352381	1.332601	1.329670
00:00:00.304	1.312088	1.339194	1.323810
00:00:00.304	1.314286	1.321612	1.323810
00:00:00.304	1.261538	1.323810	1.322344
00:00:00.305	1.194872	1.323077	1.323077
00:00:00.305	1.250549	1.316484	1.320879
00:00:00.306	1.275458	1.318681	1.322344
00:00:00.306	1.365568	1.321612	1.328938
00:00:00.306	1.455678	1.315018	1.323810
00:00:00.307	1.415385	1.315751	1.319414
00:00:00.307	1.287179	1.326007	1.315018
00:00:00.307	1.224176	1.325275	1.308425
00:00:00.308	1.284982	1.265934	1.313553
00:00:00.308	1.267399	1.257143	1.315018
00:00:00.308	1.293040	1.287912	1.317949
00:00:00.309	1.357509	1.321612	1.313553
00:00:00.309	1.328938	1.330403	1.317216
00:00:00.309	1.309158	1.356044	1.323810
00:00:00.310	1.314286	1.386081	1.323077
00:00:00.310	1.323810	1.393407	1.313553
00:00:00.312	1.320147	1.393407	1.318681
00:00:00.312	1.304762	1.342125	1.315018
00:00:00.312	1.299634	1.295971	1.320879
00:00:00.312	1.312088	1.300366	1.328205
00:00:00.312	1.328938	1.293773	1.319414
00:00:00.312	1.349451	1.279121	1.334799
00:00:00.313	1.329670	1.277656	1.320879
00:00:00.313	1.296703	1.306960	1.335531
00:00:00.313	1.307692	1.323077	1.328205
00:00:00.314	1.336996	1.317949	1.327473
00:00:00.314	1.381685	1.317949	1.322344
00:00:00.314	1.415385	1.319414	1.302564
00:00:00.315	1.279121	1.348718	1.311355
00:00:00.315	1.189011	1.357509	1.315018
00:00:00.316	1.199267	1.333333	1.290110
00:00:00.316	1.307692	1.308425	1.294505
00:00:00.348	1.346520	1.304029	1.307692
00:00:00.348	1.326007	1.301099	1.323077
00:00:00.349	1.326740	1.301832	1.325275
00:00:00.349	1.327473	1.292308	1.311355
00:00:00.350	1.287912	1.298901	1.308425
00:00:00.350	1.286447	1.320879	1.320147
00:00:00.350	1.304029	1.334066	1.323810
00:00:00.352	1.317949	1.334799	1.328205
00:00:00.352	1.322344	1.327473	1.326007
00:00:00.352	1.337729	1.336996	1.334799
00:00:00.352	1.317949	1.317216	1.317949
00:00:00.352	1.312821	1.314286	1.308425
00:00:00.352	1.325275	1.323077	1.328938
00:00:00.353	1.315751	1.320147	1.326007
00:00:00.353	1.308425	1.314286	1.317216
00:00:00.354	1.306960	1.308425	1.312821
00:00:00.354	1.318681	1.323077	1.320147
00:00:00.355	1.309158	1.317949	1.311355
00:00:00.356	1.312821	1.304762	1.309158
00:00:00.356	1.292308	1.318681	1.323810
00:00:00.356	1.255678	1.315751	1.318681
00:00:00.357	1.296703	1.320147	1.326007
00:00:00.357	1.353846	1.328938	1.327473
00:00:00.357	1.362637	1.312821	1.315751
00:00:00.359	1.397070	1.314286	1.323810
00:00:00.359	1.360440	1.319414	1.342857
00:00:00.359	1.413919	1.315018	1.339927
00:00:00.359	1.319414	1.315751	1.311355
00:00:00.359	1.095971	1.316484	1.279121
00:00:00.359	1.162637	1.328205	1.297436
00:00:00.359	1.219048	1.319414	1.324542
00:00:00.359	1.300366	1.308425	1.323077
00:00:00.364	1.534066	1.329670	1.341392
00:00:00.364	1.513553	1.327473	1.320879
00:00:00.364	1.430769	1.332601	1.323810
00:00:00.364	1.297436	1.342857	1.322344
00:00:00.364	1.304762	1.331868	1.320147
00:00:00.364	1.207326	1.308425	1.327473
00:00:00.364	1.175092	1.307692	1.313553
00:00:00.364	1.295971	1.317216	1.323810
00:00:00.364	1.445421	1.325275	1.331868
00:00:00.364	1.496703	1.323077	1.344322
00:00:00.364	1.408791	1.309890	1.329670
00:00:00.364	1.224908	1.317949	1.322344
00:00:00.364	1.171429	1.316484	1.314286
00:00:00.364	1.164103	1.276923	1.309890
00:00:00.365	1.276923	1.285714	1.326007
00:00:00.365	1.391209	1.298168	1.323810
00:00:00.365	1.648352	1.318681	1.314286
00:00:00.366	1.632234	1.331868	1.345788
00:00:00.398	1.229304	1.342857	1.306227
00:00:00.398	0.937729	1.352381	1.252015
00:00:00.399	1.005128	1.383150	1.276923
00:00:00.399	1.123077	1.377289	1.302564
00:00:00.399	1.284249	1.339927	1.331136
00:00:00.400	1.381685	1.301099	1.338462
00:00:00.400	1.501099	1.312821	1.339927
00:00:00.400	1.465934	1.293773	1.320879
00:00:00.401	1.293040	1.319414	1.325275
00:00:00.401	1.238828	1.323810	1.312821
00:00:00.401	1.290110	1.310623	1.309158
00:00:00.402	1.284249	1.298901	1.307692
00:00:00.402	1.257875	1.314286	1.323810
00:00:00.403	1.319414	1.323810	1.337729
00:00:00.403	1.378022	1.320879	1.342125
00:00:00.403	1.358974	1.322344	1.323077
00:00:00.404	1.389744	1.307692	1.300366
00:00:00.404	1.364103	1.310623	1.309158
00:00:00.404	1.233700	1.323810	1.317949
00:00:00.405	1.279853	1.317949	1.328205
00:00:00.405	1.285714	1.317216	1.310623
00:00:00.405	1.260806	1.328205	1.322344
00:00:00.406	1.317216	1.326007	1.323810
00:00:00.406	1.324542	1.319414	1.312088
00:00:00.406	1.298168	1.307692	1.297436
00:00:00.407	1.432967	1.319414	1.336264
00:00:00.407	1.549451	1.332601	1.334799
00:00:00.408	1.379487	1.309158	1.316484
00:00:00.408	1.422711	1.315751	1.344322
00:00:00.408	1.339927	1.327473	1.334066
00:00:00.409	1.158242	1.309158	1.307692
00:00:00.409	1.123810	1.312821	1.308425
00:00:00.409	1.205128	1.336264	1.316484
00:00:00.410	1.270330	1.331136	1.302564
00:00:00.410	1.308425	1.327473	1.323810
00:00:00.410	1.276923	1.312821	1.328205
00:00:00.411	1.263004	1.314286	1.328938
00:00:00.411	1.249084	1.304762	1.310623
00:00:00.412	1.340659	1.311355	1.301832
00:00:00.412	1.461538	1.309890	1.316484
00:00:00.412	1.542857	1.332601	1.331868
00:00:00.413	1.350183	1.320147	1.318681
00:00:00.413	1.421978	1.315751	1.315751
00:00:00.413	1.476190	1.323077	1.340659
00:00:00.414	1.391209	1.306960	1.316484
00:00:00.414	1.148718	1.317949	1.309158
00:00:00.414	0.992674	1.316484	1.295971
00:00:00.415	1.134066	1.328938	1.329670
00:00:00.416	1.350183	1.336264	1.375092
00:00:00.416	1.452015	1.337729	1.358974
00:00:00.448	1.443956	1.322344	1.331136
00:00:00.448	1.404396	1.328938	1.336264
00:00:00.448	1.227839	1.321612	1.296703
00:00:00.449	1.200733	1.312088	1.300366
00:00:00.449	1.162637	1.313553	1.300366
00:00:00.449	1.190476	1.312821	1.298901
00:00:00.450	1.353114	1.325275	1.318681
00:00:00.450	1.406593	1.328205	1.328938
00:00:00.452	1.386813	1.324542	1.318681
00:00:00.452	1.353114	1.318681	1.317216
00:00:00.452	1.359707	1.310623	1.317949
00:00:00.454	1.218315	1.309158	1.311355
00:00:00.454	1.056410	1.328205	1.323810
00:00:00.454	1.185348	1.328205	1.326740
00:00:00.454	1.253480	1.324542	1.328205
00:00:00.454	1.427839	1.312821	1.329670
00:00:00.454	1.681319	1.325275	1.317949
00:00:00.454	1.848352	1.309890	1.342125
00:00:00.454	1.441026	1.270330	1.304029
00:00:00.454	1.178022	1.283516	1.292308
00:00:00.455	1.315751	1.307692	1.327473
00:00:00.455	0.995604	1.323810	1.336264
00:00:00.456	1.047619	1.330403	1.321612
00:00:00.456	1.487179	1.342857	1.328938
00:00:00.456	1.365568	1.345788	1.320879
00:00:00.460	1.220513	1.364103	1.310623
00:00:00.460	1.297436	1.360440	1.303297
00:00:00.460	1.368498	1.341392	1.290842
00:00:00.460	1.279853	1.314286	1.300366
00:00:00.460	1.212454	1.306227	1.317949
00:00:00.460	1.295238	1.304762	1.342857
00:00:00.460	1.289377	1.295971	1.330403
00:00:00.460	1.300366	1.309890	1.336264
00:00:00.460	1.394139	1.315751	1.329670
00:00:00.460	1.439560	1.320879	1.323810
00:00:00.460	1.415385	1.344322	1.328938
00:00:00.461	1.287912	1.340659	1.321612
00:00:00.461	1.221978	1.325275	1.315018
00:00:00.461	1.209524	1.331136	1.321612
00:00:00.462	1.246154	1.323810	1.326007
00:00:00.462	1.252747	1.317949	1.322344
00:00:00.462	1.277656	1.315751	1.323810
00:00:00.463	1.357509	1.302564	1.315751
00:00:00.463	1.377289	1.322344	1.315751
00:00:00.463	1.416850	1.319414	1.315018
00:00:00.464	1.362637	1.312088	1.309158
00:00:00.464	1.392674	1.311355	1.319414
00:00:00.465	1.414652	1.318681	1.333333
00:00:00.465	1.467399	1.318681	1.323810
00:00:00.465	1.425641	1.318681	1.312821
00:00:00.497	1.139194	1.313553	1.295238
00:00:00.498	0.964103	1.313553	1.300366
00:00:00.498	1.209524	1.315751	1.304029
00:00:00.498	1.297436	1.281319	1.315018
00:00:00.499	1.328938	1.260806	1.325275
00:00:00.500	1.337729	1.275458	1.344322
00:00:00.500	1.341392	1.309890	1.328938
00:00:00.500	1.322344	1.324542	1.326007
00:00:00.500	1.318681	1.350916	1.312821
00:00:00.501	1.309890	1.378755	1.300366
00:00:00.501	1.287912	1.419048	1.318681
00:00:00.501	1.270330	1.409524	1.317949
00:00:00.502	1.291575	1.346520	1.331136
00:00:00.502	1.327473	1.294505	1.330403
00:00:00.502	1.405861	1.287912	1.331868
00:00:00.503	1.276190	1.294505	1.320879
00:00:00.503	1.257143	1.293040	1.309890
00:00:00.504	1.446154	1.303297	1.315018
00:00:00.504	1.347253	1.318681	1.323810
00:00:00.504	1.466667	1.308425	1.315018
00:00:00.505	1.605861	1.309890	1.322344
00:00:00.505	1.448352	1.306960	1.331868
00:00:00.505	1.301832	1.323810	1.328938
00:00:00.506	1.259341	1.336996	1.326740
00:00:00.506	0.958974	1.326740	1.296703
00:00:00.506	1.100366	1.322344	1.300366
00:00:00.507	1.376557	1.306960	1.312821
00:00:00.507	1.285714	1.315751	1.315018
00:00:00.507	1.247619	1.326007	1.328205
00:00:00.508	1.252747	1.301832	1.318681
00:00:00.508	1.068864	1.291575	1.310623
00:00:00.509	1.273993	1.316484	1.309890
00:00:00.509	1.397070	1.326740	1.330403
00:00:00.509	1.412454	1.328205	1.339194
00:00:00.510	1.235165	1.326740	1.327473
00:00:00.510	1.384615	1.317949	1.323810
00:00:00.510	1.482784	1.325275	1.323810
00:00:00.511	1.409524	1.323810	1.331868
00:00:00.511	1.314286	1.309158	1.315018
00:00:00.511	1.246154	1.321612	1.320147
00:00:00.512	1.243223	1.328205	1.331136
00:00:00.512	1.131868	1.319414	1.306227
00:00:00.512	1.461538	1.323810	1.323810
00:00:00.513	1.756044	1.339194	1.347253
00:00:00.513	1.523810	1.337729	1.331136
00:00:00.514	1.305495	1.321612	1.317216
00:00:00.514	1.213187	1.312821	1.312088
00:00:00.514	1.216117	1.311355	1.305495
00:00:00.517	1.191941	1.309158	1.297436
00:00:00.517	1.244689	1.317949	1.300366
00:00:00.549	1.305495	1.323810	1.314286
00:00:00.549	1.290110	1.312088	1.315018
00:00:00.549	1.326740	1.323077	1.326007
00:00:00.549	1.361172	1.320147	1.323077
00:00:00.550	1.314286	1.323077	1.316484
00:00:00.550	1.287912	1.321612	1.316484
00:00:00.550	1.269597	1.324542	1.318681
00:00:00.550	1.250549	1.326007	1.323810
00:00:00.550	1.296703	1.324542	1.328205
00:00:00.551	1.282051	1.312821	1.316484
00:00:00.551	1.293773	1.311355	1.321612
00:00:00.551	1.430769	1.323077	1.328205
00:00:00.556	1.410256	1.314286	1.315018
00:00:00.556	1.315751	1.323077	1.319414
00:00:00.556	1.295238	1.317216	1.312088
00:00:00.556	1.264469	1.323077	1.320147
00:00:00.556	1.273260	1.323810	1.327473
00:00:00.556	1.344322	1.323077	1.327473
00:00:00.556	1.390476	1.328938	1.329670
00:00:00.556	1.421978	1.312821	1.311355
00:00:00.556	1.440293	1.309890	1.316484
00:00:00.556	1.385348	1.312821	1.312821
00:00:00.556	1.206593	1.315751	1.320879
00:00:00.556	1.032967	1.311355	1.306960
00:00:00.556	1.203663	1.310623	1.308425
00:00:00.556	1.295238	1.320879	1.327473
00:00:00.556	1.268864	1.317216	1.334066
00:00:00.558	1.273993	1.314286	1.317216
00:00:00.558	1.236630	1.314286	1.306960
00:00:00.558	1.390476	1.317216	1.307692
00:00:00.558	1.338462	1.316484	1.293773
00:00:00.558	1.410256	1.326007	1.313553
00:00:00.559	1.441026	1.320879	1.317949
00:00:00.559	1.376557	1.318681	1.341392
00:00:00.559	1.247619	1.322344	1.337729
00:00:00.560	1.175824	1.327473	1.340659
00:00:00.560	1.252015	1.315751	1.323077
00:00:00.560	1.307692	1.315018	1.319414
00:00:00.561	1.339194	1.315751	1.309158
00:00:00.561	1.375092	1.320147	1.322344
00:00:00.562	1.358974	1.316484	1.311355
00:00:00.562	1.300366	1.328205	1.317949
00:00:00.562	1.304762	1.317216	1.312821
00:00:00.563	1.310623	1.320879	1.327473
00:00:00.563	1.315018	1.326007	1.323810
00:00:00.563	1.233700	1.319414	1.322344
00:00:00.564	1.265201	1.314286	1.312821
00:00:00.564	1.358242	1.312088	1.315018
00:00:00.564	1.383150	1.323810	1.320147
00:00:00.565	1.325275	1.317949	1.312088
00:00:00.597	1.309158	1.310623	1.300366
00:00:00.597	1.333333	1.319414	1.320147
00:00:00.598	1.387546	1.323810	1.333333
00:00:00.598	1.272527	1.319414	1.323810
00:00:00.598	1.199267	1.320879	1.320879
00:00:00.599	1.252747	1.323077	1.321612
00:00:00.599	1.353114	1.324542	1.328938
00:00:00.599	1.326740	1.317216	1.306960
00:00:00.600	1.441758	1.312821	1.320879
00:00:00.600	1.523810	1.331136	1.326740
00:00:00.601	1.269597	1.309890	1.311355
00:00:00.601	1.258608	1.322344	1.314286
00:00:00.601	1.247619	1.325275	1.323077
00:00:00.602	1.263736	1.315751	1.309158
00:00:00.602	1.342125	1.312821	1.301832
00:00:00.602	1.230769	1.323810	1.314286
00:00:00.603	1.225641	1.312821	1.293040
00:00:00.603	1.323810	1.300366	1.328938
00:00:00.603	1.383883	1.256410	1.329670
00:00:00.605	1.391941	1.271795	1.336996
00:00:00.605	1.307692	1.312088	1.328938
00:00:00.605	1.250549	1.323810	1.315751
00:00:00.605	1.213919	1.347985	1.311355
00:00:00.605	1.315751	1.370696	1.312821
00:00:00.606	1.449084	1.406593	1.334799
00:00:00.606	1.345788	1.421978	1.333333
00:00:00.606	1.350183	1.350183	1.309158
00:00:00.607	1.315018	1.287179	1.310623
00:00:00.607	1.350183	1.298901	1.314286
00:00:00.607	1.308425	1.303297	1.272527
00:00:00.608	1.315751	1.306227	1.300366
00:00:00.608	1.353114	1.306960	1.306960
00:00:00.608	1.415385	1.302564	1.323810
00:00:00.609	1.189011	1.306227	1.344322
00:00:00.609	1.208059	1.315018	1.353846
00:00:00.609	1.204396	1.309158	1.352381
00:00:00.611	1.226374	1.323810	1.370696
00:00:00.611	1.268864	1.322344	1.333333
00:00:00.611	1.323810	1.321612	1.312821
00:00:00.611	1.304762	1.321612	1.313553
00:00:00.611	1.299634	1.305495	1.289377
00:00:00.613	1.383883	1.320879	1.312821
00:00:00.613	1.360440	1.319414	1.314286
00:00:00.613	1.378755	1.324542	1.316484
00:00:00.613	1.393407	1.321612	1.328205
00:00:00.613	1.328205	1.318681	1.322344
00:00:00.613	1.196337	1.320879	1.316484
00:00:00.616	1.260073	1.323077	1.312821
00:00:00.616	1.336264	1.320879	1.313553
00:00:00.616	1.399267	1.304029	1.308425
00:00:00.648	1.441026	1.297436	1.327473
00:00:00.648	1.319414	1.271062	1.315751
00:00:00.648	1.260806	1.304029	1.328938
00:00:00.648	1.307692	1.323810	1.315018
00:00:00.648	1.293773	1.325275	1.323077
00:00:00.648	1.304762	1.345055	1.337729
00:00:00.649	1.334799	1.350183	1.342857
00:00:00.649	1.316484	1.359707	1.322344
00:00:00.654	1.309158	1.370696	1.311355
00:00:00.654	1.290110	1.348718	1.311355
00:00:00.654	1.306960	1.336996	1.323810
00:00:00.654	1.265201	1.298901	1.308425
00:00:00.654	1.318681	1.308425	1.314286
00:00:00.654	1.281319	1.307692	1.320147
00:00:00.654	1.236630	1.303297	1.315018
00:00:00.654	1.336264	1.315751	1.331868
00:00:00.654	1.432967	1.318681	1.334066
00:00:00.654	1.511355	1.326740	1.320147
00:00:00.654	1.350183	1.316484	1.306227
00:00:00.654	1.153114	1.308425	1.300366
00:00:00.654	1.215385	1.314286	1.312821
00:00:00.654	1.198535	1.319414	1.323810
00:00:00.655	1.301832	1.321612	1.328938
00:00:00.655	1.345055	1.317216	1.317216
00:00:00.655	1.319414	1.322344	1.323810
00:00:00.656	1.370696	1.319414	1.311355
00:00:00.657	1.287912	1.308425	1.310623
00:00:00.657	1.261538	1.320879	1.320147
00:00:00.657	1.316484	1.317949	1.311355
00:00:00.657	1.336996	1.322344	1.324542
00:00:00.657	1.383883	1.310623	1.322344
00:00:00.658	1.378022	1.315018	1.320879
00:00:00.658	1.367766	1.322344	1.326740
00:00:00.659	1.385348	1.323810	1.327473
00:00:00.659	1.323077	1.327473	1.323810
00:00:00.659	1.291575	1.318681	1.319414
00:00:00.660	1.254945	1.319414	1.319414
00:00:00.660	1.314286	1.323077	1.334799
00:00:00.660	1.347985	1.316484	1.316484
00:00:00.661	1.328938	1.320147	1.320147
00:00:00.661	1.287912	1.317216	1.308425
00:00:00.661	1.241758	1.323077	1.309158
00:00:00.662	1.332601	1.317949	1.323810
00:00:00.662	1.298168	1.318681	1.320879
00:00:00.662	1.284249	1.314286	1.315018
00:00:00.663	1.309158	1.315751	1.323810
00:00:00.663	1.350916	1.312088	1.320147
00:00:00.664	1.432234	1.310623	1.326740
00:00:00.664	1.429304	1.320879	1.320879
00:00:00.664	1.295238	1.328938	1.298901
00:00:00.696	1.142125	1.317949	1.296703
00:00:00.697	1.189744	1.314286	1.290842
00:00:00.697	1.265201	1.324542	1.321612
00:00:00.698	1.262271	1.329670	1.333333
00:00:00.698	1.215385	1.318681	1.325275
00:00:00.698	1.313553	1.320147	1.323810
00:00:00.699	1.394872	1.310623	1.326007
00:00:00.699	1.427106	1.309890	1.319414
00:00:00.699	1.248352	1.316484	1.315751
00:00:00.700	1.314286	1.321612	1.319414
00:00:00.700	1.351648	1.323810	1.305495
00:00:00.700	1.324542	1.317949	1.309890
00:00:00.701	1.360440	1.318681	1.328205
00:00:00.701	1.349451	1.317949	1.323810
00:00:00.701	1.280586	1.319414	1.326007
00:00:00.702	1.287179	1.312821	1.315751
00:00:00.702	1.236630	1.326740	1.326007
00:00:00.703	1.286447	1.326007	1.323077
00:00:00.703	1.432967	1.320147	1.315751
00:00:00.703	1.460806	1.315018	1.319414
00:00:00.704	1.341392	1.320147	1.318681
00:00:00.704	1.189011	1.307692	1.299634
00:00:00.704	1.073260	1.316484	1.323077
00:00:00.705	1.131136	1.326007	1.344322
00:00:00.705	1.198535	1.320879	1.344322
00:00:00.705	1.272527	1.268864	1.328205
00:00:00.706	1.476190	1.248352	1.314286
00:00:00.706	1.575824	1.295971	1.320147
00:00:00.706	1.479853	1.323077	1.306960
00:00:00.707	1.470330	1.336264	1.298168
00:00:00.707	1.342857	1.360440	1.294505
00:00:00.710	1.329670	1.395604	1.312821
00:00:00.710	1.370696	1.407326	1.323077
00:00:00.710	1.317949	1.379487	1.313553
00:00:00.710	1.246154	1.317949	1.312088
00:00:00.710	1.309158	1.306960	1.339194
00:00:00.710	1.311355	1.308425	1.336264
00:00:00.712	1.299634	1.295971	1.321612
00:00:00.712	1.246886	1.296703	1.308425
00:00:00.712	1.278388	1.293040	1.306227
00:00:00.712	1.320147	1.317216	1.333333
00:00:00.712	1.340659	1.316484	1.333333
00:00:00.712	1.295971	1.318681	1.320147
00:00:00.712	1.261538	1.308425	1.312088
00:00:00.712	1.206593	1.313553	1.310623
00:00:00.717	1.280586	1.323810	1.320879
00:00:00.717	1.319414	1.318681	1.322344
00:00:00.717	1.328205	1.315751	1.314286
00:00:00.717	1.334066	1.309158	1.312821
00:00:00.717	1.326007	1.312821	1.315751
00:00:00.750	1.353114	1.318681	1.332601
00:00:00.750	1.344322	1.321612	1.328205
00:00:00.750	1.324542	1.317216	1.333333
00:00:00.750	1.266667	1.316484	1.327473
00:00:00.750	1.285714	1.315018	1.311355
00:00:00.750	1.235897	1.341392	1.320147
00:00:00.750	1.234432	1.341392	1.322344
00:00:00.750	1.284249	1.310623	1.307692
00:00:00.750	1.308425	1.299634	1.323810
00:00:00.750	1.349451	1.325275	1.326740
00:00:00.750	1.375824	1.333333	1.314286
00:00:00.750	1.442491	1.333333	1.315751
00:00:00.752	1.386813	1.310623	1.309890
00:00:00.752	1.277656	1.310623	1.317949
00:00:00.752	1.305495	1.323810	1.328938
00:00:00.752	1.279121	1.308425	1.315018
00:00:00.752	1.241758	1.324542	1.322344
00:00:00.752	1.282784	1.323810	1.323810
00:00:00.753	1.378755	1.320879	1.315018
00:00:00.753	1.427839	1.320147	1.317216
00:00:00.753	1.416117	1.312821	1.321612
00:00:00.754	1.390476	1.325275	1.332601
00:00:00.754	1.217582	1.315018	1.317949
00:00:00.754	1.117216	1.316484	1.318681
00:00:00.755	1.204396	1.324542	1.320147
00:00:00.755	1.271062	1.318681	1.312821
00:00:00.756	1.330403	1.320147	1.318681
00:00:00.756	1.308425	1.321612	1.315018
00:00:00.756	1.312821	1.323810	1.315751
00:00:00.757	1.371429	1.328205	1.323810
00:00:00.757	1.358242	1.322344	1.318681
00:00:00.757	1.317216	1.325275	1.327473
00:00:00.758	1.304762	1.323077	1.326007
00:00:00.758	1.290110	1.310623	1.318681
00:00:00.758	1.303297	1.306960	1.318681
00:00:00.759	1.416850	1.320879	1.333333
00:00:00.759	1.479121	1.310623	1.310623
00:00:00.759	1.366300	1.317949	1.305495
00:00:00.760	1.274725	1.326740	1.307692
00:00:00.760	1.281319	1.324542	1.304029
00:00:00.761	1.271062	1.316484	1.297436
00:00:00.761	1.193407	1.310623	1.289377
00:00:00.761	1.288645	1.317949	1.316484
00:00:00.762	1.287179	1.323810	1.361172
00:00:00.762	1.298901	1.326007	1.376557
00:00:00.762	1.301832	1.320147	1.347253
00:00:00.763	1.250549	1.313553	1.331136
00:00:00.763	1.304029	1.320879	1.327473
00:00:00.763	1.355311	1.323077	1.328205
00:00:00.764	1.459341	1.328938	1.315751
00:00:00.796	1.420513	1.319414	1.298168
00:00:00.796	1.246154	1.322344	1.290842
00:00:00.797	1.230037	1.314286	1.300366
00:00:00.797	1.279121	1.308425	1.297436
00:00:00.797	1.333333	1.304762	1.306227
00:00:00.798	1.389011	1.327473	1.333333
00:00:00.798	1.312821	1.316484	1.319414
00:00:00.798	1.296703	1.313553	1.332601
00:00:00.799	1.315018	1.314286	1.320879
00:00:00.799	1.366300	1.321612	1.313553
00:00:00.800	1.360440	1.326007	1.309890
00:00:00.800	1.401465	1.331136	1.317216
00:00:00.800	1.483516	1.332601	1.343590
00:00:00.801	1.238828	1.320879	1.317949
00:00:00.801	1.137729	1.304762	1.279853
00:00:00.802	1.076923	1.304762	1.279121
00:00:00.802	1.218315	1.316484	1.308425
00:00:00.802	1.335531	1.331868	1.326740
00:00:00.802	1.375824	1.320147	1.317216
00:00:00.803	1.383883	1.322344	1.330403
00:00:00.803	1.315751	1.307692	1.320147
00:00:00.803	1.319414	1.324542	1.342125
00:00:00.806	1.310623	1.326007	1.339194
00:00:00.806	1.295238	1.309890	1.323810
00:00:00.806	1.301832	1.327473	1.323077
00:00:00.806	1.303297	1.310623	1.300366
00:00:00.806	1.382418	1.320147	1.326007
00:00:00.808	1.422711	1.313553	1.323810
00:00:00.808	1.392674	1.304029	1.310623
00:00:00.808	1.347253	1.324542	1.315751
00:00:00.808	1.246154	1.316484	1.311355
00:00:00.808	1.150183	1.320879	1.310623
00:00:00.808	1.283516	1.319414	1.317216
00:00:00.808	1.309890	1.318681	1.309158
00:00:00.808	1.319414	1.326007	1.311355
00:00:00.813	1.315018	1.321612	1.317949
00:00:00.813	1.364103	1.316484	1.323810
00:00:00.813	1.301832	1.315018	1.323810
00:00:00.813	1.329670	1.315751	1.322344
00:00:00.813	1.408059	1.312821	1.338462
00:00:00.813	1.372161	1.321612	1.334066
00:00:00.813	1.333333	1.322344	1.313553
00:00:00.813	1.250549	1.316484	1.306960
00:00:00.813	1.222711	1.316484	1.312088
00:00:00.813	1.234432	1.319414	1.320879
00:00:00.813	1.291575	1.326007	1.336264
00:00:00.813	1.306960	1.320879	1.328205
00:00:00.813	1.331136	1.328938	1.315751
00:00:00.813	1.287912	1.306960	1.307692
00:00:00.814	1.308425	1.313553	1.320879
00:00:00.846	1.292308	1.301099	1.307692
00:00:00.846	1.303297	1.314286	1.320879
00:00:00.846	1.323810	1.316484	1.327473
00:00:00.847	1.331136	1.320879	1.323077
00:00:00.847	1.356777	1.323077	1.323810
00:00:00.848	1.370696	1.336264	1.323810
00:00:00.848	1.328938	1.339927	1.309890
00:00:00.848	1.339927	1.328205	1.307692
00:00:00.849	1.327473	1.317216	1.320879
00:00:00.849	1.358974	1.320147	1.333333
00:00:00.849	1.305495	1.321612	1.323077
00:00:00.850	1.257143	1.311355	1.306227
00:00:00.850	1.284982	1.315751	1.320147
00:00:00.850	1.273993	1.314286	1.318681
00:00:00.851	1.293040	1.323810	1.322344
00:00:00.851	1.320147	1.321612	1.322344
00:00:00.851	1.317949	1.310623	1.315018
00:00:00.852	1.317216	1.309158	1.317949
00:00:00.852	1.326007	1.325275	1.326007
00:00:00.853	1.345788	1.320879	1.326007
00:00:00.853	1.325275	1.323077	1.330403
00:00:00.853	1.290110	1.314286	1.317949
00:00:00.854	1.273993	1.326007	1.331136
00:00:00.854	1.232967	1.311355	1.308425
00:00:00.854	1.273260	1.279121	1.323810
00:00:00.855	1.378022	1.257875	1.326740
00:00:00.855	1.365568	1.264469	1.308425
00:00:00.855	1.378022	1.314286	1.312821
00:00:00.856	1.344322	1.312821	1.313553
00:00:00.856	1.201465	1.354579	1.313553
00:00:00.856	1.269597	1.379487	1.332601
00:00:00.857	1.376557	1.397802	1.326740
00:00:00.857	1.320147	1.413919	1.321612
00:00:00.858	1.257875	1.347985	1.333333
00:00:00.858	1.238095	1.309158	1.321612
00:00:00.858	1.310623	1.297436	1.296703
00:00:00.859	1.331136	1.306960	1.314286
00:00:00.859	1.403663	1.306227	1.319414
00:00:00.859	1.357509	1.310623	1.320147
00:00:00.860	1.334799	1.309890	1.317949
00:00:00.860	1.346520	1.307692	1.315018
00:00:00.860	1.328938	1.306227	1.328205
00:00:00.861	1.316484	1.315018	1.327473
00:00:00.861	1.299634	1.317216	1.320879
00:00:00.861	1.301099	1.312088	1.316484
00:00:00.862	1.309158	1.316484	1.323810
00:00:00.862	1.310623	1.318681	1.321612
00:00:00.863	1.279121	1.317949	1.309158
00:00:00.863	1.240293	1.306960	1.309890
00:00:00.863	1.242491	1.309158	1.315018
00:00:00.895	1.285714	1.315751	1.328205
00:00:00.896	1.342125	1.324542	1.328205
00:00:00.896	1.421978	1.322344	1.323810
00:00:00.898	1.356044	1.317216	1.317216
00:00:00.898	1.334066	1.327473	1.310623
00:00:00.898	1.413187	1.324542	1.326740
00:00:00.898	1.364835	1.315751	1.317949
00:00:00.898	1.305495	1.315018	1.328938
00:00:00.898	1.311355	1.322344	1.326740
00:00:00.899	1.265934	1.321612	1.319414
00:00:00.899	1.342857	1.323077	1.318681
00:00:00.900	1.350183	1.316484	1.302564
00:00:00.900	1.250549	1.313553	1.308425
00:00:00.900	1.178755	1.323077	1.312821
00:00:00.900	1.216850	1.326740	1.308425
00:00:00.903	1.269597	1.320147	1.308425
00:00:00.903	1.321612	1.315018	1.315018
00:00:00.903	1.322344	1.319414	1.318681
00:00:00.903	1.306960	1.315751	1.320879
00:00:00.903	1.273993	1.323810	1.323077
00:00:00.904	1.342125	1.322344	1.323810
00:00:00.904	1.356777	1.316484	1.317216
00:00:00.904	1.305495	1.315751	1.316484
00:00:00.904	1.279853	1.317216	1.320879
00:00:00.904	1.290842	1.325275	1.330403
00:00:00.904	1.298901	1.323810	1.319414
00:00:00.909	1.345788	1.309158	1.303297
00:00:00.909	1.448352	1.298168	1.312821
00:00:00.909	1.378755	1.317216	1.321612
00:00:00.909	1.281319	1.334066	1.327473
00:00:00.909	1.285714	1.341392	1.323077
00:00:00.909	1.294505	1.328938	1.317949
00:00:00.909	1.327473	1.304029	1.326740
00:00:00.909	1.310623	1.295971	1.337729
00:00:00.909	1.329670	1.326740	1.331136
00:00:00.909	1.334066	1.345055	1.320147
00:00:00.909	1.314286	1.333333	1.320879
00:00:00.909	1.306227	1.312821	1.316484
00:00:00.909	1.304762	1.310623	1.312088
00:00:00.909	1.306227	1.315751	1.314286
00:00:00.910	1.319414	1.315018	1.317949
00:00:00.910	1.323077	1.313553	1.317949
00:00:00.911	1.302564	1.317949	1.323077
00:00:00.911	1.273993	1.320879	1.327473
00:00:00.911	1.263004	1.321612	1.334066
00:00:00.912	1.297436	1.336264	1.342857
00:00:00.912	1.481319	1.323810	1.328938
00:00:00.912	1.452015	1.312088	1.319414
00:00:00.913	1.217582	1.305495	1.295971
00:00:00.913	1.172894	1.319414	1.300366
00:00:00.945	1.156777	1.328205	1.317949
00:00:00.946	1.316484	1.320147	1.320147
00:00:00.946	1.360440	1.318681	1.336996
00:00:00.946	1.354579	1.323810	1.323077
00:00:00.947	1.380952	1.329670	1.331136
00:00:00.947	1.392674	1.328205	1.326740
00:00:00.947	1.315751	1.319414	1.306960
00:00:00.948	1.236630	1.315018	1.306227
00:00:00.948	1.301099	1.290842	1.303297
00:00:00.948	1.356044	1.303297	1.326740
00:00:00.950	1.357509	1.312088	1.323810
00:00:00.950	1.317949	1.309158	1.306960
00:00:00.950	1.288645	1.322344	1.316484
00:00:00.950	1.274725	1.337729	1.320879
00:00:00.950	1.306227	1.343590	1.313553
00:00:00.951	1.309158	1.344322	1.317949
00:00:00.951	1.291575	1.350916	1.327473
00:00:00.951	1.301099	1.340659	1.326007
00:00:00.952	1.367033	1.317949	1.326740
00:00:00.952	1.421978	1.295238	1.329670
00:00:00.952	1.454212	1.295238	1.317216
00:00:00.953	1.372161	1.294505	1.323077
00:00:00.953	1.312821	1.304762	1.320147
00:00:00.953	1.079121	1.298901	1.293040
00:00:00.954	1.178022	1.323077	1.317216
00:00:00.954	1.259341	1.327473	1.316484
00:00:00.955	1.268864	1.308425	1.305495
00:00:00.955	1.296703	1.324542	1.317949
00:00:00.955	1.263736	1.318681	1.313553
00:00:00.956	1.238095	1.315751	1.320879
00:00:00.956	1.328205	1.323077	1.321612
00:00:00.956	1.446886	1.315751	1.311355
00:00:00.957	1.452747	1.309158	1.305495
00:00:00.957	1.382418	1.323077	1.342857
00:00:00.957	1.328205	1.327473	1.329670
00:00:00.958	1.350183	1.326007	1.335531
00:00:00.958	1.318681	1.312821	1.336996
00:00:00.959	1.186081	1.321612	1.332601
00:00:00.959	1.301099	1.324542	1.320879
00:00:00.959	1.335531	1.326007	1.320147
00:00:00.960	1.253480	1.315751	1.298901
00:00:00.960	1.248352	1.306227	1.302564
00:00:00.960	1.305495	1.323810	1.323810
00:00:00.961	1.316484	1.317949	1.312088
00:00:00.961	1.327473	1.321612	1.319414
00:00:00.961	1.325275	1.319414	1.316484
00:00:00.962	1.304029	1.306960	1.306227
00:00:00.962	1.304029	1.318681	1.320147
00:00:00.962	1.319414	1.323810	1.323810
00:00:00.964	1.328205	1.326740	1.326007
