timestamp	ch1	ch2	ch3
00:00:00.000	1.328938	1.313553	1.343590
00:00:00.000	1.320879	1.323810	1.323810
00:00:00.000	1.323810	1.320147	1.315018
00:00:00.001	1.320147	1.315751	1.320879
00:00:00.001	1.340659	1.328205	1.326740
00:00:00.001	1.327473	1.323077	1.322344
00:00:00.002	1.315018	1.323810	1.318681
00:00:00.002	1.306960	1.328205	1.323810
00:00:00.003	1.304762	1.324542	1.315751
00:00:00.003	1.326740	1.327473	1.331136
00:00:00.003	1.312821	1.318681	1.330403
00:00:00.004	1.300366	1.304762	1.312821
00:00:00.004	1.316484	1.315751	1.327473
00:00:00.004	1.319414	1.327473	1.328205
00:00:00.005	1.309890	1.323810	1.311355
00:00:00.005	1.315018	1.322344	1.313553
00:00:00.005	1.309158	1.319414	1.323077
00:00:00.006	1.318681	1.325275	1.327473
00:00:00.006	1.316484	1.320147	1.321612
00:00:00.007	1.310623	1.315751	1.306960
00:00:00.007	1.308425	1.325275	1.320147
00:00:00.007	1.305495	1.311355	1.318681
00:00:00.008	1.320879	1.319414	1.331868
00:00:00.008	1.304762	1.323810	1.331868
00:00:00.008	1.293040	1.315751	1.307692
00:00:00.009	1.300366	1.318681	1.313553
00:00:00.009	1.323810	1.328938	1.322344
00:00:00.009	1.318681	1.314286	1.314286
00:00:00.010	1.309158	1.312821	1.307692
00:00:00.010	1.308425	1.314286	1.298901
00:00:00.010	1.328938	1.325275	1.293773
00:00:00.011	1.307692	1.322344	1.304029
00:00:00.011	1.293040	1.311355	1.281319
00:00:00.011	1.310623	1.320879	1.307692
00:00:00.012	1.338462	1.320147	1.338462
00:00:00.012	1.328205	1.315018	1.319414
00:00:00.013	1.336996	1.315751	1.328938
00:00:00.013	1.326740	1.319414	1.370696
00:00:00.013	1.332601	1.328938	1.408791
00:00:00.014	1.304029	1.327473	1.369231
00:00:00.014	1.286447	1.317949	1.327473
00:00:00.014	1.325275	1.313553	1.313553
00:00:00.015	1.331136	1.323810	1.312088
00:00:00.015	1.330403	1.323077	1.305495
00:00:00.015	1.358974	1.310623	1.297436
00:00:00.016	1.297436	1.309890	1.295971
00:00:00.016	1.279121	1.312821	1.305495
00:00:00.017	1.309158	1.324542	1.317216
00:00:00.017	1.300366	1.318681	1.309890
00:00:00.017	1.286447	1.309890	1.309890
00:00:00.049	1.287179	1.315751	1.319414
00:00:00.050	1.294505	1.323810	1.326740
00:00:00.050	1.292308	1.308425	1.310623
00:00:00.050	1.306227	1.327473	1.323810
00:00:00.051	1.318681	1.314286	1.320147
00:00:00.051	1.320147	1.317216	1.323810
00:00:00.052	1.314286	1.320879	1.315751
00:00:00.052	1.313553	1.317216	1.298168
00:00:00.052	1.320147	1.319414	1.283516
00:00:00.054	1.326740	1.320147	1.298168
00:00:00.054	1.316484	1.319414	1.304762
00:00:00.054	1.304029	1.312821	1.303297
00:00:00.054	1.306227	1.319414	1.270330
00:00:00.054	1.328205	1.320879	1.288645
00:00:00.054	1.308425	1.315751	1.317216
00:00:00.056	1.263736	1.312821	1.417582
00:00:00.056	1.287179	1.318681	1.402930
00:00:00.056	1.347253	1.320879	1.342125
00:00:00.056	1.328938	1.324542	1.312088
00:00:00.056	1.309890	1.323810	1.302564
00:00:00.057	1.306960	1.314286	1.300366
00:00:00.057	1.324542	1.325275	1.316484
00:00:00.057	1.320879	1.312088	1.307692
00:00:00.058	1.322344	1.313553	1.304029
00:00:00.058	1.351648	1.317216	1.349451
00:00:00.058	1.317216	1.317216	1.327473
00:00:00.060	1.299634	1.319414	1.317949
00:00:00.060	1.294505	1.321612	1.316484
00:00:00.060	1.296703	1.323077	1.317949
00:00:00.060	1.304762	1.322344	1.319414
00:00:00.060	1.309890	1.328205	1.316484
00:00:00.061	1.310623	1.330403	1.315751
00:00:00.061	1.313553	1.326740	1.317949
00:00:00.061	1.318681	1.321612	1.318681
00:00:00.062	1.312088	1.308425	1.317216
00:00:00.062	1.312821	1.297436	1.312821
00:00:00.062	1.300366	1.310623	1.314286
00:00:00.063	1.287912	1.308425	1.303297
00:00:00.063	1.297436	1.319414	1.323810
00:00:00.063	1.312088	1.326007	1.320147
00:00:00.064	1.300366	1.326740	1.323077
00:00:00.064	1.305495	1.317949	1.312821
00:00:00.064	1.326740	1.306227	1.294505
00:00:00.065	1.358974	1.313553	1.337729
00:00:00.065	1.331136	1.316484	1.321612
00:00:00.066	1.309890	1.275458	1.309158
00:00:00.066	1.286447	1.246886	1.299634
00:00:00.066	1.292308	1.281319	1.312821
00:00:00.067	1.313553	1.322344	1.331136
00:00:00.067	1.317949	1.329670	1.325275
00:00:00.099	1.309158	1.333333	1.336996
00:00:00.100	1.310623	1.313553	1.339194
00:00:00.100	1.315018	1.361172	1.323810
00:00:00.100	1.295971	1.364103	1.310623
00:00:00.101	1.306960	1.390476	1.316484
00:00:00.101	1.296703	1.351648	1.300366
00:00:00.101	1.321612	1.337729	1.316484
00:00:00.102	1.317949	1.342857	1.306960
00:00:00.102	1.345788	1.339194	1.311355
00:00:00.102	1.342857	1.314286	1.318681
00:00:00.103	1.312088	1.282784	1.313553
00:00:00.103	1.309158	1.290110	1.323810
00:00:00.103	1.312821	1.310623	1.325275
00:00:00.104	1.297436	1.310623	1.327473
00:00:00.104	1.314286	1.306227	1.316484
00:00:00.105	1.320879	1.302564	1.314286
00:00:00.105	1.315018	1.315751	1.320879
00:00:00.105	1.315018	1.320147	1.326007
00:00:00.106	1.311355	1.318681	1.317216
00:00:00.106	1.289377	1.315751	1.318681
00:00:00.106	1.295238	1.311355	1.323810
00:00:00.107	1.311355	1.320879	1.321612
00:00:00.107	1.303297	1.324542	1.323810
00:00:00.107	1.303297	1.324542	1.322344
00:00:00.108	1.328938	1.320879	1.320879
00:00:00.108	1.310623	1.310623	1.315018
00:00:00.109	1.300366	1.309890	1.317216
00:00:00.109	1.331136	1.324542	1.326007
00:00:00.109	1.346520	1.321612	1.325275
00:00:00.110	1.326740	1.317216	1.315018
00:00:00.110	1.316484	1.304029	1.311355
00:00:00.110	1.339927	1.320147	1.318681
00:00:00.111	1.327473	1.320147	1.320879
00:00:00.112	1.284249	1.314286	1.300366
00:00:00.112	1.286447	1.316484	1.304029
00:00:00.112	1.287179	1.312088	1.317216
00:00:00.112	1.317216	1.325275	1.330403
00:00:00.112	1.310623	1.318681	1.316484
00:00:00.113	1.308425	1.306960	1.314286
00:00:00.113	1.329670	1.323810	1.330403
00:00:00.114	1.339194	1.323077	1.323810
00:00:00.114	1.335531	1.326007	1.323810
00:00:00.114	1.296703	1.314286	1.300366
00:00:00.115	1.243223	1.317949	1.315018
00:00:00.115	1.284249	1.320147	1.319414
00:00:00.115	1.300366	1.315751	1.316484
00:00:00.116	1.307692	1.319414	1.320879
00:00:00.116	1.309158	1.309890	1.310623
00:00:00.116	1.318681	1.316484	1.312088
00:00:00.117	1.322344	1.321612	1.323077
00:00:00.150	1.325275	1.318681	1.316484
00:00:00.150	1.315751	1.311355	1.317216
00:00:00.152	1.315018	1.323077	1.323810
00:00:00.152	1.312821	1.317949	1.316484
00:00:00.152	1.311355	1.318681	1.314286
00:00:00.152	1.298901	1.310623	1.315751
00:00:00.152	1.292308	1.313553	1.315018
00:00:00.152	1.325275	1.327473	1.333333
00:00:00.152	1.317949	1.320147	1.312821
00:00:00.153	1.315751	1.319414	1.319414
00:00:00.153	1.304029	1.323077	1.325275
00:00:00.153	1.308425	1.319414	1.320879
00:00:00.153	1.302564	1.318681	1.326007
00:00:00.158	1.298168	1.317949	1.304029
00:00:00.158	1.328938	1.321612	1.306960
00:00:00.158	1.336996	1.317216	1.320879
00:00:00.158	1.315751	1.325275	1.333333
00:00:00.158	1.291575	1.325275	1.323077
00:00:00.158	1.279121	1.316484	1.320879
00:00:00.158	1.291575	1.315751	1.317949
00:00:00.158	1.328938	1.329670	1.330403
00:00:00.158	1.374359	1.309158	1.315751
00:00:00.158	1.391209	1.321612	1.323810
00:00:00.158	1.332601	1.318681	1.317216
00:00:00.158	1.300366	1.318681	1.318681
00:00:00.158	1.307692	1.328205	1.323810
00:00:00.158	1.315018	1.317949	1.333333
00:00:00.160	1.325275	1.312088	1.328205
00:00:00.160	1.317216	1.313553	1.309158
00:00:00.160	1.339194	1.328205	1.326740
00:00:00.160	1.332601	1.319414	1.312821
00:00:00.160	1.296703	1.305495	1.315018
00:00:00.160	1.276923	1.319414	1.314286
00:00:00.161	1.244689	1.325275	1.320879
00:00:00.161	1.293773	1.331136	1.338462
00:00:00.162	1.356044	1.315751	1.327473
00:00:00.162	1.337729	1.315018	1.307692
00:00:00.162	1.317216	1.316484	1.312088
00:00:00.163	1.321612	1.309158	1.309158
00:00:00.163	1.314286	1.308425	1.317216
00:00:00.164	1.291575	1.317949	1.318681
00:00:00.164	1.298168	1.324542	1.323810
00:00:00.164	1.286447	1.312088	1.312088
00:00:00.164	1.304762	1.323810	1.328938
00:00:00.165	1.314286	1.323810	1.330403
00:00:00.165	1.304762	1.323077	1.327473
00:00:00.165	1.344322	1.293773	1.321612
00:00:00.166	1.394139	1.255678	1.320879
00:00:00.166	1.367033	1.257875	1.312088
00:00:00.167	1.267399	1.289377	1.300366
00:00:00.199	1.200733	1.311355	1.304029
00:00:00.199	1.267399	1.329670	1.300366
00:00:00.199	1.306960	1.362637	1.326740
00:00:00.200	1.269597	1.397070	1.323810
00:00:00.200	1.301832	1.427106	1.316484
00:00:00.201	1.317949	1.421245	1.316484
00:00:00.201	1.350916	1.345055	1.319414
00:00:00.201	1.353846	1.306960	1.330403
00:00:00.202	1.303297	1.293040	1.322344
00:00:00.202	1.310623	1.287179	1.310623
00:00:00.202	1.312821	1.276923	1.314286
00:00:00.203	1.312088	1.286447	1.323810
00:00:00.203	1.317949	1.281319	1.321612
00:00:00.203	1.346520	1.305495	1.322344
00:00:00.204	1.341392	1.312088	1.332601
00:00:00.204	1.319414	1.317216	1.326007
00:00:00.204	1.249084	1.312821	1.312821
00:00:00.205	1.246886	1.309158	1.299634
00:00:00.205	1.293040	1.310623	1.300366
00:00:00.206	1.315018	1.325275	1.312821
00:00:00.206	1.321612	1.318681	1.306960
00:00:00.206	1.317216	1.323810	1.307692
00:00:00.207	1.323810	1.328205	1.319414
00:00:00.207	1.331868	1.323810	1.329670
00:00:00.207	1.323810	1.318681	1.353114
00:00:00.208	1.304029	1.314286	1.354579
00:00:00.208	1.306960	1.315018	1.323810
00:00:00.208	1.316484	1.320147	1.323810
00:00:00.209	1.335531	1.326007	1.315751
00:00:00.209	1.316484	1.311355	1.307692
00:00:00.209	1.352381	1.313553	1.313553
00:00:00.210	1.321612	1.328938	1.326007
00:00:00.210	1.298168	1.326007	1.323810
00:00:00.211	1.299634	1.314286	1.315751
00:00:00.211	1.329670	1.323810	1.321612
00:00:00.211	1.310623	1.321612	1.314286
00:00:00.212	1.260806	1.312088	1.307692
00:00:00.212	1.286447	1.325275	1.320147
00:00:00.213	1.302564	1.309890	1.313553
00:00:00.217	1.350183	1.317949	1.326007
00:00:00.217	1.374359	1.311355	1.304762
00:00:00.217	1.372161	1.313553	1.315018
00:00:00.217	1.310623	1.315751	1.313553
00:00:00.217	1.287179	1.324542	1.318681
00:00:00.217	1.302564	1.322344	1.323810
00:00:00.217	1.304762	1.319414	1.322344
00:00:00.217	1.291575	1.306960	1.311355
00:00:00.217	1.301099	1.324542	1.326007
00:00:00.217	1.286447	1.320147	1.331868
00:00:00.217	1.276923	1.315751	1.315751
00:00:00.250	1.292308	1.323810	1.320879
00:00:00.250	1.299634	1.325275	1.306960
00:00:00.250	1.316484	1.326007	1.313553
00:00:00.250	1.352381	1.312088	1.350183
00:00:00.250	1.355311	1.320879	1.345788
00:00:00.250	1.323810	1.324542	1.304029
00:00:00.255	1.298168	1.327473	1.310623
00:00:00.255	1.300366	1.305495	1.323077
00:00:00.255	1.316484	1.317216	1.321612
00:00:00.255	1.344322	1.327473	1.317949
00:00:00.255	1.382418	1.323077	1.322344
00:00:00.255	1.373626	1.319414	1.317949
00:00:00.255	1.332601	1.312088	1.321612
00:00:00.255	1.329670	1.322344	1.323810
00:00:00.255	1.268132	1.322344	1.316484
00:00:00.255	1.247619	1.320147	1.314286
00:00:00.255	1.230037	1.310623	1.314286
00:00:00.255	1.279853	1.322344	1.308425
00:00:00.255	1.298901	1.318681	1.292308
00:00:00.255	1.306227	1.322344	1.290110
00:00:00.256	1.304029	1.321612	1.288645
00:00:00.256	1.290842	1.316484	1.289377
00:00:00.256	1.306960	1.326740	1.318681
00:00:00.257	1.323810	1.321612	1.347253
00:00:00.257	1.329670	1.320879	1.321612
00:00:00.257	1.326007	1.317949	1.398535
00:00:00.258	1.350183	1.331136	1.453480
00:00:00.258	1.333333	1.328205	1.382418
00:00:00.259	1.308425	1.320147	1.320147
00:00:00.259	1.306227	1.312088	1.273993
00:00:00.259	1.317949	1.323077	1.284982
00:00:00.260	1.331868	1.326740	1.303297
00:00:00.260	1.377289	1.321612	1.314286
00:00:00.260	1.375092	1.308425	1.315018
00:00:00.261	1.334066	1.316484	1.319414
00:00:00.261	1.306227	1.323077	1.317216
00:00:00.261	1.276190	1.312821	1.304762
00:00:00.262	1.345055	1.293773	1.303297
00:00:00.262	1.161905	1.292308	1.303297
00:00:00.262	1.217582	1.312821	1.299634
00:00:00.263	1.347253	1.331136	1.311355
00:00:00.263	1.334799	1.349451	1.316484
00:00:00.264	1.324542	1.353846	1.320147
00:00:00.264	1.309158	1.327473	1.319414
00:00:00.264	1.274725	1.316484	1.318681
00:00:00.265	1.278388	1.310623	1.323077
00:00:00.265	1.309158	1.327473	1.323810
00:00:00.265	1.333333	1.323810	1.323810
00:00:00.266	1.359707	1.274725	1.320147
00:00:00.266	1.301099	1.236630	1.308425
00:00:00.298	1.347253	1.272527	1.312821
00:00:00.299	1.320147	1.316484	1.323077
00:00:00.299	1.273993	1.323810	1.309890
00:00:00.299	1.230037	1.332601	1.311355
00:00:00.300	1.268864	1.332601	1.334066
00:00:00.300	1.243223	1.356044	1.326740
00:00:00.300	1.335531	1.382418	1.336264
00:00:00.301	1.442491	1.366300	1.347253
00:00:00.301	1.498168	1.299634	1.337729
00:00:00.302	1.387546	1.260073	1.318681
00:00:00.302	1.273260	1.267399	1.306960
00:00:00.302	1.271062	1.345055	1.305495
00:00:00.303	1.440293	1.397802	1.307692
00:00:00.303	1.347253	1.413919	1.291575
00:00:00.303	1.246154	1.398535	1.306227
00:00:00.304	1.326740	1.356777	1.323810
00:00:00.304	1.358242	1.296703	1.335531
00:00:00.304	1.312088	1.242491	1.347253
00:00:00.305	1.279853	1.298168	1.320147
00:00:00.305	1.298168	1.315018	1.319414
00:00:00.305	1.268864	1.300366	1.312821
00:00:00.306	1.244689	1.311355	1.323810
00:00:00.306	1.265201	1.303297	1.312821
00:00:00.307	1.306960	1.311355	1.321612
00:00:00.307	1.312088	1.303297	1.314286
00:00:00.307	1.316484	1.306960	1.315018
00:00:00.308	1.315018	1.315751	1.329670
00:00:00.308	1.323810	1.326007	1.333333
00:00:00.308	1.340659	1.326740	1.332601
00:00:00.310	1.306227	1.314286	1.322344
00:00:00.310	1.276923	1.317949	1.324542
00:00:00.310	1.249084	1.315751	1.321612
00:00:00.310	1.287179	1.320147	1.323810
00:00:00.310	1.391209	1.314286	1.326740
00:00:00.310	1.350916	1.310623	1.309890
00:00:00.311	1.310623	1.327473	1.312821
00:00:00.311	1.294505	1.316484	1.294505
00:00:00.313	1.259341	1.312088	1.284982
00:00:00.313	1.262271	1.318681	1.312088
00:00:00.313	1.350916	1.315751	1.317949
00:00:00.314	1.413919	1.321612	1.323810
00:00:00.314	1.375824	1.307692	1.316484
00:00:00.314	1.282784	1.314286	1.315751
00:00:00.314	1.241026	1.318681	1.309890
00:00:00.314	1.316484	1.324542	1.326740
00:00:00.314	1.322344	1.328205	1.350183
00:00:00.318	1.373626	1.324542	1.359707
00:00:00.318	1.276923	1.314286	1.331868
00:00:00.318	1.317216	1.287179	1.342125
00:00:00.318	1.416117	1.258608	1.323077
00:00:00.350	1.252015	1.274725	1.284982
00:00:00.350	1.250549	1.301832	1.272527
00:00:00.350	1.432967	1.317216	1.300366
00:00:00.350	1.285714	1.345055	1.309890
00:00:00.350	1.225641	1.375824	1.299634
00:00:00.350	1.337729	1.410256	1.321612
00:00:00.350	1.332601	1.418315	1.339194
00:00:00.351	1.275458	1.364835	1.332601
00:00:00.351	1.370696	1.313553	1.336264
00:00:00.351	1.417582	1.295238	1.350916
00:00:00.353	1.245421	1.303297	1.323810
00:00:00.353	1.180952	1.297436	1.300366
00:00:00.353	1.258608	1.297436	1.300366
00:00:00.353	1.360440	1.306227	1.302564
00:00:00.353	1.402198	1.299634	1.306960
00:00:00.353	1.323077	1.311355	1.323810
00:00:00.354	1.168498	1.298901	1.300366
00:00:00.354	1.106960	1.317216	1.336996
00:00:00.355	1.151648	1.323077	1.353846
00:00:00.355	1.332601	1.320879	1.342857
00:00:00.355	1.483516	1.303297	1.321612
00:00:00.356	1.549451	1.324542	1.318681
00:00:00.356	1.544322	1.321612	1.316484
00:00:00.356	1.382418	1.322344	1.298901
00:00:00.357	1.232234	1.326007	1.291575
00:00:00.357	1.200733	1.320147	1.304762
00:00:00.357	1.269597	1.321612	1.320147
00:00:00.358	1.319414	1.320147	1.320147
00:00:00.358	1.330403	1.324542	1.327473
00:00:00.358	1.341392	1.317949	1.323810
00:00:00.359	1.353846	1.321612	1.326007
00:00:00.359	1.301832	1.324542	1.334799
00:00:00.360	1.287912	1.328938	1.334799
00:00:00.360	1.263004	1.326740	1.334799
00:00:00.360	1.206593	1.323077	1.323810
00:00:00.361	1.334799	1.320879	1.326740
00:00:00.361	1.511355	1.332601	1.325275
00:00:00.361	1.355311	1.322344	1.321612
00:00:00.362	1.317216	1.312088	1.309890
00:00:00.362	1.306960	1.323810	1.325275
00:00:00.362	1.218315	1.311355	1.304029
00:00:00.363	1.276923	1.315751	1.309890
00:00:00.363	1.334799	1.314286	1.309890
00:00:00.363	1.306960	1.326740	1.323810
00:00:00.364	1.294505	1.317949	1.320147
00:00:00.364	1.276923	1.321612	1.309158
00:00:00.365	1.202198	1.313553	1.293773
00:00:00.365	1.199267	1.313553	1.294505
00:00:00.365	1.203663	1.326007	1.326007
00:00:00.366	1.249084	1.331868	1.370696
00:00:00.398	1.476190	1.320879	1.380952
00:00:00.398	1.608059	1.328205	1.339927
00:00:00.399	1.487912	1.312821	1.283516
00:00:00.399	1.353114	1.335531	1.278388
00:00:00.399	1.318681	1.326740	1.328205
00:00:00.400	1.246154	1.303297	1.328205
00:00:00.400	1.103297	1.254212	1.303297
00:00:00.400	1.227106	1.263736	1.309158
00:00:00.401	1.435897	1.295971	1.321612
00:00:00.401	1.451282	1.336996	1.323077
00:00:00.401	1.418315	1.351648	1.326740
00:00:00.402	1.380220	1.341392	1.329670
00:00:00.402	1.295971	1.358242	1.319414
00:00:00.402	1.191209	1.358974	1.306960
00:00:00.403	1.260806	1.362637	1.319414
00:00:00.403	1.279853	1.344322	1.314286
00:00:00.404	1.180220	1.315751	1.304029
00:00:00.405	1.262271	1.302564	1.301832
00:00:00.405	1.333333	1.309890	1.325275
00:00:00.405	1.325275	1.320147	1.296703
00:00:00.405	1.367033	1.328205	1.313553
00:00:00.405	1.328205	1.315751	1.292308
00:00:00.407	1.298168	1.306227	1.273993
00:00:00.407	1.285714	1.316484	1.358242
00:00:00.407	1.104762	1.309158	1.353114
00:00:00.409	0.960440	1.314286	1.297436
00:00:00.409	1.097436	1.324542	1.353114
00:00:00.410	1.298168	1.327473	1.413919
00:00:00.410	1.804396	1.335531	1.490842
00:00:00.410	2.032234	1.323810	1.410989
00:00:00.410	1.884249	1.317949	1.366300
00:00:00.410	1.686447	1.326007	1.304029
00:00:00.410	1.287912	1.310623	1.270330
00:00:00.410	1.120147	1.318681	1.269597
00:00:00.410	0.837363	1.303297	1.239560
00:00:00.410	1.033700	1.276923	1.287912
00:00:00.415	1.264469	1.252747	1.297436
00:00:00.415	1.197802	1.273260	1.267399
00:00:00.415	1.179487	1.306960	1.271795
00:00:00.415	1.218315	1.318681	1.295971
00:00:00.415	1.258608	1.357509	1.321612
00:00:00.415	1.295238	1.388278	1.326007
00:00:00.415	1.320879	1.410256	1.328205
00:00:00.415	1.329670	1.397070	1.317949
00:00:00.415	1.335531	1.350183	1.329670
00:00:00.415	1.332601	1.301099	1.316484
00:00:00.415	1.290842	1.292308	1.326740
00:00:00.416	1.320147	1.301832	1.345055
00:00:00.416	1.376557	1.309890	1.338462
00:00:00.416	1.356777	1.309890	1.322344
00:00:00.449	1.339194	1.311355	1.305495
00:00:00.449	1.379487	1.318681	1.323077
00:00:00.449	1.323077	1.303297	1.335531
00:00:00.449	1.332601	1.312088	1.346520
00:00:00.449	1.317949	1.318681	1.345788
00:00:00.449	1.242491	1.323810	1.350916
00:00:00.450	1.172894	1.327473	1.300366
00:00:00.450	1.169231	1.330403	1.305495
00:00:00.450	1.574359	1.343590	1.320147
00:00:00.451	1.414652	1.314286	1.279121
00:00:00.451	1.363370	1.297436	1.259341
00:00:00.452	1.424176	1.286447	1.276923
00:00:00.452	1.291575	1.309158	1.305495
00:00:00.452	1.167766	1.307692	1.306227
00:00:00.453	1.155311	1.320147	1.308425
00:00:00.453	1.263736	1.313553	1.330403
00:00:00.453	1.320147	1.312088	1.347253
00:00:00.454	1.284982	1.307692	1.326007
00:00:00.454	1.330403	1.309890	1.315018
00:00:00.454	1.333333	1.324542	1.334799
00:00:00.455	1.335531	1.326740	1.328205
00:00:00.455	1.334066	1.328205	1.325275
00:00:00.455	1.328205	1.320147	1.317216
00:00:00.456	1.317949	1.330403	1.335531
00:00:00.457	1.311355	1.331136	1.332601
00:00:00.457	1.320879	1.317216	1.320147
00:00:00.457	1.320147	1.318681	1.329670
00:00:00.457	1.356044	1.326740	1.334799
00:00:00.458	1.353114	1.324542	1.326007
00:00:00.458	1.320879	1.313553	1.321612
00:00:00.458	1.287179	1.323077	1.329670
00:00:00.459	1.335531	1.331868	1.326007
00:00:00.459	1.390476	1.333333	1.336264
00:00:00.459	1.273993	1.309158	1.309890
00:00:00.460	1.379487	1.314286	1.299634
00:00:00.460	1.203663	1.323077	1.296703
00:00:00.461	1.328938	1.320147	1.311355
00:00:00.461	1.388278	1.312821	1.318681
00:00:00.461	1.467399	1.328938	1.337729
00:00:00.462	1.441026	1.312821	1.327473
00:00:00.462	1.167766	1.300366	1.309890
00:00:00.462	1.215385	1.312088	1.313553
00:00:00.463	1.227106	1.320147	1.313553
00:00:00.463	1.249817	1.320147	1.306227
00:00:00.463	1.232967	1.320879	1.317216
00:00:00.464	1.356777	1.336996	1.327473
00:00:00.464	1.381685	1.330403	1.333333
00:00:00.464	1.441026	1.318681	1.336264
00:00:00.466	1.526007	1.324542	1.346520
00:00:00.466	1.519414	1.340659	1.329670
00:00:00.498	1.437363	1.319414	1.316484
00:00:00.498	1.098901	1.306960	1.292308
00:00:00.498	0.641758	1.313553	1.306960
00:00:00.498	0.990476	1.317949	1.309158
00:00:00.499	1.331868	1.328938	1.326007
00:00:00.499	1.400000	1.323810	1.340659
00:00:00.500	1.481319	1.324542	1.328205
00:00:00.500	1.447619	1.306960	1.289377
00:00:00.500	1.399267	1.306227	1.317216
00:00:00.502	1.312821	1.303297	1.328205
00:00:00.502	1.244689	1.323810	1.357509
00:00:00.502	1.343590	1.320879	1.331868
00:00:00.503	1.518681	1.318681	1.332601
00:00:00.503	1.438095	1.241026	1.309890
00:00:00.503	1.200733	1.242491	1.271795
00:00:00.503	1.284249	1.290110	1.308425
00:00:00.503	1.393407	1.320879	1.331868
00:00:00.505	1.349451	1.346520	1.320147
00:00:00.505	1.271795	1.391209	1.315018
00:00:00.505	1.275458	1.422711	1.323810
00:00:00.505	1.209524	1.423443	1.326007
00:00:00.505	1.342857	1.387546	1.336264
00:00:00.505	1.556777	1.339194	1.347253
00:00:00.506	1.372161	1.296703	1.303297
00:00:00.506	1.082051	1.298168	1.293040
00:00:00.506	1.276923	1.306227	1.314286
00:00:00.510	1.467399	1.305495	1.323810
00:00:00.510	1.286447	1.309890	1.320879
00:00:00.510	1.076190	1.301099	1.306227
00:00:00.510	1.188278	1.312821	1.310623
00:00:00.510	1.338462	1.305495	1.306227
00:00:00.510	1.476190	1.312821	1.317216
00:00:00.510	1.374359	1.304029	1.317216
00:00:00.510	1.331136	1.318681	1.329670
00:00:00.510	1.363370	1.317216	1.334799
00:00:00.510	1.331136	1.318681	1.329670
00:00:00.510	1.328205	1.320879	1.334799
00:00:00.511	1.334799	1.319414	1.334799
00:00:00.511	1.289377	1.314286	1.329670
00:00:00.511	1.241758	1.278388	1.321612
00:00:00.512	1.315751	1.288645	1.339194
00:00:00.512	1.443956	1.297436	1.335531
00:00:00.512	1.413919	1.314286	1.330403
00:00:00.513	1.289377	1.332601	1.323810
00:00:00.513	1.195604	1.334799	1.306227
00:00:00.513	1.222711	1.329670	1.284982
00:00:00.514	1.247619	1.364103	1.289377
00:00:00.514	1.241026	1.369963	1.286447
00:00:00.515	1.216117	1.362637	1.302564
00:00:00.515	1.290110	1.316484	1.309158
00:00:00.547	1.330403	1.292308	1.320147
00:00:00.548	1.343590	1.306227	1.330403
00:00:00.548	1.391209	1.333333	1.336264
00:00:00.548	1.392674	1.326740	1.337729
00:00:00.549	1.357509	1.306960	1.334066
00:00:00.549	1.330403	1.295238	1.323077
00:00:00.549	1.282051	1.322344	1.323810
00:00:00.550	1.177289	1.322344	1.300366
00:00:00.550	1.291575	1.315751	1.315018
00:00:00.550	1.341392	1.312821	1.331136
00:00:00.551	1.395604	1.318681	1.328938
00:00:00.551	1.325275	1.320147	1.323810
00:00:00.551	1.190476	1.320147	1.315751
00:00:00.552	1.136264	1.324542	1.316484
00:00:00.552	1.203663	1.326740	1.329670
00:00:00.553	1.420513	1.336996	1.365568
00:00:00.553	1.767766	1.334066	1.363370
00:00:00.553	1.890110	1.333333	1.362637
00:00:00.554	1.592674	1.320879	1.313553
00:00:00.554	0.806593	1.283516	1.242491
00:00:00.554	0.909890	1.307692	1.268132
00:00:00.555	1.338462	1.304029	1.284982
00:00:00.555	1.328205	1.323077	1.306227
00:00:00.555	1.372894	1.325275	1.328205
00:00:00.556	1.277656	1.318681	1.323810
00:00:00.556	1.083516	1.336264	1.330403
00:00:00.556	1.082784	1.327473	1.323077
00:00:00.557	1.257875	1.322344	1.327473
00:00:00.557	1.394139	1.320147	1.314286
00:00:00.558	1.469597	1.318681	1.316484
00:00:00.558	1.446886	1.325275	1.329670
00:00:00.558	1.398535	1.320879	1.320879
00:00:00.559	1.416850	1.311355	1.319414
00:00:00.559	1.284982	1.322344	1.320879
00:00:00.559	1.344322	1.321612	1.335531
00:00:00.560	1.360440	1.316484	1.328205
00:00:00.560	1.253480	1.313553	1.319414
00:00:00.560	1.304762	1.314286	1.300366
00:00:00.562	1.355311	1.315018	1.317216
00:00:00.562	1.333333	1.309890	1.303297
00:00:00.562	1.188278	1.328938	1.309890
00:00:00.562	1.181685	1.327473	1.311355
00:00:00.562	1.230037	1.320879	1.309158
00:00:00.563	1.481319	1.325275	1.330403
00:00:00.563	1.348718	1.323810	1.339927
00:00:00.563	1.326740	1.323810	1.341392
00:00:00.564	1.282784	1.316484	1.370696
00:00:00.564	1.254945	1.323810	1.353846
00:00:00.564	1.442491	1.297436	1.321612
00:00:00.567	1.573626	1.311355	1.300366
00:00:00.598	1.114286	1.315751	1.274725
00:00:00.598	1.210256	1.335531	1.306227
00:00:00.598	1.263004	1.319414	1.299634
00:00:00.598	1.369231	1.320879	1.306227
00:00:00.598	1.435897	1.323077	1.314286
00:00:00.600	1.314286	1.317216	1.328938
00:00:00.600	1.268132	1.306227	1.306227
00:00:00.600	1.274725	1.304029	1.317216
00:00:00.600	1.287912	1.315018	1.323810
00:00:00.600	1.281319	1.316484	1.307692
00:00:00.602	1.315751	1.333333	1.327473
00:00:00.602	1.298168	1.316484	1.307692
00:00:00.602	1.309890	1.326740	1.321612
00:00:00.602	1.340659	1.328938	1.332601
00:00:00.602	1.309890	1.324542	1.323810
00:00:00.602	1.309158	1.321612	1.323077
00:00:00.606	1.335531	1.324542	1.319414
00:00:00.606	1.350916	1.323810	1.317949
00:00:00.606	1.315018	1.326740	1.314286
00:00:00.606	1.323810	1.324542	1.315018
00:00:00.606	1.231502	1.310623	1.320147
00:00:00.606	1.269597	1.329670	1.337729
00:00:00.606	1.482051	1.325275	1.346520
00:00:00.606	1.428571	1.288645	1.312088
00:00:00.606	1.181685	1.254945	1.315751
00:00:00.606	1.058608	1.270330	1.312821
00:00:00.606	1.226374	1.296703	1.318681
00:00:00.607	1.397070	1.312088	1.299634
00:00:00.607	1.565568	1.347985	1.295971
00:00:00.607	1.542125	1.380952	1.321612
00:00:00.608	1.412454	1.403663	1.328938
00:00:00.608	1.224176	1.394139	1.305495
00:00:00.608	1.148718	1.370696	1.323810
00:00:00.609	1.236630	1.310623	1.330403
00:00:00.609	1.252747	1.303297	1.323810
00:00:00.609	1.321612	1.298168	1.313553
00:00:00.610	1.266667	1.302564	1.319414
00:00:00.610	1.266667	1.312821	1.331136
00:00:00.611	1.319414	1.309158	1.318681
00:00:00.611	1.311355	1.304762	1.312088
00:00:00.611	1.321612	1.314286	1.319414
00:00:00.612	1.347253	1.323077	1.323810
00:00:00.612	1.326007	1.320147	1.311355
00:00:00.612	1.273993	1.320147	1.313553
00:00:00.613	1.345055	1.328205	1.322344
00:00:00.614	1.337729	1.320879	1.310623
00:00:00.614	1.323077	1.306960	1.303297
00:00:00.614	1.329670	1.301832	1.327473
00:00:00.614	1.288645	1.309890	1.337729
00:00:00.614	1.204396	1.304029	1.308425
00:00:00.647	1.214652	1.315018	1.316484
00:00:00.647	1.279853	1.308425	1.300366
00:00:00.647	1.508425	1.334066	1.320147
00:00:00.648	1.523810	1.343590	1.339194
00:00:00.648	1.386813	1.323810	1.328205
00:00:00.648	1.290110	1.325275	1.322344
00:00:00.649	1.268132	1.311355	1.322344
00:00:00.649	1.259341	1.325275	1.320879
00:00:00.650	1.273260	1.326740	1.315751
00:00:00.650	1.235897	1.309890	1.306227
00:00:00.650	1.268132	1.322344	1.313553
00:00:00.651	1.318681	1.326740	1.322344
00:00:00.651	1.299634	1.326007	1.315751
00:00:00.651	1.206593	1.324542	1.311355
00:00:00.652	1.324542	1.334066	1.330403
00:00:00.652	1.459341	1.331868	1.328938
00:00:00.652	1.282051	1.317949	1.308425
00:00:00.653	1.323810	1.306227	1.323810
00:00:00.653	1.331868	1.299634	1.333333
00:00:00.654	1.371429	1.301832	1.334066
00:00:00.654	1.410989	1.299634	1.320879
00:00:00.654	1.329670	1.319414	1.312821
00:00:00.655	1.206593	1.315018	1.300366
00:00:00.655	1.376557	1.316484	1.331136
00:00:00.655	1.446886	1.315018	1.332601
00:00:00.656	1.447619	1.317216	1.320879
00:00:00.656	1.347985	1.327473	1.318681
00:00:00.656	1.062271	1.326007	1.299634
00:00:00.657	1.167766	1.328938	1.305495
00:00:00.657	1.374359	1.324542	1.318681
00:00:00.658	1.260073	1.327473	1.309890
00:00:00.658	1.317216	1.326740	1.317216
00:00:00.658	1.408791	1.317216	1.315018
00:00:00.659	1.415385	1.318681	1.323077
00:00:00.659	1.320147	1.319414	1.316484
00:00:00.659	1.219780	1.286447	1.315751
00:00:00.661	1.173626	1.281319	1.308425
00:00:00.661	1.253480	1.309890	1.331868
00:00:00.661	1.346520	1.322344	1.321612
00:00:00.661	1.384615	1.331136	1.323810
00:00:00.661	1.337729	1.320147	1.319414
00:00:00.661	1.273993	1.346520	1.312821
00:00:00.663	1.171429	1.361172	1.318681
00:00:00.663	1.224176	1.343590	1.313553
00:00:00.663	1.282784	1.336264	1.334799
00:00:00.663	1.328205	1.319414	1.335531
00:00:00.663	1.304029	1.305495	1.303297
00:00:00.664	1.430769	1.300366	1.312088
00:00:00.664	1.413187	1.306960	1.323810
00:00:00.664	1.358242	1.307692	1.312821
00:00:00.697	1.424908	1.305495	1.292308
00:00:00.698	1.369963	1.317216	1.293773
00:00:00.698	1.302564	1.336264	1.304029
00:00:00.698	1.299634	1.320879	1.294505
00:00:00.698	1.151648	1.315018	1.334799
00:00:00.698	1.278388	1.312088	1.304762
00:00:00.703	1.376557	1.318681	1.296703
00:00:00.703	1.370696	1.314286	1.334066
00:00:00.703	1.272527	1.320879	1.353846
00:00:00.703	1.293040	1.317216	1.309158
00:00:00.703	1.304762	1.306227	1.346520
00:00:00.703	1.308425	1.318681	1.369231
00:00:00.703	1.302564	1.326007	1.336264
00:00:00.703	1.306960	1.313553	1.319414
00:00:00.703	1.302564	1.306960	1.314286
00:00:00.703	1.317949	1.310623	1.311355
00:00:00.703	1.323810	1.317216	1.322344
00:00:00.703	1.364835	1.323810	1.336996
00:00:00.703	1.260806	1.326007	1.315018
00:00:00.703	1.230769	1.319414	1.306227
00:00:00.704	1.216117	1.327473	1.311355
00:00:00.704	1.293040	1.333333	1.316484
00:00:00.705	1.437363	1.320147	1.312821
00:00:00.705	1.425641	1.301099	1.320147
00:00:00.705	1.442491	1.262271	1.333333
00:00:00.705	1.471062	1.264469	1.337729
00:00:00.706	1.311355	1.295971	1.334799
00:00:00.706	1.292308	1.309890	1.313553
00:00:00.707	1.115018	1.341392	1.289377
00:00:00.707	1.125275	1.364835	1.284982
00:00:00.707	1.293040	1.400000	1.298168
00:00:00.708	1.358974	1.406593	1.322344
00:00:00.708	1.386813	1.378022	1.340659
00:00:00.708	1.297436	1.299634	1.322344
00:00:00.709	1.331136	1.287179	1.309890
00:00:00.709	1.368498	1.293773	1.308425
00:00:00.709	1.355311	1.294505	1.308425
00:00:00.710	1.247619	1.302564	1.310623
00:00:00.710	1.197070	1.311355	1.317216
00:00:00.710	1.276190	1.317216	1.326740
00:00:00.711	1.325275	1.315018	1.326740
00:00:00.711	1.310623	1.314286	1.316484
00:00:00.712	1.331136	1.315751	1.314286
00:00:00.712	1.343590	1.317949	1.306960
00:00:00.712	1.351648	1.316484	1.320879
00:00:00.713	1.311355	1.315751	1.323810
00:00:00.713	1.216850	1.305495	1.314286
00:00:00.713	1.304762	1.310623	1.312088
00:00:00.714	1.339927	1.318681	1.331868
00:00:00.714	1.346520	1.323810	1.327473
00:00:00.746	1.276923	1.312088	1.313553
00:00:00.747	1.338462	1.312088	1.319414
00:00:00.747	1.372894	1.312821	1.315751
00:00:00.747	1.386813	1.321612	1.322344
00:00:00.748	1.312821	1.317949	1.320147
00:00:00.748	1.224908	1.312821	1.306960
00:00:00.748	1.206593	1.311355	1.295971
00:00:00.749	1.250549	1.323810	1.312088
00:00:00.749	1.278388	1.325275	1.320147
00:00:00.750	1.295971	1.326007	1.323077
00:00:00.750	1.305495	1.314286	1.318681
00:00:00.750	1.380952	1.317216	1.329670
00:00:00.751	1.353114	1.323810	1.328205
00:00:00.751	1.400733	1.323077	1.329670
00:00:00.751	1.375092	1.309890	1.320147
00:00:00.752	1.257875	1.312821	1.312088
00:00:00.752	1.290110	1.322344	1.313553
00:00:00.752	1.476190	1.317949	1.313553
00:00:00.753	1.426374	1.323810	1.336264
00:00:00.753	1.309890	1.315751	1.317216
00:00:00.753	1.179487	1.326740	1.323810
00:00:00.754	1.158974	1.321612	1.311355
00:00:00.754	1.339194	1.315018	1.321612
00:00:00.754	1.408791	1.310623	1.337729
00:00:00.755	1.422711	1.325275	1.326740
00:00:00.755	1.328938	1.315751	1.311355
00:00:00.756	1.171429	1.323077	1.308425
00:00:00.756	1.110623	1.331136	1.317216
00:00:00.756	1.268132	1.338462	1.320147
00:00:00.758	1.430037	1.322344	1.336996
00:00:00.758	1.361172	1.326007	1.328938
00:00:00.758	1.262271	1.316484	1.312821
00:00:00.758	1.370696	1.317216	1.313553
00:00:00.758	1.439560	1.310623	1.313553
00:00:00.758	1.391941	1.314286	1.311355
00:00:00.759	1.351648	1.315751	1.313553
00:00:00.759	1.260806	1.324542	1.334066
00:00:00.761	1.306227	1.325275	1.333333
00:00:00.761	1.366300	1.326740	1.329670
00:00:00.761	1.298901	1.318681	1.323077
00:00:00.762	1.185348	1.322344	1.317216
00:00:00.762	1.238828	1.316484	1.317216
00:00:00.762	1.311355	1.310623	1.313553
00:00:00.762	1.310623	1.317949	1.316484
00:00:00.762	1.317949	1.315018	1.294505
00:00:00.762	1.329670	1.326740	1.319414
00:00:00.767	1.309158	1.325275	1.339927
00:00:00.767	1.304762	1.313553	1.331136
00:00:00.767	1.289377	1.321612	1.328938
00:00:00.767	1.215385	1.307692	1.323810
00:00:00.798	1.344322	1.326007	1.343590
00:00:00.798	1.447619	1.323077	1.323077
00:00:00.798	1.541392	1.343590	1.320147
00:00:00.798	1.396337	1.321612	1.314286
00:00:00.798	1.178022	1.307692	1.287179
00:00:00.798	1.194139	1.306227	1.307692
00:00:00.798	1.231502	1.315018	1.315751
00:00:00.799	1.262271	1.301832	1.313553
00:00:00.799	1.369231	1.301832	1.328938
00:00:00.799	1.350916	1.320147	1.342125
00:00:00.800	1.213919	1.317949	1.319414
00:00:00.800	1.216117	1.309890	1.293773
00:00:00.800	1.282051	1.320879	1.302564
00:00:00.801	1.470330	1.330403	1.317216
00:00:00.801	1.550183	1.334066	1.297436
00:00:00.801	1.354579	1.320879	1.283516
00:00:00.802	1.212454	1.310623	1.270330
00:00:00.802	1.064469	1.323077	1.306960
00:00:00.802	1.213919	1.324542	1.353114
00:00:00.803	1.302564	1.315751	1.342125
00:00:00.803	1.276923	1.312821	1.328205
00:00:00.804	1.322344	1.328205	1.339194
00:00:00.804	1.439560	1.326007	1.339194
00:00:00.804	1.441026	1.310623	1.320879
00:00:00.805	1.312088	1.314286	1.313553
00:00:00.805	1.295971	1.319414	1.317216
00:00:00.805	1.305495	1.321612	1.308425
00:00:00.806	1.300366	1.312821	1.298168
00:00:00.806	1.328938	1.320879	1.318681
00:00:00.806	1.320147	1.306960	1.321612
00:00:00.807	1.317216	1.308425	1.312821
00:00:00.807	1.306227	1.306227	1.318681
00:00:00.807	1.309158	1.323077	1.323810
00:00:00.808	1.297436	1.320879	1.317949
00:00:00.808	1.311355	1.328938	1.317216
00:00:00.809	1.315018	1.323810	1.317949
00:00:00.809	1.313553	1.323810	1.320879
00:00:00.809	1.313553	1.320147	1.311355
00:00:00.810	1.319414	1.320879	1.311355
00:00:00.810	1.321612	1.315018	1.313553
00:00:00.810	1.315751	1.315751	1.315018
00:00:00.811	1.298168	1.312821	1.313553
00:00:00.811	1.309890	1.321612	1.318681
00:00:00.811	1.313553	1.324542	1.330403
00:00:00.812	1.304029	1.313553	1.312821
00:00:00.812	1.317949	1.310623	1.309158
00:00:00.813	1.309158	1.319414	1.323077
00:00:00.813	1.287912	1.310623	1.303297
00:00:00.813	1.267399	1.318681	1.336996
00:00:00.814	1.259341	1.254945	1.328938
00:00:00.846	1.306227	1.259341	1.330403
00:00:00.846	1.354579	1.293773	1.334799
00:00:00.847	1.463004	1.317216	1.317949
00:00:00.847	1.343590	1.339927	1.306227
00:00:00.847	1.273993	1.338462	1.307692
00:00:00.848	1.343590	1.367033	1.327473
00:00:00.848	1.288645	1.402198	1.330403
00:00:00.848	1.344322	1.399267	1.317949
00:00:00.849	1.284982	1.345055	1.315751
00:00:00.849	1.279121	1.317216	1.306227
00:00:00.849	1.438095	1.328938	1.323810
00:00:00.850	1.429304	1.334066	1.311355
00:00:00.850	1.309158	1.315751	1.297436
00:00:00.850	1.165568	1.328205	1.312821
00:00:00.851	1.165568	1.317949	1.317216
00:00:00.851	1.162637	1.304762	1.310623
00:00:00.852	1.378755	1.303297	1.322344
00:00:00.852	1.417582	1.303297	1.323810
00:00:00.852	1.463736	1.301832	1.315751
00:00:00.854	1.353114	1.306960	1.315018
00:00:00.854	1.276923	1.311355	1.328205
00:00:00.854	1.208791	1.303297	1.316484
00:00:00.855	1.187546	1.306227	1.322344
00:00:00.855	1.332601	1.312088	1.320147
00:00:00.855	1.358242	1.315751	1.322344
00:00:00.855	1.394139	1.305495	1.311355
00:00:00.855	1.394139	1.317949	1.320147
00:00:00.855	1.320879	1.312088	1.313553
00:00:00.858	1.241758	1.323077	1.323077
00:00:00.858	1.159707	1.318681	1.308425
00:00:00.858	1.276923	1.312088	1.309158
00:00:00.858	1.330403	1.325275	1.326740
00:00:00.858	1.331868	1.320147	1.317949
00:00:00.858	1.318681	1.315018	1.313553
00:00:00.858	1.320147	1.306227	1.326740
00:00:00.858	1.323810	1.309890	1.321612
00:00:00.863	1.318681	1.320147	1.321612
00:00:00.863	1.321612	1.323077	1.320879
00:00:00.863	1.328938	1.318681	1.323810
00:00:00.863	1.323077	1.322344	1.323810
00:00:00.863	1.315018	1.319414	1.315751
00:00:00.863	1.301099	1.312821	1.295238
00:00:00.863	1.331868	1.331136	1.323810
00:00:00.863	1.331136	1.329670	1.335531
00:00:00.863	1.327473	1.327473	1.320147
00:00:00.863	1.317949	1.326740	1.321612
00:00:00.863	1.258608	1.317216	1.321612
00:00:00.863	1.258608	1.312821	1.323077
00:00:00.863	1.295971	1.321612	1.330403
00:00:00.863	1.341392	1.317949	1.320147
00:00:00.896	1.386813	1.323077	1.331868
00:00:00.896	1.259341	1.315018	1.347253
00:00:00.896	1.267399	1.325275	1.345788
00:00:00.897	1.307692	1.312821	1.314286
00:00:00.897	1.394139	1.301832	1.317949
00:00:00.897	1.410256	1.314286	1.303297
00:00:00.898	1.547253	1.329670	1.283516
00:00:00.898	1.552381	1.323810	1.286447
00:00:00.898	1.235165	1.299634	1.300366
00:00:00.899	1.145055	1.307692	1.320147
00:00:00.899	1.256410	1.339194	1.325275
00:00:00.899	1.337729	1.363370	1.320879
00:00:00.900	1.150183	1.356044	1.295238
00:00:00.900	1.059341	1.326740	1.295238
00:00:00.901	1.340659	1.312088	1.323077
00:00:00.901	1.428571	1.320879	1.321612
00:00:00.901	1.295238	1.306960	1.312821
00:00:00.902	1.285714	1.304762	1.323810
00:00:00.902	1.301832	1.304029	1.323810
00:00:00.902	1.302564	1.298168	1.318681
00:00:00.903	1.304762	1.298901	1.326007
00:00:00.903	1.298168	1.312821	1.326740
00:00:00.903	1.290842	1.311355	1.315751
00:00:00.904	1.383150	1.330403	1.315018
00:00:00.904	1.383883	1.327473	1.317216
00:00:00.905	1.361172	1.326007	1.323810
00:00:00.905	1.261538	1.314286	1.317949
00:00:00.905	1.165568	1.317949	1.309158
00:00:00.906	1.279853	1.328205	1.306227
00:00:00.907	1.310623	1.323810	1.315018
00:00:00.907	1.320879	1.315751	1.347253
00:00:00.907	1.330403	1.318681	1.348718
00:00:00.907	1.358242	1.323810	1.328205
00:00:00.907	1.383150	1.326740	1.331136
00:00:00.908	1.334066	1.312088	1.309890
00:00:00.908	1.318681	1.320147	1.320147
00:00:00.908	1.346520	1.326740	1.326007
00:00:00.909	1.324542	1.322344	1.320147
00:00:00.909	1.288645	1.311355	1.307692
00:00:00.910	1.290842	1.312088	1.315018
00:00:00.910	1.306227	1.324542	1.323810
00:00:00.910	1.336996	1.326007	1.316484
00:00:00.911	1.345055	1.317216	1.298168
00:00:00.911	1.329670	1.312821	1.306227
00:00:00.911	1.291575	1.323810	1.323077
00:00:00.912	1.291575	1.322344	1.317949
00:00:00.912	1.285714	1.319414	1.306227
00:00:00.912	1.313553	1.312088	1.310623
00:00:00.913	1.314286	1.317216	1.309890
00:00:00.913	1.346520	1.298168	1.322344
00:00:00.945	1.310623	1.246886	1.323810
00:00:00.946	1.273260	1.263004	1.334066
00:00:00.946	1.257875	1.300366	1.336264
00:00:00.946	1.260806	1.321612	1.333333
00:00:00.947	1.320147	1.338462	1.333333
00:00:00.947	1.340659	1.368498	1.315018
00:00:00.947	1.472527	1.399267	1.312088
00:00:00.948	1.452747	1.413919	1.335531
00:00:00.948	1.320147	1.370696	1.323810
00:00:00.950	1.265201	1.336264	1.315751
00:00:00.950	1.315018	1.325275	1.313553
00:00:00.950	1.412454	1.321612	1.312821
00:00:00.951	1.369963	1.298901	1.290110
00:00:00.951	1.162637	1.298901	1.311355
00:00:00.951	1.224176	1.302564	1.298168
00:00:00.951	1.296703	1.308425	1.325275
00:00:00.951	1.310623	1.283516	1.307692
00:00:00.951	1.298168	1.308425	1.322344
00:00:00.954	1.336996	1.314286	1.328938
00:00:00.954	1.315751	1.312821	1.316484
00:00:00.954	1.221978	1.307692	1.303297
00:00:00.954	1.257143	1.322344	1.329670
00:00:00.954	1.286447	1.311355	1.322344
00:00:00.954	1.307692	1.308425	1.317216
00:00:00.954	1.369963	1.324542	1.332601
00:00:00.954	1.389011	1.321612	1.326007
00:00:00.959	1.314286	1.321612	1.323810
00:00:00.959	1.328938	1.306960	1.309158
00:00:00.959	1.243223	1.318681	1.308425
00:00:00.959	1.252747	1.320147	1.314286
00:00:00.959	1.299634	1.318681	1.316484
00:00:00.959	1.328205	1.312088	1.319414
00:00:00.959	1.319414	1.312821	1.321612
00:00:00.959	1.291575	1.323077	1.326007
00:00:00.959	1.276923	1.323077	1.320879
00:00:00.959	1.291575	1.315751	1.315018
00:00:00.959	1.342125	1.322344	1.330403
00:00:00.959	1.364835	1.317949	1.331868
00:00:00.959	1.331136	1.320879	1.323810
00:00:00.959	1.312821	1.313553	1.312088
00:00:00.960	1.358974	1.317216	1.320147
00:00:00.960	1.441026	1.312088	1.307692
00:00:00.960	1.460073	1.322344	1.313553
00:00:00.961	1.438095	1.312821	1.312821
00:00:00.961	1.264469	1.315751	1.317216
00:00:00.961	1.089377	1.317949	1.311355
00:00:00.962	1.120147	1.312821	1.308425
00:00:00.962	1.186081	1.317949	1.317949
00:00:00.963	1.333333	1.321612	1.320147
00:00:00.963	1.337729	1.321612	1.328938
