timestamp	ch1	ch2	ch3
00:00:00.000	1.322344	1.323077	1.326740
00:00:00.000	1.304762	1.309158	1.303297
00:00:00.001	1.312088	1.323810	1.317949
00:00:00.001	1.336996	1.315751	1.328205
00:00:00.001	1.324542	1.313553	1.315751
00:00:00.002	1.300366	1.311355	1.310623
00:00:00.002	1.304029	1.325275	1.321612
00:00:00.002	1.338462	1.334066	1.350183
00:00:00.003	1.323810	1.315018	1.316484
00:00:00.003	1.309158	1.326007	1.323077
00:00:00.004	1.281319	1.320879	1.308425
00:00:00.004	1.290110	1.315751	1.304762
00:00:00.004	1.332601	1.320147	1.315751
00:00:00.005	1.317216	1.317216	1.314286
00:00:00.005	1.311355	1.319414	1.323810
00:00:00.005	1.297436	1.317216	1.318681
00:00:00.006	1.309158	1.310623	1.311355
00:00:00.006	1.310623	1.317216	1.321612
00:00:00.006	1.328938	1.312821	1.312821
00:00:00.007	1.318681	1.309158	1.310623
00:00:00.007	1.324542	1.323077	1.317949
00:00:00.008	1.312088	1.321612	1.309158
00:00:00.008	1.314286	1.323810	1.313553
00:00:00.008	1.303297	1.316484	1.310623
00:00:00.009	1.299634	1.319414	1.342857
00:00:00.009	1.309158	1.323077	1.339194
00:00:00.009	1.296703	1.321612	1.334066
00:00:00.010	1.296703	1.315018	1.309158
00:00:00.010	1.318681	1.325275	1.328938
00:00:00.010	1.323077	1.321612	1.330403
00:00:00.011	1.333333	1.320147	1.320879
00:00:00.011	1.341392	1.317949	1.311355
00:00:00.011	1.329670	1.311355	1.309158
00:00:00.013	1.333333	1.325275	1.310623
00:00:00.013	1.320879	1.322344	1.314286
00:00:00.014	1.303297	1.311355	1.309890
00:00:00.014	1.304762	1.322344	1.317949
00:00:00.014	1.308425	1.321612	1.313553
00:00:00.016	1.307692	1.314286	1.309158
00:00:00.016	1.315751	1.316484	1.326740
00:00:00.016	1.328205	1.324542	1.353114
00:00:00.016	1.317949	1.325275	1.331868
00:00:00.016	1.304762	1.317216	1.306960
00:00:00.016	1.297436	1.317216	1.306960
00:00:00.016	1.312088	1.325275	1.312821
00:00:00.016	1.309890	1.314286	1.305495
00:00:00.016	1.306960	1.317216	1.302564
00:00:00.020	1.312821	1.314286	1.326007
00:00:00.020	1.310623	1.313553	1.342125
00:00:00.020	1.303297	1.316484	1.326740
00:00:00.052	1.301099	1.323077	1.317949
00:00:00.052	1.308425	1.326007	1.317216
00:00:00.052	1.297436	1.309890	1.312088
00:00:00.052	1.293773	1.310623	1.323077
00:00:00.052	1.308425	1.323077	1.317216
00:00:00.052	1.300366	1.310623	1.303297
00:00:00.052	1.287179	1.318681	1.285714
00:00:00.052	1.295971	1.310623	1.326007
00:00:00.053	1.304762	1.313553	1.322344
00:00:00.054	1.326007	1.323810	1.331868
00:00:00.054	1.334799	1.316484	1.314286
00:00:00.054	1.342125	1.312821	1.315018
00:00:00.054	1.390476	1.314286	1.319414
00:00:00.054	1.373626	1.320147	1.317949
00:00:00.055	1.296703	1.317216	1.307692
00:00:00.055	1.308425	1.326740	1.320147
00:00:00.055	1.307692	1.317216	1.315018
00:00:00.056	1.313553	1.324542	1.325275
00:00:00.056	1.304762	1.324542	1.326740
00:00:00.057	1.300366	1.323077	1.322344
00:00:00.057	1.291575	1.322344	1.323077
00:00:00.057	1.262271	1.313553	1.316484
00:00:00.058	1.280586	1.316484	1.320147
00:00:00.058	1.313553	1.324542	1.323077
00:00:00.058	1.323077	1.315751	1.323810
00:00:00.059	1.341392	1.321612	1.331136
00:00:00.059	1.332601	1.324542	1.323810
00:00:00.059	1.315018	1.311355	1.320147
00:00:00.060	1.296703	1.317216	1.320147
00:00:00.060	1.273260	1.313553	1.312088
00:00:00.061	1.277656	1.314286	1.317216
00:00:00.061	1.301832	1.323077	1.316484
00:00:00.061	1.307692	1.316484	1.309890
00:00:00.062	1.315751	1.328205	1.317949
00:00:00.062	1.304762	1.304762	1.297436
00:00:00.062	1.354579	1.320147	1.323810
00:00:00.063	1.374359	1.329670	1.336264
00:00:00.063	1.345055	1.317216	1.332601
00:00:00.063	1.314286	1.337729	1.323810
00:00:00.064	1.289377	1.330403	1.321612
00:00:00.064	1.279853	1.319414	1.320147
00:00:00.064	1.287912	1.307692	1.315018
00:00:00.065	1.309158	1.313553	1.323077
00:00:00.065	1.321612	1.304029	1.306227
00:00:00.066	1.342125	1.307692	1.322344
00:00:00.067	1.386813	1.320879	1.330403
00:00:00.067	1.345788	1.323077	1.328938
00:00:00.067	1.288645	1.330403	1.323810
00:00:00.067	1.263004	1.320879	1.315018
00:00:00.067	1.308425	1.323077	1.328938
00:00:00.100	1.310623	1.325275	1.326740
00:00:00.100	1.306960	1.328205	1.323810
00:00:00.100	1.298168	1.319414	1.315751
00:00:00.101	1.295971	1.323077	1.323077
00:00:00.101	1.314286	1.326007	1.326740
00:00:00.101	1.313553	1.320879	1.321612
00:00:00.102	1.305495	1.315751	1.320879
00:00:00.102	1.319414	1.324542	1.323810
00:00:00.102	1.330403	1.328938	1.326740
00:00:00.103	1.326007	1.323077	1.323810
00:00:00.103	1.306227	1.309890	1.314286
00:00:00.103	1.305495	1.320147	1.309158
00:00:00.104	1.306227	1.326740	1.308425
00:00:00.104	1.309158	1.323810	1.323810
00:00:00.105	1.310623	1.320147	1.325275
00:00:00.105	1.303297	1.313553	1.319414
00:00:00.105	1.322344	1.323077	1.323810
00:00:00.106	1.356044	1.326740	1.320147
00:00:00.106	1.335531	1.323077	1.323810
00:00:00.106	1.322344	1.324542	1.323810
00:00:00.107	1.317216	1.317949	1.320147
00:00:00.107	1.310623	1.312088	1.316484
00:00:00.107	1.309890	1.321612	1.323810
00:00:00.108	1.314286	1.324542	1.326740
00:00:00.108	1.312821	1.321612	1.325275
00:00:00.108	1.303297	1.312821	1.308425
00:00:00.110	1.296703	1.314286	1.316484
00:00:00.110	1.306227	1.321612	1.323810
00:00:00.112	1.314286	1.326007	1.322344
00:00:00.112	1.314286	1.318681	1.317216
00:00:00.112	1.307692	1.317216	1.311355
00:00:00.113	1.303297	1.316484	1.320879
00:00:00.113	1.309158	1.323810	1.323810
00:00:00.113	1.312088	1.321612	1.318681
00:00:00.113	1.315018	1.322344	1.308425
00:00:00.113	1.304029	1.308425	1.309158
00:00:00.113	1.312821	1.321612	1.318681
00:00:00.113	1.334066	1.326007	1.321612
00:00:00.113	1.320147	1.320147	1.321612
00:00:00.113	1.311355	1.312088	1.334799
00:00:00.117	1.316484	1.317949	1.331868
00:00:00.117	1.306960	1.320879	1.323077
00:00:00.117	1.298168	1.317216	1.312821
00:00:00.117	1.302564	1.320879	1.318681
00:00:00.117	1.308425	1.315751	1.320147
00:00:00.117	1.312088	1.319414	1.310623
00:00:00.117	1.320879	1.322344	1.319414
00:00:00.117	1.315018	1.320879	1.314286
00:00:00.117	1.315018	1.317216	1.311355
00:00:00.117	1.323810	1.315018	1.323077
00:00:00.149	1.306227	1.317949	1.312088
00:00:00.150	1.287912	1.316484	1.306227
00:00:00.151	1.302564	1.318681	1.321612
00:00:00.151	1.307692	1.319414	1.330403
00:00:00.151	1.305495	1.312088	1.323077
00:00:00.151	1.336996	1.321612	1.332601
00:00:00.151	1.336264	1.320879	1.347253
00:00:00.152	1.334066	1.323810	1.330403
00:00:00.152	1.326740	1.320879	1.323810
00:00:00.153	1.301832	1.312088	1.310623
00:00:00.153	1.308425	1.320879	1.320147
00:00:00.153	1.316484	1.323810	1.319414
00:00:00.154	1.318681	1.317949	1.314286
00:00:00.154	1.301832	1.310623	1.309158
00:00:00.154	1.310623	1.320147	1.317216
00:00:00.155	1.313553	1.323810	1.326007
00:00:00.155	1.309158	1.323077	1.318681
00:00:00.155	1.305495	1.317949	1.311355
00:00:00.156	1.302564	1.314286	1.305495
00:00:00.156	1.306227	1.325275	1.314286
00:00:00.156	1.295971	1.309158	1.284982
00:00:00.157	1.295971	1.306227	1.287912
00:00:00.157	1.357509	1.334066	1.347253
00:00:00.158	1.335531	1.317216	1.358974
00:00:00.158	1.326007	1.322344	1.352381
00:00:00.158	1.317949	1.320147	1.331136
00:00:00.159	1.311355	1.317949	1.314286
00:00:00.159	1.297436	1.319414	1.313553
00:00:00.159	1.309158	1.326740	1.322344
00:00:00.160	1.306960	1.326007	1.327473
00:00:00.160	1.295238	1.310623	1.312088
00:00:00.160	1.312821	1.320147	1.318681
00:00:00.161	1.332601	1.318681	1.317949
00:00:00.161	1.335531	1.308425	1.305495
00:00:00.161	1.325275	1.314286	1.307692
00:00:00.162	1.310623	1.312821	1.318681
00:00:00.162	1.318681	1.318681	1.310623
00:00:00.163	1.312821	1.327473	1.321612
00:00:00.163	1.291575	1.324542	1.321612
00:00:00.163	1.271062	1.320147	1.311355
00:00:00.164	1.294505	1.323077	1.317949
00:00:00.164	1.303297	1.318681	1.321612
00:00:00.164	1.312088	1.322344	1.321612
00:00:00.165	1.295971	1.309158	1.311355
00:00:00.165	1.300366	1.309890	1.303297
00:00:00.165	1.304762	1.312088	1.326007
00:00:00.166	1.309890	1.323810	1.352381
00:00:00.166	1.275458	1.317216	1.311355
00:00:00.166	1.278388	1.323077	1.312088
00:00:00.167	1.307692	1.324542	1.298901
00:00:00.199	1.327473	1.322344	1.312088
00:00:00.199	1.361172	1.320147	1.339194
00:00:00.200	1.386813	1.317949	1.344322
00:00:00.200	1.353114	1.311355	1.312821
00:00:00.200	1.353114	1.309890	1.315018
00:00:00.201	1.347985	1.317949	1.323810
00:00:00.201	1.367033	1.322344	1.323810
00:00:00.202	1.326007	1.309890	1.316484
00:00:00.202	1.303297	1.321612	1.322344
00:00:00.203	1.243956	1.316484	1.313553
00:00:00.203	1.206593	1.315018	1.312088
00:00:00.203	1.254945	1.319414	1.319414
00:00:00.203	1.342125	1.312088	1.316484
00:00:00.204	1.419780	1.317216	1.316484
00:00:00.204	1.405861	1.307692	1.315018
00:00:00.204	1.369963	1.259341	1.312821
00:00:00.205	1.338462	1.268864	1.323810
00:00:00.205	1.309890	1.282784	1.312088
00:00:00.205	1.332601	1.311355	1.300366
00:00:00.206	1.308425	1.323810	1.311355
00:00:00.206	1.218315	1.350916	1.309890
00:00:00.208	1.079853	1.379487	1.296703
00:00:00.208	1.193407	1.399267	1.307692
00:00:00.208	1.280586	1.386813	1.309890
00:00:00.209	1.326740	1.357509	1.334799
00:00:00.209	1.359707	1.308425	1.332601
00:00:00.209	1.342857	1.295238	1.315018
00:00:00.209	1.314286	1.300366	1.326007
00:00:00.209	1.323077	1.304029	1.327473
00:00:00.209	1.336264	1.310623	1.318681
00:00:00.213	1.341392	1.308425	1.314286
00:00:00.213	1.334066	1.304762	1.306960
00:00:00.213	1.332601	1.315018	1.326007
00:00:00.213	1.322344	1.319414	1.332601
00:00:00.213	1.317949	1.323810	1.332601
00:00:00.213	1.313553	1.304029	1.331868
00:00:00.213	1.334799	1.279121	1.328205
00:00:00.213	1.315751	1.295238	1.333333
00:00:00.213	1.273260	1.318681	1.318681
00:00:00.213	1.256410	1.328205	1.300366
00:00:00.213	1.372894	1.326740	1.306960
00:00:00.214	1.340659	1.292308	1.296703
00:00:00.214	1.328938	1.327473	1.307692
00:00:00.214	1.358242	1.347253	1.308425
00:00:00.215	1.278388	1.371429	1.311355
00:00:00.215	1.287179	1.356044	1.312821
00:00:00.216	1.336264	1.323077	1.317949
00:00:00.216	1.389744	1.307692	1.352381
00:00:00.216	1.293773	1.309158	1.326740
00:00:00.217	1.256410	1.304762	1.320879
00:00:00.249	1.295971	1.313553	1.326740
00:00:00.249	1.306227	1.316484	1.326007
00:00:00.250	1.312088	1.314286	1.328205
00:00:00.250	1.297436	1.315751	1.323810
00:00:00.250	1.299634	1.315018	1.317949
00:00:00.251	1.329670	1.308425	1.315018
00:00:00.251	1.356777	1.312821	1.309890
00:00:00.251	1.344322	1.317949	1.315751
00:00:00.252	1.270330	1.317949	1.306960
00:00:00.252	1.245421	1.326007	1.315018
00:00:00.252	1.307692	1.333333	1.323810
00:00:00.253	1.321612	1.329670	1.320879
00:00:00.253	1.320879	1.317216	1.315018
00:00:00.253	1.325275	1.318681	1.326007
00:00:00.254	1.320879	1.324542	1.329670
00:00:00.255	1.316484	1.323077	1.322344
00:00:00.255	1.302564	1.315018	1.321612
00:00:00.255	1.295238	1.313553	1.313553
00:00:00.255	1.288645	1.313553	1.323077
00:00:00.256	1.293773	1.322344	1.326007
00:00:00.256	1.299634	1.279121	1.319414
00:00:00.256	1.330403	1.257143	1.321612
00:00:00.257	1.403663	1.279121	1.323810
00:00:00.257	1.391941	1.299634	1.310623
00:00:00.257	1.411722	1.323810	1.315751
00:00:00.258	1.369231	1.347253	1.323810
00:00:00.258	1.304762	1.367033	1.315751
00:00:00.258	1.235165	1.401465	1.308425
00:00:00.259	1.202930	1.396337	1.312821
00:00:00.259	1.259341	1.367033	1.319414
00:00:00.260	1.322344	1.314286	1.317216
00:00:00.260	1.324542	1.314286	1.323810
00:00:00.260	1.304029	1.301832	1.321612
00:00:00.261	1.309158	1.303297	1.310623
00:00:00.261	1.308425	1.300366	1.317216
00:00:00.261	1.308425	1.306227	1.326007
00:00:00.262	1.320147	1.312088	1.328938
00:00:00.262	1.317216	1.309890	1.319414
00:00:00.262	1.314286	1.309158	1.323810
00:00:00.263	1.321612	1.317949	1.323810
00:00:00.263	1.303297	1.317949	1.318681
00:00:00.264	1.294505	1.315018	1.308425
00:00:00.264	1.258608	1.315751	1.303297
00:00:00.264	1.273260	1.315751	1.321612
00:00:00.265	1.315018	1.315751	1.319414
00:00:00.265	1.337729	1.321612	1.318681
00:00:00.265	1.323077	1.315018	1.317216
00:00:00.266	1.335531	1.311355	1.322344
00:00:00.266	1.351648	1.317216	1.326740
00:00:00.266	1.282784	1.309890	1.309158
00:00:00.299	1.339927	1.310623	1.320879
00:00:00.299	1.408059	1.318681	1.341392
00:00:00.299	1.493773	1.324542	1.347253
00:00:00.300	1.335531	1.313553	1.315751
00:00:00.300	1.175824	1.309890	1.306227
00:00:00.300	1.250549	1.320879	1.323810
00:00:00.302	1.310623	1.327473	1.328205
00:00:00.302	1.343590	1.326007	1.331136
00:00:00.302	1.365568	1.329670	1.339194
00:00:00.303	1.363370	1.321612	1.319414
00:00:00.303	1.296703	1.326740	1.315751
00:00:00.305	1.142125	1.320879	1.298168
00:00:00.305	1.189011	1.315018	1.301832
00:00:00.305	1.285714	1.321612	1.328205
00:00:00.305	1.345055	1.323077	1.329670
00:00:00.305	1.390476	1.317216	1.316484
00:00:00.305	1.317949	1.312821	1.304762
00:00:00.305	1.341392	1.327473	1.317216
00:00:00.305	1.347985	1.329670	1.328205
00:00:00.305	1.292308	1.328205	1.316484
00:00:00.310	1.252747	1.320147	1.320879
00:00:00.310	1.382418	1.318681	1.330403
00:00:00.310	1.419780	1.320147	1.315751
00:00:00.310	1.287179	1.317216	1.306227
00:00:00.310	1.275458	1.304762	1.300366
00:00:00.310	1.342857	1.304762	1.315018
00:00:00.310	1.279121	1.315018	1.329670
00:00:00.310	1.272527	1.317216	1.319414
00:00:00.310	1.294505	1.312821	1.315018
00:00:00.310	1.312821	1.309158	1.310623
00:00:00.310	1.306227	1.329670	1.331136
00:00:00.310	1.286447	1.332601	1.332601
00:00:00.310	1.268132	1.331868	1.337729
00:00:00.310	1.277656	1.327473	1.334799
00:00:00.311	1.358242	1.317216	1.323810
00:00:00.311	1.369231	1.317216	1.321612
00:00:00.311	1.336996	1.300366	1.323077
00:00:00.312	1.522344	1.284982	1.340659
00:00:00.312	1.466667	1.273260	1.319414
00:00:00.313	1.330403	1.302564	1.296703
00:00:00.313	1.205861	1.320147	1.306227
00:00:00.313	1.201465	1.339194	1.300366
00:00:00.314	1.172894	1.372161	1.298168
00:00:00.314	1.194139	1.405128	1.304762
00:00:00.314	1.330403	1.406593	1.315018
00:00:00.315	1.356044	1.346520	1.307692
00:00:00.315	1.356044	1.298168	1.317949
00:00:00.315	1.360440	1.298901	1.329670
00:00:00.316	1.337729	1.302564	1.331136
00:00:00.316	1.248352	1.305495	1.322344
00:00:00.348	1.245421	1.302564	1.304762
00:00:00.349	1.268132	1.305495	1.318681
00:00:00.349	1.310623	1.308425	1.326740
00:00:00.349	1.276923	1.302564	1.318681
00:00:00.350	1.311355	1.318681	1.327473
00:00:00.350	1.345055	1.313553	1.326007
00:00:00.350	1.328205	1.317216	1.323810
00:00:00.351	1.309158	1.319414	1.320879
00:00:00.351	1.326007	1.315751	1.306227
00:00:00.352	1.383883	1.312821	1.306960
00:00:00.352	1.453480	1.320147	1.319414
00:00:00.352	1.348718	1.319414	1.310623
00:00:00.353	1.250549	1.322344	1.313553
00:00:00.353	1.268864	1.323810	1.334799
00:00:00.353	1.238828	1.327473	1.343590
00:00:00.354	1.241026	1.319414	1.343590
00:00:00.354	1.345055	1.314286	1.345788
00:00:00.354	1.560440	1.315751	1.316484
00:00:00.355	1.397070	1.312821	1.306227
00:00:00.355	1.191209	1.320879	1.296703
00:00:00.355	1.290110	1.309158	1.290110
00:00:00.356	1.279853	1.322344	1.293773
00:00:00.356	1.271795	1.317216	1.287912
00:00:00.357	1.285714	1.321612	1.312821
00:00:00.357	1.306227	1.321612	1.318681
00:00:00.357	1.314286	1.325275	1.323810
00:00:00.358	1.312821	1.319414	1.309158
00:00:00.358	1.306227	1.317216	1.322344
00:00:00.358	1.308425	1.328205	1.372161
00:00:00.360	1.231502	1.322344	1.362637
00:00:00.360	1.253480	1.332601	1.337729
00:00:00.360	1.227106	1.339927	1.304762
00:00:00.360	1.271795	1.329670	1.288645
00:00:00.360	1.361172	1.324542	1.309890
00:00:00.361	1.483516	1.326740	1.303297
00:00:00.361	1.521612	1.333333	1.358974
00:00:00.361	1.631502	1.328938	1.414652
00:00:00.362	1.352381	1.293773	1.352381
00:00:00.362	1.136996	1.306960	1.312088
00:00:00.362	1.093773	1.309890	1.320879
00:00:00.363	1.441026	1.315018	1.337729
00:00:00.363	1.292308	1.319414	1.309158
00:00:00.363	1.295238	1.315018	1.281319
00:00:00.364	1.294505	1.299634	1.275458
00:00:00.364	1.352381	1.315018	1.284982
00:00:00.364	1.347253	1.337729	1.306960
00:00:00.366	1.290110	1.345788	1.308425
00:00:00.366	1.219780	1.325275	1.312821
00:00:00.369	1.297436	1.316484	1.325275
00:00:00.369	1.350916	1.316484	1.324542
00:00:00.398	1.356044	1.323810	1.331136
00:00:00.398	1.304762	1.323810	1.319414
00:00:00.400	1.245421	1.307692	1.300366
00:00:00.400	1.280586	1.324542	1.326740
00:00:00.401	1.293773	1.323810	1.313553
00:00:00.401	1.278388	1.323810	1.312088
00:00:00.401	1.263004	1.319414	1.323810
00:00:00.401	1.303297	1.310623	1.320147
00:00:00.401	1.378755	1.307692	1.322344
00:00:00.401	1.441026	1.318681	1.335531
00:00:00.405	1.375092	1.309890	1.320879
00:00:00.405	1.250549	1.317216	1.317216
00:00:00.405	1.176557	1.305495	1.312821
00:00:00.405	1.238828	1.260806	1.320879
00:00:00.405	1.380952	1.267399	1.319414
00:00:00.405	1.386813	1.313553	1.332601
00:00:00.405	1.353114	1.328938	1.320147
00:00:00.405	1.317949	1.326740	1.327473
00:00:00.405	1.326740	1.338462	1.323077
00:00:00.405	1.345055	1.387546	1.323810
00:00:00.405	1.376557	1.426374	1.316484
00:00:00.406	1.326007	1.405128	1.320879
00:00:00.406	1.261538	1.307692	1.296703
00:00:00.406	1.225641	1.312821	1.291575
00:00:00.407	1.241758	1.315018	1.298168
00:00:00.407	1.295238	1.323810	1.314286
00:00:00.407	1.333333	1.311355	1.314286
00:00:00.408	1.326007	1.312088	1.325275
00:00:00.408	1.278388	1.307692	1.318681
00:00:00.408	1.249817	1.295238	1.315018
00:00:00.409	1.313553	1.311355	1.327473
00:00:00.409	1.326740	1.309890	1.323810
00:00:00.410	1.336996	1.311355	1.323810
00:00:00.410	1.342857	1.310623	1.322344
00:00:00.410	1.348718	1.309158	1.320147
00:00:00.411	1.354579	1.322344	1.333333
00:00:00.412	1.317216	1.312821	1.320147
00:00:00.412	1.323810	1.317216	1.322344
00:00:00.412	1.343590	1.320879	1.325275
00:00:00.412	1.387546	1.323810	1.333333
00:00:00.412	1.390476	1.320147	1.329670
00:00:00.413	1.287912	1.313553	1.315018
00:00:00.413	1.284982	1.312088	1.308425
00:00:00.413	1.317949	1.324542	1.328938
00:00:00.414	1.230037	1.311355	1.306227
00:00:00.414	1.308425	1.320879	1.322344
00:00:00.415	1.306227	1.317949	1.315018
00:00:00.415	1.251282	1.305495	1.307692
00:00:00.415	1.271795	1.323810	1.322344
00:00:00.416	1.233700	1.327473	1.322344
00:00:00.448	1.192674	1.327473	1.326007
00:00:00.448	1.242491	1.334066	1.328205
00:00:00.449	1.318681	1.326007	1.331868
00:00:00.449	1.512088	1.327473	1.319414
00:00:00.449	1.659341	1.337729	1.330403
00:00:00.450	1.528205	1.325275	1.327473
00:00:00.450	1.194872	1.306960	1.312821
00:00:00.450	1.145055	1.301099	1.305495
00:00:00.451	1.287179	1.312088	1.318681
00:00:00.451	1.268864	1.309158	1.329670
00:00:00.451	1.336996	1.320147	1.339927
00:00:00.452	1.506227	1.339194	1.340659
00:00:00.452	1.419780	1.327473	1.328938
00:00:00.452	1.376557	1.331868	1.323077
00:00:00.453	1.243956	1.328205	1.320147
00:00:00.453	1.270330	1.312821	1.315751
00:00:00.454	1.052747	1.312088	1.289377
00:00:00.454	1.151648	1.323077	1.298901
00:00:00.454	1.295238	1.329670	1.312821
00:00:00.455	1.337729	1.323077	1.313553
00:00:00.455	1.347253	1.324542	1.319414
00:00:00.455	1.386813	1.327473	1.333333
00:00:00.456	1.392674	1.319414	1.326007
00:00:00.456	1.385348	1.323077	1.323810
00:00:00.456	1.347253	1.320147	1.323077
00:00:00.457	1.306227	1.323810	1.333333
00:00:00.457	1.238828	1.315751	1.314286
00:00:00.458	1.252747	1.326007	1.313553
00:00:00.458	1.287179	1.318681	1.310623
00:00:00.458	1.307692	1.318681	1.311355
00:00:00.459	1.322344	1.310623	1.303297
00:00:00.459	1.340659	1.323077	1.310623
00:00:00.459	1.322344	1.326740	1.326007
00:00:00.460	1.272527	1.316484	1.329670
00:00:00.460	1.276923	1.326740	1.336996
00:00:00.460	1.319414	1.320147	1.336996
00:00:00.463	1.386813	1.326740	1.333333
00:00:00.463	1.422711	1.314286	1.327473
00:00:00.463	1.334066	1.319414	1.323810
00:00:00.463	1.262271	1.323810	1.320879
00:00:00.463	1.202930	1.313553	1.308425
00:00:00.465	1.360440	1.312088	1.305495
00:00:00.465	1.328938	1.320879	1.303297
00:00:00.465	1.284249	1.318681	1.289377
00:00:00.465	1.298901	1.313553	1.312088
00:00:00.465	1.317949	1.326007	1.333333
00:00:00.465	1.306960	1.323077	1.325275
00:00:00.465	1.309158	1.322344	1.320147
00:00:00.465	1.310623	1.315751	1.309158
00:00:00.465	1.312821	1.307692	1.309890
00:00:00.502	1.327473	1.322344	1.317216
00:00:00.502	1.325275	1.325275	1.320147
00:00:00.502	1.324542	1.323810	1.323810
00:00:00.502	1.316484	1.315751	1.321612
00:00:00.502	1.329670	1.324542	1.327473
00:00:00.502	1.331868	1.325275	1.341392
00:00:00.502	1.328205	1.323810	1.339194
00:00:00.502	1.320147	1.323810	1.326007
00:00:00.502	1.306960	1.313553	1.307692
00:00:00.502	1.306227	1.314286	1.318681
00:00:00.502	1.315018	1.325275	1.315751
00:00:00.502	1.326740	1.323810	1.315751
00:00:00.502	1.317216	1.320147	1.317216
00:00:00.502	1.299634	1.314286	1.311355
00:00:00.503	1.289377	1.312821	1.312821
00:00:00.503	1.326007	1.314286	1.312821
00:00:00.503	1.338462	1.323077	1.323810
00:00:00.504	1.301832	1.324542	1.323810
00:00:00.504	1.309158	1.326007	1.330403
00:00:00.504	1.298901	1.309890	1.311355
00:00:00.505	1.312821	1.326740	1.326007
00:00:00.505	1.304762	1.319414	1.320879
00:00:00.505	1.318681	1.317949	1.320147
00:00:00.506	1.287179	1.324542	1.320879
00:00:00.506	1.264469	1.312088	1.312821
00:00:00.507	1.293773	1.320147	1.321612
00:00:00.507	1.313553	1.322344	1.317216
00:00:00.507	1.367766	1.323077	1.326740
00:00:00.508	1.385348	1.324542	1.326740
00:00:00.508	1.223443	1.322344	1.313553
00:00:00.508	1.206593	1.317949	1.331868
00:00:00.509	1.387546	1.326007	1.342125
00:00:00.509	1.514286	1.336996	1.343590
00:00:00.509	1.716484	1.325275	1.323810
00:00:00.510	1.386813	1.310623	1.296703
00:00:00.510	1.063004	1.309158	1.298168
00:00:00.510	1.064469	1.318681	1.304029
00:00:00.511	1.143590	1.322344	1.306960
00:00:00.511	1.323077	1.320147	1.318681
00:00:00.512	1.350183	1.318681	1.323810
00:00:00.512	1.351648	1.309158	1.317949
00:00:00.512	1.375092	1.315018	1.323077
00:00:00.513	1.308425	1.316484	1.329670
00:00:00.513	1.302564	1.265201	1.320147
00:00:00.513	1.290842	1.271062	1.301832
00:00:00.514	1.313553	1.296703	1.305495
00:00:00.514	1.336996	1.327473	1.329670
00:00:00.514	1.369231	1.338462	1.339194
00:00:00.515	1.326007	1.361172	1.330403
00:00:00.515	1.356044	1.397070	1.315751
00:00:00.548	1.395604	1.397070	1.309158
00:00:00.548	1.246154	1.369963	1.309890
00:00:00.548	1.152381	1.326740	1.315018
00:00:00.548	1.217582	1.303297	1.319414
00:00:00.549	1.323077	1.290110	1.315751
00:00:00.549	1.292308	1.294505	1.312821
00:00:00.550	1.295238	1.292308	1.314286
00:00:00.550	1.314286	1.312088	1.324542
00:00:00.550	1.321612	1.308425	1.313553
00:00:00.551	1.322344	1.312821	1.308425
00:00:00.551	1.302564	1.317216	1.304762
00:00:00.551	1.306227	1.312821	1.300366
00:00:00.552	1.301832	1.311355	1.313553
00:00:00.552	1.331868	1.317216	1.333333
00:00:00.552	1.338462	1.315751	1.352381
00:00:00.553	1.350183	1.314286	1.347253
00:00:00.553	1.346520	1.316484	1.356777
00:00:00.553	1.361172	1.321612	1.338462
00:00:00.554	1.403663	1.306960	1.284982
00:00:00.554	1.421245	1.309158	1.304029
00:00:00.555	1.315018	1.323810	1.323077
00:00:00.555	1.276190	1.304762	1.295971
00:00:00.555	1.306960	1.310623	1.323810
00:00:00.556	1.295971	1.310623	1.314286
00:00:00.556	1.281319	1.326740	1.327473
00:00:00.556	1.290842	1.331136	1.325275
00:00:00.558	1.300366	1.331136	1.309890
00:00:00.558	1.277656	1.313553	1.304029
00:00:00.558	1.290110	1.317949	1.314286
00:00:00.559	1.309890	1.309890	1.304762
00:00:00.559	1.346520	1.320879	1.320147
00:00:00.559	1.353114	1.323077	1.320147
00:00:00.559	1.288645	1.320879	1.311355
00:00:00.559	1.268132	1.320879	1.313553
00:00:00.560	1.293040	1.317216	1.317949
00:00:00.560	1.314286	1.326007	1.320879
00:00:00.560	1.303297	1.316484	1.319414
00:00:00.562	1.318681	1.323810	1.322344
00:00:00.562	1.319414	1.321612	1.315751
00:00:00.562	1.317949	1.323810	1.320147
00:00:00.562	1.303297	1.310623	1.312088
00:00:00.562	1.306227	1.324542	1.323077
00:00:00.562	1.302564	1.314286	1.314286
00:00:00.567	1.353114	1.311355	1.322344
00:00:00.567	1.342857	1.317949	1.339194
00:00:00.567	1.321612	1.323810	1.323810
00:00:00.567	1.308425	1.326007	1.318681
00:00:00.567	1.279853	1.309890	1.309890
00:00:00.567	1.290842	1.319414	1.321612
00:00:00.567	1.306227	1.319414	1.329670
00:00:00.597	1.353114	1.320879	1.321612
00:00:00.597	1.315018	1.322344	1.312821
00:00:00.598	1.293773	1.326007	1.318681
00:00:00.598	1.310623	1.312821	1.309890
00:00:00.599	1.332601	1.320879	1.315018
00:00:00.599	1.342125	1.322344	1.314286
00:00:00.599	1.296703	1.326007	1.315018
00:00:00.600	1.337729	1.321612	1.317216
00:00:00.600	1.390476	1.315018	1.320147
00:00:00.600	1.349451	1.322344	1.333333
00:00:00.601	1.249084	1.322344	1.318681
00:00:00.601	1.106227	1.321612	1.320879
00:00:00.601	1.175824	1.329670	1.327473
00:00:00.602	1.282051	1.334799	1.334799
00:00:00.602	1.466667	1.328938	1.328205
00:00:00.602	1.534799	1.330403	1.334066
00:00:00.603	1.524542	1.304029	1.304029
00:00:00.603	1.279121	1.284982	1.290110
00:00:00.604	1.183150	1.304762	1.309158
00:00:00.604	1.180220	1.301099	1.309158
00:00:00.604	1.267399	1.293040	1.306227
00:00:00.605	1.320879	1.333333	1.323810
00:00:00.605	1.331868	1.358242	1.327473
00:00:00.605	1.345788	1.344322	1.322344
00:00:00.606	1.350183	1.320147	1.316484
00:00:00.606	1.255678	1.318681	1.323810
00:00:00.606	1.285714	1.327473	1.321612
00:00:00.607	1.332601	1.322344	1.322344
00:00:00.607	1.361905	1.314286	1.319414
00:00:00.608	1.337729	1.316484	1.331868
00:00:00.608	1.282784	1.320147	1.324542
00:00:00.608	1.252015	1.320879	1.323077
00:00:00.609	1.306227	1.317216	1.315018
00:00:00.609	1.235897	1.322344	1.323077
00:00:00.609	1.304029	1.325275	1.323810
00:00:00.610	1.304762	1.317949	1.315018
00:00:00.610	1.344322	1.275458	1.315018
00:00:00.610	1.405128	1.227839	1.305495
00:00:00.611	1.413187	1.263736	1.326007
00:00:00.611	1.354579	1.309158	1.322344
00:00:00.611	1.345055	1.338462	1.323810
00:00:00.612	1.273260	1.356044	1.320879
00:00:00.612	1.311355	1.400000	1.323077
00:00:00.613	1.312088	1.432234	1.320147
00:00:00.613	1.227106	1.427106	1.327473
00:00:00.613	1.289377	1.356777	1.332601
00:00:00.614	1.360440	1.320879	1.307692
00:00:00.614	1.345055	1.291575	1.311355
00:00:00.614	1.318681	1.299634	1.327473
00:00:00.615	1.306960	1.295238	1.309158
00:00:00.647	1.286447	1.304029	1.314286
00:00:00.647	1.266667	1.310623	1.314286
00:00:00.648	1.282784	1.311355	1.316484
00:00:00.648	1.332601	1.297436	1.315751
00:00:00.648	1.308425	1.306227	1.318681
00:00:00.649	1.327473	1.304029	1.306960
00:00:00.649	1.283516	1.311355	1.316484
00:00:00.649	1.316484	1.313553	1.313553
00:00:00.650	1.347253	1.303297	1.311355
00:00:00.650	1.366300	1.303297	1.311355
00:00:00.650	1.396337	1.338462	1.351648
00:00:00.653	1.346520	1.316484	1.338462
00:00:00.653	1.346520	1.320879	1.330403
00:00:00.653	1.271795	1.306960	1.303297
00:00:00.655	1.232967	1.322344	1.309158
00:00:00.655	1.231502	1.310623	1.302564
00:00:00.655	1.326740	1.323810	1.320879
00:00:00.655	1.364103	1.323077	1.319414
00:00:00.655	1.321612	1.317216	1.317949
00:00:00.655	1.284249	1.313553	1.316484
00:00:00.655	1.207326	1.322344	1.323810
00:00:00.655	1.276190	1.308425	1.313553
00:00:00.655	1.315751	1.315751	1.315018
00:00:00.655	1.325275	1.312088	1.315751
00:00:00.655	1.319414	1.315751	1.323810
00:00:00.656	1.331136	1.332601	1.330403
00:00:00.656	1.320147	1.322344	1.323077
00:00:00.657	1.321612	1.320879	1.318681
00:00:00.657	1.319414	1.310623	1.312821
00:00:00.657	1.321612	1.315018	1.312088
00:00:00.658	1.320147	1.323077	1.320879
00:00:00.658	1.331136	1.326740	1.328938
00:00:00.658	1.328938	1.320147	1.323077
00:00:00.659	1.328938	1.324542	1.320147
00:00:00.659	1.319414	1.314286	1.323810
00:00:00.659	1.328938	1.318681	1.323810
00:00:00.660	1.325275	1.323077	1.325275
00:00:00.660	1.304762	1.319414	1.314286
00:00:00.660	1.304762	1.328205	1.315751
00:00:00.661	1.247619	1.312821	1.309890
00:00:00.661	1.281319	1.317216	1.311355
00:00:00.662	1.284249	1.316484	1.326740
00:00:00.662	1.282784	1.312821	1.317949
00:00:00.662	1.317949	1.322344	1.320147
00:00:00.663	1.340659	1.322344	1.315018
00:00:00.663	1.339194	1.315018	1.317216
00:00:00.663	1.326740	1.319414	1.323810
00:00:00.664	1.334066	1.315751	1.326007
00:00:00.664	1.342857	1.326007	1.334799
00:00:00.664	1.358974	1.318681	1.310623
00:00:00.697	1.362637	1.320879	1.317216
00:00:00.697	1.305495	1.323077	1.301832
00:00:00.697	1.219048	1.323810	1.289377
00:00:00.698	1.280586	1.326740	1.294505
00:00:00.698	1.288645	1.318681	1.299634
00:00:00.698	1.290110	1.314286	1.313553
00:00:00.699	1.288645	1.319414	1.334799
00:00:00.699	1.265934	1.328205	1.331868
00:00:00.699	1.318681	1.324542	1.334799
00:00:00.700	1.412454	1.312821	1.323077
00:00:00.700	1.355311	1.312821	1.318681
00:00:00.701	1.339194	1.320147	1.341392
00:00:00.701	1.333333	1.320879	1.331136
00:00:00.701	1.377289	1.320147	1.323810
00:00:00.702	1.378022	1.317216	1.323077
00:00:00.702	1.238828	1.310623	1.320147
00:00:00.702	1.252747	1.325275	1.319414
00:00:00.703	1.323810	1.324542	1.316484
00:00:00.703	1.414652	1.326007	1.317216
00:00:00.703	1.391209	1.323077	1.304762
00:00:00.704	1.347253	1.314286	1.301832
00:00:00.705	1.306960	1.317949	1.318681
00:00:00.705	1.135531	1.324542	1.320147
00:00:00.705	1.063004	1.321612	1.309890
00:00:00.705	1.198535	1.323810	1.336996
00:00:00.706	1.328205	1.316484	1.331868
00:00:00.706	1.430769	1.312821	1.317216
00:00:00.706	1.441026	1.322344	1.330403
00:00:00.707	1.381685	1.327473	1.326007
00:00:00.707	1.343590	1.318681	1.312088
00:00:00.707	1.345055	1.315018	1.310623
00:00:00.708	1.303297	1.309158	1.304029
00:00:00.708	1.319414	1.321612	1.346520
00:00:00.708	1.391941	1.326740	1.341392
00:00:00.709	1.254212	1.326007	1.298901
00:00:00.709	1.257875	1.323810	1.260073
00:00:00.710	1.212454	1.315018	1.298168
00:00:00.710	1.271795	1.331868	1.367766
00:00:00.710	1.299634	1.321612	1.351648
00:00:00.711	1.338462	1.321612	1.358974
00:00:00.711	1.313553	1.312821	1.331136
00:00:00.711	1.292308	1.309158	1.304762
00:00:00.712	1.298901	1.320879	1.309158
00:00:00.712	1.312088	1.318681	1.308425
00:00:00.712	1.315018	1.310623	1.304029
00:00:00.713	1.299634	1.319414	1.320879
00:00:00.713	1.279121	1.326007	1.331136
00:00:00.713	1.271795	1.326740	1.332601
00:00:00.714	1.293040	1.315018	1.322344
00:00:00.714	1.419780	1.311355	1.309158
00:00:00.746	1.451282	1.310623	1.310623
00:00:00.747	1.328938	1.306227	1.297436
00:00:00.747	1.366300	1.274725	1.315018
00:00:00.747	1.308425	1.254212	1.310623
00:00:00.748	1.301099	1.276190	1.316484
00:00:00.748	1.303297	1.326007	1.326740
00:00:00.750	1.266667	1.334066	1.318681
00:00:00.750	1.297436	1.361172	1.315018
00:00:00.750	1.315018	1.396337	1.309158
00:00:00.753	1.312088	1.422711	1.322344
00:00:00.753	1.266667	1.401465	1.312821
00:00:00.753	1.329670	1.339194	1.323810
00:00:00.753	1.369231	1.296703	1.323077
00:00:00.753	1.367033	1.276923	1.322344
00:00:00.753	1.339194	1.263004	1.315751
00:00:00.753	1.270330	1.274725	1.308425
00:00:00.753	1.260806	1.298168	1.318681
00:00:00.753	1.300366	1.308425	1.323810
00:00:00.753	1.306960	1.306227	1.323077
00:00:00.753	1.302564	1.318681	1.319414
00:00:00.754	1.298168	1.319414	1.313553
00:00:00.754	1.302564	1.323810	1.314286
00:00:00.754	1.304762	1.319414	1.321612
00:00:00.758	1.314286	1.322344	1.320147
00:00:00.758	1.311355	1.318681	1.317949
00:00:00.758	1.322344	1.324542	1.323810
00:00:00.758	1.319414	1.323810	1.323077
00:00:00.758	1.320147	1.320147	1.321612
00:00:00.758	1.312088	1.311355	1.315018
00:00:00.758	1.320879	1.320147	1.323077
00:00:00.758	1.319414	1.323077	1.326007
00:00:00.758	1.312088	1.317216	1.323810
00:00:00.758	1.317949	1.319414	1.318681
00:00:00.758	1.317949	1.322344	1.320879
00:00:00.759	1.309158	1.327473	1.321612
00:00:00.759	1.306960	1.326007	1.320147
00:00:00.759	1.309158	1.323810	1.323810
00:00:00.760	1.303297	1.317949	1.326740
00:00:00.760	1.321612	1.323810	1.327473
00:00:00.760	1.342857	1.326007	1.323810
00:00:00.761	1.337729	1.323810	1.333333
00:00:00.761	1.339194	1.318681	1.326740
00:00:00.761	1.330403	1.312821	1.315018
00:00:00.762	1.306227	1.313553	1.311355
00:00:00.762	1.247619	1.322344	1.313553
00:00:00.763	1.217582	1.324542	1.306227
00:00:00.763	1.257143	1.321612	1.306227
00:00:00.763	1.295971	1.320147	1.312088
00:00:00.764	1.340659	1.323810	1.323810
00:00:00.764	1.424908	1.317216	1.325275
00:00:00.796	1.347985	1.321612	1.320879
00:00:00.797	1.277656	1.320147	1.316484
00:00:00.797	1.370696	1.317949	1.351648
00:00:00.797	1.392674	1.315751	1.339194
00:00:00.798	1.254212	1.314286	1.317216
00:00:00.798	1.300366	1.314286	1.311355
00:00:00.798	1.333333	1.312821	1.308425
00:00:00.799	1.305495	1.320879	1.317216
00:00:00.799	1.287912	1.320879	1.315018
00:00:00.799	1.288645	1.321612	1.312088
00:00:00.800	1.283516	1.318681	1.309890
00:00:00.800	1.289377	1.315018	1.307692
00:00:00.800	1.328205	1.326007	1.320879
00:00:00.801	1.359707	1.323810	1.322344
00:00:00.801	1.390476	1.322344	1.323810
00:00:00.802	1.382418	1.315751	1.317949
00:00:00.802	1.280586	1.328205	1.306227
00:00:00.802	1.301832	1.328938	1.312821
00:00:00.803	1.200733	1.328938	1.323077
00:00:00.803	1.199267	1.319414	1.327473
00:00:00.803	1.362637	1.315751	1.350183
00:00:00.804	1.365568	1.318681	1.344322
00:00:00.804	1.268132	1.323077	1.336264
00:00:00.804	1.362637	1.307692	1.304029
00:00:00.805	1.333333	1.323077	1.312821
00:00:00.805	1.315018	1.315751	1.315751
00:00:00.805	1.301099	1.324542	1.314286
00:00:00.806	1.370696	1.325275	1.308425
00:00:00.806	1.326740	1.324542	1.309890
00:00:00.807	1.284249	1.311355	1.304029
00:00:00.807	1.306227	1.323810	1.315018
00:00:00.807	1.303297	1.321612	1.317949
00:00:00.809	1.284982	1.324542	1.331868
00:00:00.809	1.317949	1.323810	1.328938
00:00:00.809	1.320147	1.312088	1.317216
00:00:00.809	1.336264	1.320147	1.318681
00:00:00.809	1.326740	1.318681	1.321612
00:00:00.809	1.297436	1.326740	1.328205
00:00:00.810	1.292308	1.320147	1.320147
00:00:00.810	1.309158	1.315018	1.312088
00:00:00.810	1.338462	1.320879	1.319414
00:00:00.811	1.309890	1.312821	1.313553
00:00:00.811	1.328205	1.327473	1.322344
00:00:00.812	1.319414	1.326007	1.321612
00:00:00.812	1.304029	1.321612	1.311355
00:00:00.812	1.298168	1.315751	1.322344
00:00:00.813	1.312088	1.323077	1.321612
00:00:00.813	1.319414	1.323077	1.326007
00:00:00.813	1.323810	1.324542	1.340659
00:00:00.814	1.320147	1.320879	1.326740
00:00:00.847	1.304029	1.315751	1.315751
00:00:00.847	1.300366	1.320147	1.323810
00:00:00.847	1.312088	1.326007	1.326740
00:00:00.847	1.309158	1.323810	1.317216
00:00:00.847	1.309890	1.322344	1.315018
00:00:00.848	1.315751	1.327473	1.320147
00:00:00.848	1.317949	1.322344	1.309890
00:00:00.848	1.322344	1.318681	1.313553
00:00:00.849	1.364103	1.325275	1.334799
00:00:00.849	1.379487	1.316484	1.328938
00:00:00.849	1.312088	1.323810	1.331868
00:00:00.853	1.267399	1.320147	1.317216
00:00:00.853	1.305495	1.317216	1.298168
00:00:00.853	1.298901	1.327473	1.313553
00:00:00.853	1.277656	1.323810	1.318681
00:00:00.853	1.301832	1.305495	1.309890
00:00:00.853	1.312088	1.312821	1.318681
00:00:00.853	1.315018	1.302564	1.319414
00:00:00.853	1.320879	1.314286	1.328938
00:00:00.853	1.315018	1.323810	1.327473
00:00:00.853	1.330403	1.336264	1.321612
00:00:00.853	1.332601	1.336264	1.323810
00:00:00.854	1.299634	1.320879	1.306960
00:00:00.854	1.283516	1.313553	1.315018
00:00:00.855	1.327473	1.320879	1.321612
00:00:00.855	1.306960	1.315751	1.315751
00:00:00.855	1.309158	1.322344	1.320879
00:00:00.856	1.310623	1.318681	1.316484
00:00:00.856	1.317949	1.314286	1.320147
00:00:00.856	1.328938	1.326740	1.326007
00:00:00.857	1.326007	1.324542	1.323077
00:00:00.857	1.300366	1.321612	1.323810
00:00:00.857	1.298168	1.320147	1.315018
00:00:00.858	1.316484	1.323077	1.323810
00:00:00.858	1.338462	1.323810	1.320879
00:00:00.858	1.340659	1.323077	1.320147
00:00:00.859	1.370696	1.312821	1.312088
00:00:00.859	1.426374	1.319414	1.317216
00:00:00.860	1.380220	1.302564	1.315018
00:00:00.860	1.260073	1.325275	1.323077
00:00:00.860	1.199267	1.317216	1.312088
00:00:00.861	1.068864	1.306960	1.306227
00:00:00.861	1.216117	1.261538	1.326007
00:00:00.861	1.309158	1.261538	1.331868
00:00:00.862	1.373626	1.296703	1.339194
00:00:00.862	1.394139	1.314286	1.333333
00:00:00.862	1.315018	1.333333	1.291575
00:00:00.863	1.315751	1.357509	1.266667
00:00:00.863	1.335531	1.386081	1.267399
00:00:00.863	1.400733	1.413919	1.323810
00:00:00.896	1.357509	1.375092	1.315018
00:00:00.896	1.315751	1.317949	1.326740
00:00:00.896	1.303297	1.298168	1.345055
00:00:00.897	1.320147	1.304762	1.339194
00:00:00.897	1.314286	1.305495	1.345055
00:00:00.897	1.304029	1.301099	1.331868
00:00:00.898	1.319414	1.296703	1.306227
00:00:00.898	1.306227	1.316484	1.310623
00:00:00.899	1.360440	1.316484	1.317949
00:00:00.899	1.347253	1.309890	1.316484
00:00:00.899	1.312088	1.308425	1.315751
00:00:00.900	1.252747	1.311355	1.327473
00:00:00.900	1.263736	1.315751	1.328938
00:00:00.900	1.254945	1.317216	1.318681
00:00:00.901	1.282784	1.318681	1.329670
00:00:00.901	1.308425	1.312821	1.334799
00:00:00.901	1.299634	1.309890	1.311355
00:00:00.902	1.337729	1.323810	1.315751
00:00:00.902	1.308425	1.325275	1.311355
00:00:00.902	1.282784	1.315751	1.299634
00:00:00.903	1.369963	1.317216	1.320147
00:00:00.903	1.310623	1.314286	1.312088
00:00:00.904	1.282784	1.320147	1.320879
00:00:00.904	1.533333	1.335531	1.328205
00:00:00.904	1.307692	1.322344	1.310623
00:00:00.905	1.276190	1.317949	1.315018
00:00:00.905	1.215385	1.308425	1.304029
00:00:00.905	1.323077	1.324542	1.339194
00:00:00.906	1.336996	1.324542	1.326740
00:00:00.906	1.315018	1.327473	1.323077
00:00:00.906	1.293040	1.309158	1.315018
00:00:00.907	1.302564	1.313553	1.319414
00:00:00.907	1.287179	1.315751	1.307692
00:00:00.907	1.292308	1.306960	1.300366
00:00:00.909	1.300366	1.307692	1.314286
00:00:00.909	1.304762	1.315018	1.326740
00:00:00.909	1.321612	1.320147	1.320879
00:00:00.909	1.319414	1.320147	1.320147
00:00:00.911	1.295971	1.317216	1.297436
00:00:00.911	1.300366	1.312821	1.292308
00:00:00.911	1.308425	1.317949	1.318681
00:00:00.911	1.315018	1.323077	1.326007
00:00:00.911	1.312088	1.328205	1.317949
00:00:00.911	1.309158	1.322344	1.304762
00:00:00.911	1.300366	1.313553	1.311355
00:00:00.912	1.326007	1.328205	1.330403
00:00:00.912	1.339927	1.324542	1.327473
00:00:00.912	1.346520	1.320879	1.326007
00:00:00.917	1.326740	1.312088	1.317216
00:00:00.917	1.303297	1.313553	1.320879
00:00:00.945	1.294505	1.326007	1.330403
00:00:00.949	1.303297	1.323077	1.323077
00:00:00.949	1.293040	1.310623	1.309158
00:00:00.949	1.320147	1.321612	1.323810
00:00:00.949	1.319414	1.314286	1.312088
00:00:00.949	1.323810	1.318681	1.320147
00:00:00.949	1.322344	1.325275	1.316484
00:00:00.949	1.310623	1.332601	1.321612
00:00:00.949	1.302564	1.329670	1.322344
00:00:00.949	1.299634	1.329670	1.320879
00:00:00.949	1.310623	1.332601	1.328938
00:00:00.949	1.325275	1.312088	1.317949
00:00:00.950	1.334799	1.291575	1.320879
00:00:00.950	1.347253	1.279853	1.311355
00:00:00.950	1.350183	1.291575	1.323810
00:00:00.951	1.323077	1.309890	1.322344
00:00:00.951	1.277656	1.312821	1.320147
00:00:00.952	1.261538	1.328205	1.315751
00:00:00.952	1.335531	1.337729	1.323810
00:00:00.952	1.373626	1.332601	1.319414
00:00:00.953	1.354579	1.320147	1.315751
00:00:00.953	1.330403	1.327473	1.323810
00:00:00.953	1.293040	1.318681	1.316484
00:00:00.954	1.222711	1.320147	1.312821
00:00:00.954	1.181685	1.320147	1.315751
00:00:00.954	1.225641	1.322344	1.314286
00:00:00.955	1.319414	1.321612	1.319414
00:00:00.955	1.333333	1.322344	1.317949
00:00:00.955	1.334066	1.320147	1.316484
00:00:00.956	1.321612	1.321612	1.312088
00:00:00.956	1.312821	1.319414	1.315751
00:00:00.957	1.293773	1.317949	1.311355
00:00:00.957	1.298901	1.310623	1.320147
00:00:00.957	1.304029	1.317949	1.326740
00:00:00.958	1.318681	1.330403	1.328938
00:00:00.958	1.345055	1.322344	1.333333
00:00:00.958	1.375092	1.316484	1.340659
00:00:00.959	1.369963	1.326007	1.340659
00:00:00.959	1.342125	1.312821	1.323077
00:00:00.959	1.320879	1.320879	1.321612
00:00:00.960	1.257143	1.312088	1.320879
00:00:00.960	1.210256	1.260073	1.317216
00:00:00.960	1.241758	1.262271	1.310623
00:00:00.961	1.372161	1.304029	1.331868
00:00:00.961	1.536996	1.337729	1.337729
00:00:00.962	1.295238	1.337729	1.317949
00:00:00.962	1.310623	1.361172	1.316484
00:00:00.962	1.347253	1.405128	1.311355
00:00:00.963	1.300366	1.410256	1.307692
00:00:00.963	1.323077	1.358974	1.298901
