timestamp	ch1	ch2	ch3
00:00:00.000	1.328938	1.324542	1.388278
00:00:00.000	1.287179	1.312088	1.297436
00:00:00.001	1.247619	1.290110	1.252015
00:00:00.001	1.257143	1.294505	1.186081
00:00:00.001	1.284249	1.309158	1.226374
00:00:00.002	1.317949	1.320147	1.286447
00:00:00.002	1.367766	1.337729	1.388278
00:00:00.002	1.414652	1.354579	1.484982
00:00:00.003	1.429304	1.347253	1.484982
00:00:00.003	1.413187	1.351648	1.405128
00:00:00.004	1.369963	1.356044	1.426374
00:00:00.004	1.339927	1.344322	1.382418
00:00:00.004	1.287912	1.327473	1.289377
00:00:00.005	1.266667	1.306227	1.265201
00:00:00.005	1.276190	1.307692	1.268132
00:00:00.005	1.275458	1.307692	1.276190
00:00:00.006	1.276190	1.302564	1.284249
00:00:00.006	1.314286	1.312821	1.328938
00:00:00.006	1.318681	1.308425	1.345055
00:00:00.007	1.320879	1.317216	1.336996
00:00:00.007	1.324542	1.321612	1.302564
00:00:00.007	1.324542	1.308425	1.276923
00:00:00.008	1.306227	1.312821	1.298901
00:00:00.008	1.309158	1.315751	1.305495
00:00:00.009	1.271795	1.327473	1.321612
00:00:00.041	1.267399	1.320879	1.336264
00:00:00.041	1.309890	1.311355	1.325275
00:00:00.041	1.338462	1.322344	1.323077
00:00:00.042	1.319414	1.323810	1.317949
00:00:00.042	1.294505	1.317949	1.310623
00:00:00.043	1.272527	1.318681	1.318681
00:00:00.043	1.282051	1.308425	1.323810
00:00:00.043	1.270330	1.309158	1.319414
00:00:00.044	1.310623	1.324542	1.326007
00:00:00.044	1.342857	1.326007	1.321612
00:00:00.044	1.364103	1.318681	1.308425
00:00:00.045	1.404396	1.320879	1.311355
00:00:00.045	1.373626	1.315018	1.307692
00:00:00.045	1.224908	1.320879	1.309158
00:00:00.046	1.206593	1.323810	1.314286
00:00:00.046	1.291575	1.319414	1.310623
00:00:00.047	1.305495	1.322344	1.320147
00:00:00.047	1.326007	1.328205	1.326007
00:00:00.047	1.322344	1.327473	1.314286
00:00:00.048	1.322344	1.320879	1.309158
00:00:00.048	1.313553	1.315018	1.320879
00:00:00.048	1.334799	1.325275	1.323810
00:00:00.051	1.339194	1.321612	1.339927
00:00:00.051	1.338462	1.326740	1.353846
00:00:00.051	1.304029	1.309158	1.313553
00:00:00.051	1.315018	1.322344	1.320879
00:00:00.051	1.315018	1.322344	1.320879
00:00:00.051	1.288645	1.308425	1.311355
00:00:00.051	1.305495	1.321612	1.317949
00:00:00.051	1.317949	1.323810	1.326740
00:00:00.053	1.325275	1.317216	1.334066
00:00:00.053	1.326740	1.320879	1.317216
00:00:00.053	1.314286	1.309158	1.285714
00:00:00.053	1.347253	1.321612	1.303297
00:00:00.053	1.346520	1.319414	1.306227
00:00:00.053	1.279121	1.317949	1.300366
00:00:00.057	1.256410	1.309890	1.298168
00:00:00.057	1.241758	1.323077	1.355311
00:00:00.057	1.295971	1.329670	1.370696
00:00:00.057	1.306960	1.316484	1.340659
00:00:00.057	1.279121	1.314286	1.265934
00:00:00.057	1.295971	1.323810	1.217582
00:00:00.057	1.319414	1.318681	1.272527
00:00:00.057	1.327473	1.305495	1.340659
00:00:00.057	1.350183	1.315018	1.379487
00:00:00.057	1.395604	1.319414	1.326740
00:00:00.057	1.412454	1.316484	1.361172
00:00:00.058	1.411722	1.331136	1.451282
00:00:00.058	1.342857	1.331868	1.375824
00:00:00.058	1.285714	1.328205	1.294505
00:00:00.091	1.295238	1.320879	1.273260
00:00:00.091	1.323810	1.316484	1.276923
00:00:00.091	1.328205	1.312821	1.285714
00:00:00.092	1.360440	1.324542	1.304029
00:00:00.092	1.306227	1.317949	1.305495
00:00:00.092	1.237363	1.313553	1.380952
00:00:00.093	1.260806	1.313553	1.375092
00:00:00.093	1.268864	1.328205	1.319414
00:00:00.093	1.276923	1.320879	1.276923
00:00:00.094	1.276923	1.308425	1.246886
00:00:00.094	1.310623	1.322344	1.268132
00:00:00.094	1.346520	1.318681	1.279121
00:00:00.095	1.336264	1.313553	1.320147
00:00:00.095	1.312821	1.310623	1.328938
00:00:00.096	1.323810	1.325275	1.342125
00:00:00.097	1.335531	1.325275	1.336264
00:00:00.097	1.335531	1.329670	1.405861
00:00:00.097	1.331136	1.323810	1.412454
00:00:00.097	1.297436	1.318681	1.350916
00:00:00.097	1.320879	1.326007	1.334799
00:00:00.098	1.317949	1.321612	1.299634
00:00:00.098	1.302564	1.321612	1.278388
00:00:00.098	1.298901	1.309890	1.282784
00:00:00.099	1.304762	1.317216	1.304762
00:00:00.099	1.309890	1.323077	1.309158
00:00:00.099	1.315018	1.323810	1.312821
00:00:00.100	1.298168	1.313553	1.313553
00:00:00.100	1.297436	1.320879	1.317216
00:00:00.101	1.298168	1.324542	1.321612
00:00:00.101	1.299634	1.317949	1.312088
00:00:00.101	1.300366	1.315018	1.320879
00:00:00.102	1.317216	1.322344	1.323810
00:00:00.102	1.323077	1.311355	1.325275
00:00:00.102	1.294505	1.311355	1.309890
00:00:00.103	1.287179	1.308425	1.313553
00:00:00.103	1.328205	1.321612	1.323810
00:00:00.103	1.323810	1.325275	1.320879
00:00:00.104	1.315018	1.324542	1.320879
00:00:00.104	1.300366	1.322344	1.312821
00:00:00.105	1.312088	1.326007	1.323077
00:00:00.105	1.336264	1.331868	1.326740
00:00:00.105	1.342125	1.331136	1.326007
00:00:00.106	1.336264	1.323077	1.316484
00:00:00.106	1.327473	1.312088	1.320147
00:00:00.106	1.319414	1.323077	1.326740
00:00:00.107	1.309890	1.320879	1.318681
00:00:00.107	1.291575	1.312088	1.314286
00:00:00.107	1.291575	1.319414	1.317216
00:00:00.108	1.273260	1.315751	1.317949
00:00:00.108	1.295238	1.317949	1.319414
00:00:00.140	1.316484	1.319414	1.322344
00:00:00.141	1.328205	1.319414	1.318681
00:00:00.141	1.341392	1.320147	1.323810
00:00:00.141	1.342125	1.309890	1.323810
00:00:00.142	1.345055	1.260073	1.321612
00:00:00.142	1.370696	1.265201	1.321612
00:00:00.142	1.394872	1.284982	1.315751
00:00:00.143	1.309890	1.306960	1.305495
00:00:00.143	1.153846	1.339194	1.312088
00:00:00.144	1.194139	1.343590	1.310623
00:00:00.144	1.272527	1.382418	1.323810
00:00:00.144	1.309890	1.400000	1.308425
00:00:00.148	1.348718	1.401465	1.336264
00:00:00.148	1.335531	1.357509	1.315751
00:00:00.148	1.309158	1.304762	1.304762
00:00:00.148	1.297436	1.294505	1.312821
00:00:00.148	1.312088	1.300366	1.328205
00:00:00.148	1.321612	1.299634	1.340659
00:00:00.148	1.309158	1.298901	1.333333
00:00:00.148	1.328205	1.313553	1.309890
00:00:00.148	1.353114	1.314286	1.314286
00:00:00.149	1.328938	1.308425	1.333333
00:00:00.149	1.327473	1.312088	1.323810
00:00:00.149	1.313553	1.312821	1.315751
00:00:00.149	1.296703	1.317216	1.316484
00:00:00.149	1.299634	1.320879	1.309158
00:00:00.154	1.302564	1.312088	1.309158
00:00:00.154	1.331868	1.323810	1.323077
00:00:00.154	1.333333	1.323810	1.345055
00:00:00.154	1.328205	1.317216	1.312821
00:00:00.154	1.331136	1.317216	1.323077
00:00:00.154	1.325275	1.318681	1.339194
00:00:00.154	1.306227	1.320879	1.356044
00:00:00.154	1.305495	1.315018	1.327473
00:00:00.154	1.290842	1.309890	1.293773
00:00:00.154	1.288645	1.321612	1.297436
00:00:00.154	1.290110	1.317216	1.295238
00:00:00.154	1.305495	1.315751	1.316484
00:00:00.154	1.325275	1.312821	1.317216
00:00:00.154	1.323810	1.319414	1.303297
00:00:00.156	1.326007	1.324542	1.311355
00:00:00.156	1.321612	1.323810	1.297436
00:00:00.156	1.296703	1.306960	1.276923
00:00:00.156	1.305495	1.321612	1.283516
00:00:00.156	1.320147	1.328938	1.342125
00:00:00.156	1.334066	1.326740	1.401465
00:00:00.157	1.320879	1.319414	1.364103
00:00:00.157	1.301832	1.312088	1.318681
00:00:00.158	1.306227	1.322344	1.315018
00:00:00.158	1.312821	1.320879	1.295238
00:00:00.190	1.320879	1.311355	1.296703
00:00:00.190	1.326740	1.313553	1.301832
00:00:00.191	1.272527	1.310623	1.290110
00:00:00.191	1.290842	1.323810	1.315751
00:00:00.192	1.293773	1.317949	1.334066
00:00:00.192	1.290110	1.314286	1.326007
00:00:00.192	1.313553	1.321612	1.320879
00:00:00.193	1.327473	1.326007	1.321612
00:00:00.193	1.334066	1.312088	1.297436
00:00:00.193	1.338462	1.318681	1.329670
00:00:00.194	1.334066	1.312821	1.317216
00:00:00.194	1.307692	1.307692	1.299634
00:00:00.194	1.317216	1.304762	1.290842
00:00:00.195	1.351648	1.328938	1.341392
00:00:00.195	1.348718	1.320879	1.373626
00:00:00.195	1.348718	1.330403	1.366300
00:00:00.196	1.304762	1.323810	1.331868
00:00:00.196	1.304762	1.320879	1.328938
00:00:00.197	1.301099	1.316484	1.319414
00:00:00.197	1.281319	1.315751	1.307692
00:00:00.197	1.309158	1.328205	1.317949
00:00:00.198	1.291575	1.312088	1.309158
00:00:00.198	1.306227	1.321612	1.320147
00:00:00.198	1.309890	1.320879	1.320879
00:00:00.199	1.316484	1.323077	1.323810
00:00:00.199	1.314286	1.314286	1.304762
00:00:00.199	1.310623	1.308425	1.305495
00:00:00.200	1.293773	1.317949	1.297436
00:00:00.200	1.308425	1.326007	1.302564
00:00:00.201	1.295238	1.315751	1.311355
00:00:00.201	1.305495	1.317949	1.317216
00:00:00.201	1.302564	1.309158	1.316484
00:00:00.202	1.302564	1.320147	1.318681
00:00:00.202	1.326740	1.327473	1.334066
00:00:00.202	1.319414	1.320147	1.356044
00:00:00.203	1.299634	1.317216	1.335531
00:00:00.203	1.294505	1.323810	1.332601
00:00:00.203	1.293040	1.318681	1.323077
00:00:00.204	1.290842	1.319414	1.302564
00:00:00.204	1.318681	1.311355	1.304762
00:00:00.204	1.323810	1.322344	1.306227
00:00:00.205	1.345055	1.313553	1.278388
00:00:00.205	1.347985	1.323810	1.313553
00:00:00.205	1.312821	1.323077	1.326007
00:00:00.206	1.320147	1.322344	1.343590
00:00:00.206	1.322344	1.326007	1.350183
00:00:00.207	1.301099	1.317949	1.319414
00:00:00.207	1.300366	1.327473	1.326740
00:00:00.207	1.298168	1.319414	1.317949
00:00:00.208	1.322344	1.314286	1.331136
00:00:00.240	1.312088	1.312821	1.323810
00:00:00.240	1.321612	1.313553	1.315751
00:00:00.242	1.348718	1.326740	1.335531
00:00:00.242	1.321612	1.311355	1.320879
00:00:00.242	1.303297	1.313553	1.300366
00:00:00.244	1.292308	1.312088	1.305495
00:00:00.244	1.315018	1.322344	1.315018
00:00:00.244	1.315018	1.321612	1.326007
00:00:00.244	1.310623	1.314286	1.315751
00:00:00.244	1.315018	1.325275	1.316484
00:00:00.244	1.304762	1.325275	1.312088
00:00:00.245	1.299634	1.310623	1.300366
00:00:00.245	1.290110	1.315751	1.320879
00:00:00.245	1.298901	1.312821	1.315751
00:00:00.245	1.315751	1.326007	1.328205
00:00:00.245	1.290842	1.324542	1.336264
00:00:00.249	1.295238	1.326740	1.332601
00:00:00.249	1.306227	1.314286	1.315018
00:00:00.249	1.317216	1.312088	1.290842
00:00:00.249	1.327473	1.326007	1.291575
00:00:00.249	1.320147	1.314286	1.274725
00:00:00.249	1.312088	1.314286	1.292308
00:00:00.249	1.335531	1.313553	1.306227
00:00:00.249	1.341392	1.315751	1.344322
00:00:00.249	1.351648	1.324542	1.352381
00:00:00.249	1.323810	1.314286	1.367766
00:00:00.249	1.326007	1.326740	1.406593
00:00:00.250	1.287179	1.323810	1.359707
00:00:00.250	1.258608	1.312088	1.307692
00:00:00.250	1.279121	1.323810	1.313553
00:00:00.251	1.296703	1.325275	1.308425
00:00:00.251	1.306960	1.315751	1.304029
00:00:00.251	1.293040	1.312088	1.309890
00:00:00.252	1.295238	1.319414	1.308425
00:00:00.252	1.311355	1.326740	1.315751
00:00:00.252	1.315751	1.308425	1.306227
00:00:00.253	1.328938	1.321612	1.315751
00:00:00.253	1.320147	1.323810	1.320879
00:00:00.253	1.322344	1.320879	1.308425
00:00:00.254	1.347253	1.326007	1.319414
00:00:00.254	1.331136	1.320879	1.312088
00:00:00.255	1.337729	1.324542	1.317216
00:00:00.255	1.327473	1.320147	1.321612
00:00:00.255	1.331868	1.320879	1.327473
00:00:00.256	1.314286	1.312821	1.311355
00:00:00.256	1.297436	1.317216	1.323810
00:00:00.256	1.312088	1.327473	1.321612
00:00:00.257	1.320147	1.315018	1.305495
00:00:00.257	1.314286	1.327473	1.328205
00:00:00.257	1.316484	1.323810	1.326007
00:00:00.290	1.323810	1.326007	1.323810
00:00:00.290	1.329670	1.311355	1.323810
00:00:00.290	1.383883	1.311355	1.332601
00:00:00.291	1.341392	1.302564	1.320879
00:00:00.291	1.150916	1.312821	1.290842
00:00:00.291	1.183150	1.315751	1.309158
00:00:00.292	1.327473	1.328938	1.315018
00:00:00.292	1.380952	1.329670	1.326740
00:00:00.292	1.364835	1.330403	1.322344
00:00:00.293	1.346520	1.331868	1.328938
00:00:00.293	1.324542	1.330403	1.322344
00:00:00.294	1.285714	1.325275	1.336264
00:00:00.294	1.271062	1.315751	1.322344
00:00:00.294	1.267399	1.315018	1.316484
00:00:00.295	1.301832	1.321612	1.322344
00:00:00.295	1.336996	1.321612	1.332601
00:00:00.295	1.342857	1.319414	1.328938
00:00:00.296	1.317216	1.312088	1.320879
00:00:00.296	1.326740	1.327473	1.321612
00:00:00.296	1.317949	1.324542	1.319414
00:00:00.297	1.315751	1.312821	1.312821
00:00:00.297	1.315018	1.314286	1.306960
00:00:00.298	1.313553	1.323810	1.321612
00:00:00.298	1.320147	1.323810	1.321612
00:00:00.298	1.323077	1.319414	1.318681
00:00:00.299	1.304762	1.311355	1.313553
00:00:00.299	1.306227	1.313553	1.315018
00:00:00.299	1.318681	1.324542	1.330403
00:00:00.300	1.313553	1.318681	1.335531
00:00:00.300	1.313553	1.320147	1.329670
00:00:00.300	1.305495	1.321612	1.306960
00:00:00.301	1.317949	1.324542	1.288645
00:00:00.301	1.312088	1.316484	1.290842
00:00:00.302	1.320879	1.313553	1.303297
00:00:00.302	1.322344	1.320147	1.331136
00:00:00.302	1.316484	1.321612	1.323077
00:00:00.303	1.298168	1.316484	1.323810
00:00:00.303	1.308425	1.315751	1.367766
00:00:00.303	1.326007	1.324542	1.365568
00:00:00.304	1.316484	1.326007	1.336996
00:00:00.304	1.296703	1.317216	1.302564
00:00:00.304	1.281319	1.314286	1.281319
00:00:00.307	1.291575	1.323077	1.285714
00:00:00.307	1.303297	1.322344	1.265934
00:00:00.307	1.312088	1.313553	1.269597
00:00:00.307	1.322344	1.309158	1.308425
00:00:00.307	1.372894	1.326007	1.366300
00:00:00.307	1.374359	1.323077	1.399267
00:00:00.309	1.319414	1.310623	1.365568
00:00:00.309	1.265934	1.317949	1.320147
00:00:00.341	1.284249	1.323077	1.298168
00:00:00.341	1.315751	1.323077	1.318681
00:00:00.341	1.313553	1.323810	1.323810
00:00:00.341	1.320147	1.322344	1.323077
00:00:00.341	1.334799	1.317949	1.333333
00:00:00.341	1.350183	1.311355	1.327473
00:00:00.345	1.360440	1.317949	1.312821
00:00:00.345	1.332601	1.316484	1.282051
00:00:00.345	1.306960	1.314286	1.276923
00:00:00.345	1.286447	1.317949	1.298168
00:00:00.345	1.275458	1.320147	1.292308
00:00:00.345	1.264469	1.312821	1.304029
00:00:00.345	1.276923	1.319414	1.327473
00:00:00.345	1.282784	1.318681	1.307692
00:00:00.345	1.281319	1.317949	1.323810
00:00:00.345	1.286447	1.320147	1.323810
00:00:00.345	1.345788	1.315018	1.344322
00:00:00.346	1.345788	1.315018	1.323810
00:00:00.346	1.367766	1.326007	1.366300
00:00:00.346	1.361172	1.323810	1.409524
00:00:00.347	1.337729	1.322344	1.363370
00:00:00.347	1.317949	1.323077	1.304762
00:00:00.347	1.302564	1.314286	1.279121
00:00:00.348	1.303297	1.310623	1.284982
00:00:00.348	1.312821	1.321612	1.312821
00:00:00.348	1.297436	1.315751	1.303297
00:00:00.349	1.294505	1.312088	1.293773
00:00:00.349	1.342857	1.323077	1.320147
00:00:00.349	1.340659	1.325275	1.320879
00:00:00.350	1.324542	1.312821	1.306960
00:00:00.350	1.317216	1.320147	1.319414
00:00:00.351	1.295238	1.316484	1.312821
00:00:00.351	1.279853	1.324542	1.323077
00:00:00.351	1.261538	1.320879	1.315751
00:00:00.352	1.255678	1.312821	1.302564
00:00:00.352	1.307692	1.323077	1.341392
00:00:00.352	1.316484	1.326740	1.321612
00:00:00.353	1.304029	1.321612	1.311355
00:00:00.353	1.308425	1.320879	1.309890
00:00:00.353	1.315751	1.315751	1.322344
00:00:00.354	1.312821	1.306227	1.317216
00:00:00.354	1.319414	1.312821	1.320879
00:00:00.354	1.332601	1.325275	1.341392
00:00:00.355	1.324542	1.318681	1.323810
00:00:00.355	1.310623	1.314286	1.322344
00:00:00.356	1.315751	1.319414	1.312821
00:00:00.356	1.317216	1.326740	1.323810
00:00:00.356	1.324542	1.318681	1.323810
00:00:00.357	1.313553	1.305495	1.316484
00:00:00.358	1.317949	1.321612	1.322344
00:00:00.389	1.328205	1.320879	1.323810
00:00:00.390	1.317216	1.319414	1.314286
00:00:00.390	1.306960	1.328205	1.321612
00:00:00.390	1.300366	1.318681	1.308425
00:00:00.391	1.306960	1.316484	1.314286
00:00:00.391	1.312088	1.330403	1.320879
00:00:00.391	1.280586	1.316484	1.307692
00:00:00.392	1.293040	1.317216	1.304762
00:00:00.392	1.314286	1.317949	1.319414
00:00:00.392	1.316484	1.268132	1.307692
00:00:00.393	1.339194	1.260806	1.325275
00:00:00.393	1.336996	1.269597	1.313553
00:00:00.393	1.338462	1.305495	1.329670
00:00:00.394	1.321612	1.321612	1.317949
00:00:00.394	1.320147	1.343590	1.329670
00:00:00.395	1.290842	1.361905	1.315018
00:00:00.395	1.290842	1.409524	1.315018
00:00:00.395	1.328205	1.413919	1.319414
00:00:00.396	1.359707	1.373626	1.315751
00:00:00.396	1.391941	1.320879	1.317949
00:00:00.396	1.298901	1.292308	1.317949
00:00:00.397	1.171429	1.294505	1.308425
00:00:00.397	1.265201	1.295238	1.305495
00:00:00.397	1.295238	1.293040	1.311355
00:00:00.398	1.309890	1.298168	1.307692
00:00:00.398	1.331868	1.306227	1.315018
00:00:00.399	1.304029	1.304762	1.316484
00:00:00.399	1.318681	1.312088	1.338462
00:00:00.399	1.321612	1.315018	1.350183
00:00:00.400	1.329670	1.320147	1.333333
00:00:00.400	1.317949	1.310623	1.306227
00:00:00.400	1.323810	1.321612	1.315018
00:00:00.402	1.320879	1.320879	1.315751
00:00:00.402	1.317949	1.311355	1.323810
00:00:00.402	1.307692	1.308425	1.323077
00:00:00.405	1.306227	1.317216	1.328205
00:00:00.405	1.315018	1.321612	1.327473
00:00:00.405	1.317216	1.323077	1.330403
00:00:00.405	1.305495	1.322344	1.318681
00:00:00.405	1.300366	1.311355	1.295238
00:00:00.405	1.313553	1.320879	1.319414
00:00:00.405	1.300366	1.313553	1.322344
00:00:00.405	1.287912	1.304762	1.309158
00:00:00.405	1.295238	1.322344	1.312821
00:00:00.405	1.300366	1.321612	1.309890
00:00:00.405	1.312821	1.320147	1.313553
00:00:00.409	1.328205	1.318681	1.341392
00:00:00.409	1.345055	1.317216	1.323077
00:00:00.409	1.329670	1.316484	1.316484
00:00:00.409	1.354579	1.325275	1.320879
00:00:00.441	1.344322	1.337729	1.332601
00:00:00.441	1.308425	1.331868	1.330403
00:00:00.441	1.271062	1.315018	1.295238
00:00:00.441	1.275458	1.319414	1.289377
00:00:00.441	1.285714	1.309890	1.295971
00:00:00.441	1.320147	1.319414	1.316484
00:00:00.442	1.345788	1.323810	1.323810
00:00:00.442	1.336264	1.312821	1.307692
00:00:00.442	1.327473	1.313553	1.330403
00:00:00.442	1.328205	1.317949	1.323077
00:00:00.443	1.290110	1.302564	1.280586
00:00:00.443	1.298901	1.323077	1.287179
00:00:00.443	1.295971	1.322344	1.312088
00:00:00.444	1.315018	1.311355	1.337729
00:00:00.444	1.348718	1.326007	1.384615
00:00:00.444	1.347253	1.327473	1.337729
00:00:00.445	1.315018	1.326740	1.311355
00:00:00.445	1.293773	1.330403	1.314286
00:00:00.445	1.243223	1.323077	1.295971
00:00:00.446	1.271795	1.317949	1.345055
00:00:00.446	1.323810	1.313553	1.390476
00:00:00.446	1.315018	1.308425	1.339194
00:00:00.447	1.323810	1.328938	1.342125
00:00:00.447	1.367033	1.329670	1.331136
00:00:00.448	1.358974	1.312821	1.314286
00:00:00.448	1.353114	1.322344	1.334066
00:00:00.448	1.311355	1.312821	1.290110
00:00:00.449	1.316484	1.325275	1.288645
00:00:00.449	1.299634	1.312821	1.297436
00:00:00.449	1.336996	1.325275	1.306227
00:00:00.450	1.300366	1.322344	1.306227
00:00:00.450	1.273993	1.323077	1.312088
00:00:00.450	1.285714	1.329670	1.320879
00:00:00.451	1.295971	1.320879	1.304029
00:00:00.451	1.303297	1.320879	1.309158
00:00:00.452	1.294505	1.312088	1.314286
00:00:00.452	1.302564	1.321612	1.302564
00:00:00.452	1.311355	1.323810	1.323810
00:00:00.453	1.328938	1.322344	1.322344
00:00:00.453	1.317949	1.304029	1.306960
00:00:00.453	1.372894	1.331136	1.370696
00:00:00.454	1.341392	1.317216	1.348718
00:00:00.454	1.342125	1.328938	1.342857
00:00:00.454	1.315751	1.313553	1.317216
00:00:00.455	1.271062	1.317949	1.320147
00:00:00.455	1.253480	1.319414	1.312088
00:00:00.455	1.271062	1.318681	1.312088
00:00:00.456	1.291575	1.310623	1.308425
00:00:00.456	1.306227	1.321612	1.314286
00:00:00.457	1.302564	1.314286	1.317949
00:00:00.489	1.306227	1.326740	1.317216
00:00:00.489	1.308425	1.317216	1.308425
00:00:00.489	1.350916	1.326740	1.342125
00:00:00.490	1.337729	1.315018	1.338462
00:00:00.490	1.325275	1.315018	1.320147
00:00:00.491	1.322344	1.326007	1.326740
00:00:00.491	1.295971	1.326007	1.320879
00:00:00.491	1.317216	1.316484	1.312088
00:00:00.492	1.342125	1.308425	1.302564
00:00:00.492	1.401465	1.325275	1.321612
00:00:00.492	1.385348	1.324542	1.320879
00:00:00.493	1.191941	1.320879	1.312088
00:00:00.493	1.215385	1.309890	1.311355
00:00:00.494	1.287179	1.312821	1.313553
00:00:00.494	1.309890	1.318681	1.326007
00:00:00.494	1.319414	1.315751	1.313553
00:00:00.494	1.323810	1.323810	1.320147
00:00:00.495	1.322344	1.324542	1.323810
00:00:00.495	1.326740	1.326740	1.322344
00:00:00.496	1.316484	1.324542	1.320879
00:00:00.496	1.311355	1.322344	1.318681
00:00:00.496	1.319414	1.325275	1.328938
00:00:00.499	1.312821	1.309890	1.316484
00:00:00.499	1.328205	1.324542	1.327473
00:00:00.499	1.328205	1.321612	1.326007
00:00:00.499	1.315751	1.312088	1.318681
00:00:00.499	1.314286	1.312821	1.318681
00:00:00.499	1.315018	1.312821	1.316484
00:00:00.500	1.302564	1.321612	1.322344
00:00:00.500	1.310623	1.323810	1.316484
00:00:00.500	1.304762	1.320147	1.308425
00:00:00.501	1.291575	1.312821	1.314286
00:00:00.501	1.315751	1.326007	1.328938
00:00:00.501	1.307692	1.320147	1.325275
00:00:00.501	1.328205	1.326007	1.312088
00:00:00.501	1.334066	1.319414	1.305495
00:00:00.505	1.338462	1.320147	1.331136
00:00:00.505	1.339927	1.323077	1.345788
00:00:00.505	1.325275	1.320147	1.331868
00:00:00.505	1.318681	1.324542	1.320147
00:00:00.505	1.315018	1.318681	1.311355
00:00:00.505	1.304762	1.317216	1.318681
00:00:00.505	1.304029	1.326007	1.327473
00:00:00.505	1.297436	1.320147	1.323810
00:00:00.505	1.304762	1.320879	1.331136
00:00:00.505	1.283516	1.316484	1.321612
00:00:00.505	1.273260	1.318681	1.298901
00:00:00.506	1.290110	1.320879	1.272527
00:00:00.506	1.315751	1.324542	1.250549
00:00:00.506	1.312088	1.315018	1.227106
00:00:00.538	1.312088	1.308425	1.259341
00:00:00.539	1.326007	1.315751	1.296703
00:00:00.539	1.328205	1.320147	1.390476
00:00:00.540	1.335531	1.308425	1.422711
00:00:00.540	1.372161	1.323810	1.449817
00:00:00.540	1.375092	1.336264	1.434432
00:00:00.541	1.350183	1.338462	1.389011
00:00:00.541	1.331136	1.333333	1.333333
00:00:00.541	1.297436	1.328938	1.291575
00:00:00.542	1.283516	1.328938	1.281319
00:00:00.542	1.324542	1.328205	1.307692
00:00:00.542	1.333333	1.323810	1.347253
00:00:00.543	1.315018	1.313553	1.320147
00:00:00.543	1.301099	1.321612	1.302564
00:00:00.544	1.298901	1.315751	1.299634
00:00:00.544	1.294505	1.315018	1.298901
00:00:00.544	1.312088	1.323810	1.312088
00:00:00.545	1.290842	1.311355	1.296703
00:00:00.545	1.308425	1.323810	1.316484
00:00:00.545	1.315751	1.317949	1.306960
00:00:00.546	1.309890	1.314286	1.302564
00:00:00.546	1.297436	1.311355	1.310623
00:00:00.546	1.308425	1.328205	1.320879
00:00:00.547	1.307692	1.324542	1.314286
00:00:00.547	1.295238	1.311355	1.310623
00:00:00.547	1.311355	1.320147	1.323810
00:00:00.548	1.318681	1.319414	1.318681
00:00:00.548	1.320879	1.315018	1.308425
00:00:00.549	1.325275	1.315018	1.321612
00:00:00.549	1.322344	1.327473	1.328205
00:00:00.549	1.276190	1.322344	1.330403
00:00:00.550	1.249817	1.317949	1.320147
00:00:00.550	1.265934	1.309158	1.313553
00:00:00.550	1.293040	1.320147	1.320147
00:00:00.551	1.353846	1.329670	1.330403
00:00:00.551	1.372894	1.317216	1.308425
00:00:00.551	1.408791	1.314286	1.323810
00:00:00.552	1.390476	1.318681	1.314286
00:00:00.552	1.319414	1.318681	1.312821
00:00:00.552	1.238095	1.316484	1.312088
00:00:00.553	1.269597	1.317949	1.314286
00:00:00.553	1.304762	1.320879	1.319414
00:00:00.554	1.317949	1.317216	1.320879
00:00:00.554	1.317216	1.319414	1.323810
00:00:00.554	1.308425	1.320147	1.310623
00:00:00.555	1.323810	1.329670	1.329670
00:00:00.555	1.306227	1.318681	1.323810
00:00:00.555	1.317949	1.321612	1.323810
00:00:00.556	1.309158	1.320879	1.316484
00:00:00.556	1.312821	1.315751	1.306960
00:00:00.588	1.316484	1.321612	1.321612
00:00:00.589	1.322344	1.322344	1.320147
00:00:00.589	1.317216	1.321612	1.326007
00:00:00.589	1.310623	1.320879	1.315018
00:00:00.590	1.314286	1.326740	1.323077
00:00:00.590	1.321612	1.321612	1.323810
00:00:00.590	1.309890	1.312088	1.317949
00:00:00.591	1.287179	1.305495	1.306227
00:00:00.591	1.305495	1.323077	1.319414
00:00:00.592	1.316484	1.320147	1.316484
00:00:00.592	1.290110	1.315751	1.306227
00:00:00.592	1.306960	1.315018	1.312821
00:00:00.594	1.325275	1.325275	1.327473
00:00:00.594	1.323810	1.321612	1.326007
00:00:00.594	1.322344	1.323077	1.316484
00:00:00.594	1.317216	1.328205	1.323810
00:00:00.595	1.305495	1.320147	1.323077
00:00:00.595	1.315018	1.318681	1.336264
00:00:00.595	1.334799	1.326740	1.320147
00:00:00.595	1.315018	1.317949	1.299634
00:00:00.595	1.312088	1.312821	1.308425
00:00:00.596	1.322344	1.314286	1.309890
00:00:00.596	1.297436	1.314286	1.318681
00:00:00.597	1.303297	1.323810	1.317216
00:00:00.597	1.302564	1.320147	1.329670
00:00:00.601	1.279853	1.315751	1.320879
00:00:00.601	1.323810	1.320147	1.315751
00:00:00.601	1.394139	1.320147	1.312821
00:00:00.601	1.423443	1.306960	1.307692
00:00:00.601	1.292308	1.321612	1.300366
00:00:00.601	1.241026	1.317216	1.309890
00:00:00.601	1.297436	1.315751	1.337729
00:00:00.601	1.295238	1.315751	1.323810
00:00:00.601	1.290110	1.326740	1.314286
00:00:00.601	1.263004	1.309890	1.283516
00:00:00.601	1.284249	1.323810	1.305495
00:00:00.601	1.290110	1.314286	1.287912
00:00:00.602	1.298168	1.324542	1.286447
00:00:00.602	1.279121	1.315018	1.294505
00:00:00.602	1.304762	1.319414	1.284249
00:00:00.603	1.336264	1.326007	1.340659
00:00:00.603	1.334066	1.316484	1.390476
00:00:00.603	1.320879	1.319414	1.343590
00:00:00.604	1.345055	1.328938	1.391941
00:00:00.604	1.386813	1.320147	1.419780
00:00:00.604	1.379487	1.315751	1.403663
00:00:00.605	1.360440	1.328205	1.364103
00:00:00.605	1.331136	1.328205	1.299634
00:00:00.605	1.279853	1.309890	1.276923
00:00:00.606	1.281319	1.323077	1.273993
00:00:00.638	1.298901	1.305495	1.265934
00:00:00.638	1.305495	1.316484	1.286447
00:00:00.639	1.299634	1.309890	1.298901
00:00:00.639	1.316484	1.315018	1.308425
00:00:00.639	1.301832	1.320879	1.304029
00:00:00.640	1.292308	1.321612	1.304762
00:00:00.640	1.274725	1.316484	1.314286
00:00:00.641	1.284982	1.320147	1.328938
00:00:00.641	1.309890	1.317949	1.317216
00:00:00.641	1.311355	1.314286	1.309158
00:00:00.642	1.306227	1.317949	1.315018
00:00:00.642	1.308425	1.310623	1.304762
00:00:00.642	1.336264	1.312088	1.320879
00:00:00.643	1.314286	1.308425	1.305495
00:00:00.643	1.297436	1.317949	1.298901
00:00:00.643	1.326007	1.332601	1.332601
00:00:00.644	1.318681	1.311355	1.332601
00:00:00.644	1.303297	1.310623	1.317949
00:00:00.645	1.298901	1.314286	1.305495
00:00:00.645	1.313553	1.318681	1.322344
00:00:00.645	1.308425	1.312088	1.317216
00:00:00.646	1.295238	1.306227	1.322344
00:00:00.646	1.311355	1.317949	1.326007
00:00:00.646	1.315018	1.321612	1.310623
00:00:00.647	1.312088	1.329670	1.327473
00:00:00.647	1.304762	1.331868	1.321612
00:00:00.647	1.326740	1.325275	1.322344
00:00:00.648	1.334066	1.313553	1.315751
00:00:00.648	1.323810	1.309158	1.320147
00:00:00.648	1.335531	1.336264	1.337729
00:00:00.649	1.314286	1.328205	1.320879
00:00:00.649	1.312088	1.317216	1.316484
00:00:00.650	1.312088	1.269597	1.316484
00:00:00.650	1.326740	1.268864	1.326007
00:00:00.651	1.327473	1.290842	1.328938
00:00:00.651	1.301832	1.315751	1.321612
00:00:00.651	1.297436	1.317216	1.314286
00:00:00.651	1.308425	1.341392	1.318681
00:00:00.652	1.323810	1.388278	1.323077
00:00:00.652	1.309890	1.395604	1.309158
00:00:00.652	1.316484	1.396337	1.313553
00:00:00.653	1.323077	1.358974	1.310623
00:00:00.653	1.298901	1.302564	1.322344
00:00:00.653	1.275458	1.292308	1.321612
00:00:00.654	1.276923	1.305495	1.323810
00:00:00.654	1.309890	1.305495	1.323077
00:00:00.655	1.307692	1.297436	1.314286
00:00:00.655	1.326740	1.309890	1.322344
00:00:00.655	1.328938	1.304762	1.312088
00:00:00.657	1.335531	1.316484	1.331136
00:00:00.688	1.308425	1.306227	1.318681
00:00:00.688	1.308425	1.320147	1.323077
00:00:00.690	1.312088	1.309158	1.304029
00:00:00.690	1.311355	1.322344	1.323810
00:00:00.690	1.302564	1.309890	1.301832
00:00:00.692	1.326740	1.322344	1.323810
00:00:00.692	1.329670	1.317216	1.320147
00:00:00.692	1.312821	1.316484	1.310623
00:00:00.692	1.304762	1.320147	1.315751
00:00:00.692	1.306227	1.323077	1.309158
00:00:00.692	1.317216	1.323810	1.323810
00:00:00.693	1.328205	1.319414	1.313553
00:00:00.693	1.343590	1.315018	1.323810
00:00:00.693	1.389744	1.325275	1.332601
00:00:00.693	1.362637	1.312088	1.312088
00:00:00.693	1.194872	1.316484	1.307692
00:00:00.697	1.254945	1.316484	1.307692
00:00:00.697	1.317216	1.326740	1.328938
00:00:00.697	1.321612	1.319414	1.311355
00:00:00.697	1.312821	1.326740	1.306960
00:00:00.697	1.310623	1.327473	1.317216
00:00:00.697	1.315018	1.323810	1.326007
00:00:00.697	1.306227	1.312821	1.309158
00:00:00.697	1.299634	1.316484	1.315751
00:00:00.697	1.309158	1.317949	1.315751
00:00:00.697	1.326740	1.320147	1.316484
00:00:00.697	1.336996	1.317949	1.320879
00:00:00.698	1.323810	1.314286	1.290842
00:00:00.698	1.330403	1.323810	1.313553
00:00:00.698	1.320879	1.320879	1.320879
00:00:00.699	1.302564	1.324542	1.312821
00:00:00.699	1.302564	1.323810	1.307692
00:00:00.699	1.306960	1.315018	1.303297
00:00:00.700	1.320147	1.318681	1.362637
00:00:00.700	1.358242	1.325275	1.382418
00:00:00.700	1.366300	1.315751	1.369963
00:00:00.701	1.347253	1.319414	1.370696
00:00:00.701	1.311355	1.326007	1.326740
00:00:00.701	1.273993	1.316484	1.300366
00:00:00.702	1.252015	1.318681	1.304029
00:00:00.702	1.288645	1.313553	1.304762
00:00:00.703	1.304029	1.327473	1.317949
00:00:00.703	1.282051	1.326007	1.304762
00:00:00.703	1.283516	1.321612	1.300366
00:00:00.704	1.302564	1.323077	1.317216
00:00:00.704	1.306227	1.318681	1.300366
00:00:00.704	1.336996	1.319414	1.307692
00:00:00.705	1.353846	1.318681	1.308425
00:00:00.705	1.290842	1.313553	1.302564
00:00:00.705	1.288645	1.319414	1.301832
00:00:00.738	1.305495	1.324542	1.320147
00:00:00.738	1.316484	1.311355	1.314286
00:00:00.738	1.353846	1.317216	1.365568
00:00:00.739	1.342857	1.312821	1.343590
00:00:00.739	1.370696	1.321612	1.335531
00:00:00.739	1.378022	1.322344	1.323810
00:00:00.740	1.352381	1.317216	1.318681
00:00:00.740	1.291575	1.306960	1.297436
00:00:00.740	1.296703	1.321612	1.318681
00:00:00.741	1.279121	1.328938	1.311355
00:00:00.741	1.273993	1.323077	1.287179
00:00:00.742	1.285714	1.310623	1.327473
00:00:00.742	1.300366	1.323810	1.345055
00:00:00.742	1.328205	1.320147	1.334799
00:00:00.743	1.340659	1.314286	1.323810
00:00:00.743	1.345788	1.327473	1.328938
00:00:00.743	1.357509	1.323810	1.308425
00:00:00.744	1.326740	1.313553	1.290110
00:00:00.744	1.305495	1.317949	1.302564
00:00:00.744	1.304762	1.328205	1.319414
00:00:00.745	1.302564	1.316484	1.310623
00:00:00.745	1.317216	1.318681	1.315751
00:00:00.746	1.290842	1.310623	1.315751
00:00:00.746	1.274725	1.325275	1.322344
00:00:00.746	1.273993	1.321612	1.311355
