timestamp	ch1	ch2	ch3
00:00:00.000	1.303297	1.312821	1.308425
00:00:00.002	1.296703	1.314286	1.316484
00:00:00.002	1.306227	1.321612	1.323810
00:00:00.004	1.314286	1.326007	1.322344
00:00:00.004	1.314286	1.318681	1.317216
00:00:00.004	1.307692	1.317216	1.311355
00:00:00.005	1.303297	1.316484	1.320879
00:00:00.005	1.309158	1.323810	1.323810
00:00:00.005	1.312088	1.321612	1.318681
00:00:00.005	1.315018	1.322344	1.308425
00:00:00.005	1.304029	1.308425	1.309158
00:00:00.005	1.312821	1.321612	1.318681
00:00:00.005	1.334066	1.326007	1.321612
00:00:00.005	1.320147	1.320147	1.321612
00:00:00.005	1.311355	1.312088	1.334799
00:00:00.009	1.316484	1.317949	1.331868
00:00:00.009	1.306960	1.320879	1.323077
00:00:00.009	1.298168	1.317216	1.312821
00:00:00.009	1.302564	1.320879	1.318681
00:00:00.009	1.308425	1.315751	1.320147
00:00:00.009	1.312088	1.319414	1.310623
00:00:00.009	1.320879	1.322344	1.319414
00:00:00.009	1.315018	1.320879	1.314286
00:00:00.009	1.315018	1.317216	1.311355
00:00:00.009	1.323810	1.315018	1.323077
00:00:00.042	1.306227	1.317949	1.312088
00:00:00.042	1.287912	1.316484	1.306227
00:00:00.043	1.302564	1.318681	1.321612
00:00:00.043	1.307692	1.319414	1.330403
00:00:00.043	1.305495	1.312088	1.323077
00:00:00.043	1.336996	1.321612	1.332601
00:00:00.043	1.336264	1.320879	1.347253
00:00:00.044	1.334066	1.323810	1.330403
00:00:00.044	1.326740	1.320879	1.323810
00:00:00.045	1.301832	1.312088	1.310623
00:00:00.045	1.308425	1.320879	1.320147
00:00:00.045	1.316484	1.323810	1.319414
00:00:00.046	1.318681	1.317949	1.314286
00:00:00.046	1.301832	1.310623	1.309158
00:00:00.046	1.310623	1.320147	1.317216
00:00:00.047	1.313553	1.323810	1.326007
00:00:00.047	1.309158	1.323077	1.318681
00:00:00.047	1.305495	1.317949	1.311355
00:00:00.048	1.302564	1.314286	1.305495
00:00:00.048	1.306227	1.325275	1.314286
00:00:00.048	1.295971	1.309158	1.284982
00:00:00.049	1.295971	1.306227	1.287912
00:00:00.049	1.357509	1.334066	1.347253
00:00:00.050	1.335531	1.317216	1.358974
00:00:00.050	1.326007	1.322344	1.352381
00:00:00.050	1.317949	1.320147	1.331136
00:00:00.051	1.311355	1.317949	1.314286
00:00:00.051	1.297436	1.319414	1.313553
00:00:00.051	1.309158	1.326740	1.322344
00:00:00.052	1.306960	1.326007	1.327473
00:00:00.052	1.295238	1.310623	1.312088
00:00:00.052	1.312821	1.320147	1.318681
00:00:00.053	1.332601	1.318681	1.317949
00:00:00.053	1.335531	1.308425	1.305495
00:00:00.053	1.325275	1.314286	1.307692
00:00:00.054	1.310623	1.312821	1.318681
00:00:00.054	1.318681	1.318681	1.310623
00:00:00.055	1.312821	1.327473	1.321612
00:00:00.055	1.291575	1.324542	1.321612
00:00:00.055	1.271062	1.320147	1.311355
00:00:00.056	1.294505	1.323077	1.317949
00:00:00.056	1.303297	1.318681	1.321612
00:00:00.056	1.312088	1.322344	1.321612
00:00:00.057	1.295971	1.309158	1.311355
00:00:00.057	1.300366	1.309890	1.303297
00:00:00.057	1.304762	1.312088	1.326007
00:00:00.058	1.309890	1.323810	1.352381
00:00:00.058	1.275458	1.317216	1.311355
00:00:00.058	1.278388	1.323077	1.312088
00:00:00.059	1.307692	1.324542	1.298901
00:00:00.091	1.327473	1.322344	1.312088
00:00:00.091	1.361172	1.320147	1.339194
00:00:00.092	1.386813	1.317949	1.344322
00:00:00.092	1.353114	1.311355	1.312821
00:00:00.092	1.353114	1.309890	1.315018
00:00:00.093	1.347985	1.317949	1.323810
00:00:00.093	1.367033	1.322344	1.323810
00:00:00.094	1.326007	1.309890	1.316484
00:00:00.094	1.303297	1.321612	1.322344
00:00:00.095	1.243956	1.316484	1.313553
00:00:00.095	1.206593	1.315018	1.312088
00:00:00.095	1.254945	1.319414	1.319414
00:00:00.095	1.342125	1.312088	1.316484
00:00:00.096	1.419780	1.317216	1.316484
00:00:00.096	1.405861	1.307692	1.315018
00:00:00.096	1.369963	1.259341	1.312821
00:00:00.097	1.338462	1.268864	1.323810
00:00:00.097	1.309890	1.282784	1.312088
00:00:00.097	1.332601	1.311355	1.300366
00:00:00.098	1.308425	1.323810	1.311355
00:00:00.098	1.218315	1.350916	1.309890
00:00:00.100	1.079853	1.379487	1.296703
00:00:00.100	1.193407	1.399267	1.307692
00:00:00.100	1.280586	1.386813	1.309890
00:00:00.101	1.326740	1.357509	1.334799
00:00:00.101	1.359707	1.308425	1.332601
00:00:00.101	1.342857	1.295238	1.315018
00:00:00.101	1.314286	1.300366	1.326007
00:00:00.101	1.323077	1.304029	1.327473
00:00:00.101	1.336264	1.310623	1.318681
00:00:00.105	1.341392	1.308425	1.314286
00:00:00.105	1.334066	1.304762	1.306960
00:00:00.105	1.332601	1.315018	1.326007
00:00:00.105	1.322344	1.319414	1.332601
00:00:00.105	1.317949	1.323810	1.332601
00:00:00.105	1.313553	1.304029	1.331868
00:00:00.105	1.334799	1.279121	1.328205
00:00:00.105	1.315751	1.295238	1.333333
00:00:00.105	1.273260	1.318681	1.318681
00:00:00.105	1.256410	1.328205	1.300366
00:00:00.105	1.372894	1.326740	1.306960
00:00:00.106	1.340659	1.292308	1.296703
00:00:00.106	1.328938	1.327473	1.307692
00:00:00.106	1.358242	1.347253	1.308425
00:00:00.107	1.278388	1.371429	1.311355
00:00:00.107	1.287179	1.356044	1.312821
00:00:00.108	1.336264	1.323077	1.317949
00:00:00.108	1.389744	1.307692	1.352381
00:00:00.108	1.293773	1.309158	1.326740
00:00:00.109	1.256410	1.304762	1.320879
00:00:00.141	1.295971	1.313553	1.326740
00:00:00.141	1.306227	1.316484	1.326007
00:00:00.142	1.312088	1.314286	1.328205
00:00:00.142	1.297436	1.315751	1.323810
00:00:00.142	1.299634	1.315018	1.317949
00:00:00.143	1.329670	1.308425	1.315018
00:00:00.143	1.356777	1.312821	1.309890
00:00:00.143	1.344322	1.317949	1.315751
00:00:00.144	1.270330	1.317949	1.306960
00:00:00.144	1.245421	1.326007	1.315018
00:00:00.144	1.307692	1.333333	1.323810
00:00:00.145	1.321612	1.329670	1.320879
00:00:00.145	1.320879	1.317216	1.315018
00:00:00.145	1.325275	1.318681	1.326007
00:00:00.146	1.320879	1.324542	1.329670
00:00:00.147	1.316484	1.323077	1.322344
00:00:00.147	1.302564	1.315018	1.321612
00:00:00.147	1.295238	1.313553	1.313553
00:00:00.147	1.288645	1.313553	1.323077
00:00:00.148	1.293773	1.322344	1.326007
00:00:00.148	1.299634	1.279121	1.319414
00:00:00.148	1.330403	1.257143	1.321612
00:00:00.149	1.403663	1.279121	1.323810
00:00:00.149	1.391941	1.299634	1.310623
00:00:00.149	1.411722	1.323810	1.315751
00:00:00.150	1.369231	1.347253	1.323810
00:00:00.150	1.304762	1.367033	1.315751
00:00:00.150	1.235165	1.401465	1.308425
00:00:00.151	1.202930	1.396337	1.312821
00:00:00.151	1.259341	1.367033	1.319414
00:00:00.152	1.322344	1.314286	1.317216
00:00:00.152	1.324542	1.314286	1.323810
00:00:00.152	1.304029	1.301832	1.321612
00:00:00.153	1.309158	1.303297	1.310623
00:00:00.153	1.308425	1.300366	1.317216
00:00:00.153	1.308425	1.306227	1.326007
00:00:00.154	1.320147	1.312088	1.328938
00:00:00.154	1.317216	1.309890	1.319414
00:00:00.154	1.314286	1.309158	1.323810
00:00:00.155	1.321612	1.317949	1.323810
00:00:00.155	1.303297	1.317949	1.318681
00:00:00.156	1.294505	1.315018	1.308425
00:00:00.156	1.258608	1.315751	1.303297
00:00:00.156	1.273260	1.315751	1.321612
00:00:00.157	1.315018	1.315751	1.319414
00:00:00.157	1.337729	1.321612	1.318681
00:00:00.157	1.323077	1.315018	1.317216
00:00:00.158	1.335531	1.311355	1.322344
00:00:00.158	1.351648	1.317216	1.326740
00:00:00.158	1.282784	1.309890	1.309158
00:00:00.191	1.339927	1.310623	1.320879
00:00:00.191	1.408059	1.318681	1.341392
00:00:00.191	1.493773	1.324542	1.347253
00:00:00.192	1.335531	1.313553	1.315751
00:00:00.192	1.175824	1.309890	1.306227
00:00:00.193	1.250549	1.320879	1.323810
00:00:00.194	1.310623	1.327473	1.328205
00:00:00.194	1.343590	1.326007	1.331136
00:00:00.194	1.365568	1.329670	1.339194
00:00:00.195	1.363370	1.321612	1.319414
00:00:00.195	1.296703	1.326740	1.315751
00:00:00.197	1.142125	1.320879	1.298168
00:00:00.197	1.189011	1.315018	1.301832
00:00:00.197	1.285714	1.321612	1.328205
00:00:00.197	1.345055	1.323077	1.329670
00:00:00.197	1.390476	1.317216	1.316484
00:00:00.197	1.317949	1.312821	1.304762
00:00:00.197	1.341392	1.327473	1.317216
00:00:00.197	1.347985	1.329670	1.328205
00:00:00.197	1.292308	1.328205	1.316484
00:00:00.202	1.252747	1.320147	1.320879
00:00:00.202	1.382418	1.318681	1.330403
00:00:00.202	1.419780	1.320147	1.315751
00:00:00.202	1.287179	1.317216	1.306227
00:00:00.202	1.275458	1.304762	1.300366
00:00:00.202	1.342857	1.304762	1.315018
00:00:00.202	1.279121	1.315018	1.329670
00:00:00.202	1.272527	1.317216	1.319414
00:00:00.202	1.294505	1.312821	1.315018
00:00:00.202	1.312821	1.309158	1.310623
00:00:00.202	1.306227	1.329670	1.331136
00:00:00.202	1.286447	1.332601	1.332601
00:00:00.202	1.268132	1.331868	1.337729
00:00:00.202	1.277656	1.327473	1.334799
00:00:00.203	1.358242	1.317216	1.323810
00:00:00.203	1.369231	1.317216	1.321612
00:00:00.203	1.336996	1.300366	1.323077
00:00:00.204	1.522344	1.284982	1.340659
00:00:00.204	1.466667	1.273260	1.319414
00:00:00.205	1.330403	1.302564	1.296703
00:00:00.205	1.205861	1.320147	1.306227
00:00:00.205	1.201465	1.339194	1.300366
00:00:00.206	1.172894	1.372161	1.298168
00:00:00.206	1.194139	1.405128	1.304762
00:00:00.206	1.330403	1.406593	1.315018
00:00:00.207	1.356044	1.346520	1.307692
00:00:00.207	1.356044	1.298168	1.317949
00:00:00.207	1.360440	1.298901	1.329670
00:00:00.208	1.337729	1.302564	1.331136
00:00:00.208	1.248352	1.305495	1.322344
00:00:00.240	1.245421	1.302564	1.304762
00:00:00.241	1.268132	1.305495	1.318681
00:00:00.241	1.310623	1.308425	1.326740
00:00:00.241	1.276923	1.302564	1.318681
00:00:00.242	1.311355	1.318681	1.327473
00:00:00.242	1.345055	1.313553	1.326007
00:00:00.242	1.328205	1.317216	1.323810
00:00:00.243	1.309158	1.319414	1.320879
00:00:00.243	1.326007	1.315751	1.306227
00:00:00.244	1.383883	1.312821	1.306960
00:00:00.244	1.453480	1.320147	1.319414
00:00:00.244	1.348718	1.319414	1.310623
00:00:00.245	1.250549	1.322344	1.313553
00:00:00.245	1.268864	1.323810	1.334799
00:00:00.245	1.238828	1.327473	1.343590
00:00:00.246	1.241026	1.319414	1.343590
00:00:00.246	1.345055	1.314286	1.345788
00:00:00.246	1.560440	1.315751	1.316484
00:00:00.247	1.397070	1.312821	1.306227
00:00:00.247	1.191209	1.320879	1.296703
00:00:00.247	1.290110	1.309158	1.290110
00:00:00.248	1.279853	1.322344	1.293773
00:00:00.248	1.271795	1.317216	1.287912
00:00:00.249	1.285714	1.321612	1.312821
00:00:00.249	1.306227	1.321612	1.318681
00:00:00.249	1.314286	1.325275	1.323810
00:00:00.250	1.312821	1.319414	1.309158
00:00:00.250	1.306227	1.317216	1.322344
00:00:00.250	1.308425	1.328205	1.372161
00:00:00.252	1.231502	1.322344	1.362637
00:00:00.252	1.253480	1.332601	1.337729
00:00:00.252	1.227106	1.339927	1.304762
00:00:00.252	1.271795	1.329670	1.288645
00:00:00.252	1.361172	1.324542	1.309890
00:00:00.253	1.483516	1.326740	1.303297
00:00:00.253	1.521612	1.333333	1.358974
00:00:00.253	1.631502	1.328938	1.414652
00:00:00.254	1.352381	1.293773	1.352381
00:00:00.254	1.136996	1.306960	1.312088
00:00:00.254	1.093773	1.309890	1.320879
00:00:00.255	1.441026	1.315018	1.337729
00:00:00.255	1.292308	1.319414	1.309158
00:00:00.255	1.295238	1.315018	1.281319
00:00:00.256	1.294505	1.299634	1.275458
00:00:00.256	1.352381	1.315018	1.284982
00:00:00.256	1.347253	1.337729	1.306960
00:00:00.258	1.290110	1.345788	1.308425
00:00:00.258	1.219780	1.325275	1.312821
00:00:00.261	1.297436	1.316484	1.325275
00:00:00.261	1.350916	1.316484	1.324542
00:00:00.290	1.356044	1.323810	1.331136
00:00:00.290	1.304762	1.323810	1.319414
00:00:00.292	1.245421	1.307692	1.300366
00:00:00.292	1.280586	1.324542	1.326740
00:00:00.293	1.293773	1.323810	1.313553
00:00:00.293	1.278388	1.323810	1.312088
00:00:00.293	1.263004	1.319414	1.323810
00:00:00.293	1.303297	1.310623	1.320147
00:00:00.293	1.378755	1.307692	1.322344
00:00:00.293	1.441026	1.318681	1.335531
00:00:00.297	1.375092	1.309890	1.320879
00:00:00.297	1.250549	1.317216	1.317216
00:00:00.297	1.176557	1.305495	1.312821
00:00:00.297	1.238828	1.260806	1.320879
00:00:00.297	1.380952	1.267399	1.319414
00:00:00.297	1.386813	1.313553	1.332601
00:00:00.297	1.353114	1.328938	1.320147
00:00:00.297	1.317949	1.326740	1.327473
00:00:00.297	1.326740	1.338462	1.323077
00:00:00.297	1.345055	1.387546	1.323810
00:00:00.297	1.376557	1.426374	1.316484
00:00:00.298	1.326007	1.405128	1.320879
00:00:00.298	1.261538	1.307692	1.296703
00:00:00.298	1.225641	1.312821	1.291575
00:00:00.299	1.241758	1.315018	1.298168
00:00:00.299	1.295238	1.323810	1.314286
00:00:00.299	1.333333	1.311355	1.314286
00:00:00.300	1.326007	1.312088	1.325275
00:00:00.300	1.278388	1.307692	1.318681
00:00:00.300	1.249817	1.295238	1.315018
00:00:00.301	1.313553	1.311355	1.327473
00:00:00.301	1.326740	1.309890	1.323810
00:00:00.302	1.336996	1.311355	1.323810
00:00:00.302	1.342857	1.310623	1.322344
00:00:00.302	1.348718	1.309158	1.320147
00:00:00.303	1.354579	1.322344	1.333333
00:00:00.304	1.317216	1.312821	1.320147
00:00:00.304	1.323810	1.317216	1.322344
00:00:00.304	1.343590	1.320879	1.325275
00:00:00.304	1.387546	1.323810	1.333333
00:00:00.304	1.390476	1.320147	1.329670
00:00:00.305	1.287912	1.313553	1.315018
00:00:00.305	1.284982	1.312088	1.308425
00:00:00.305	1.317949	1.324542	1.328938
00:00:00.306	1.230037	1.311355	1.306227
00:00:00.306	1.308425	1.320879	1.322344
00:00:00.307	1.306227	1.317949	1.315018
00:00:00.307	1.251282	1.305495	1.307692
00:00:00.307	1.271795	1.323810	1.322344
00:00:00.308	1.233700	1.327473	1.322344
00:00:00.340	1.192674	1.327473	1.326007
00:00:00.340	1.242491	1.334066	1.328205
00:00:00.341	1.318681	1.326007	1.331868
00:00:00.341	1.512088	1.327473	1.319414
00:00:00.341	1.659341	1.337729	1.330403
00:00:00.342	1.528205	1.325275	1.327473
00:00:00.342	1.194872	1.306960	1.312821
00:00:00.342	1.145055	1.301099	1.305495
00:00:00.343	1.287179	1.312088	1.318681
00:00:00.343	1.268864	1.309158	1.329670
00:00:00.343	1.336996	1.320147	1.339927
00:00:00.344	1.506227	1.339194	1.340659
00:00:00.344	1.419780	1.327473	1.328938
00:00:00.344	1.376557	1.331868	1.323077
00:00:00.345	1.243956	1.328205	1.320147
00:00:00.345	1.270330	1.312821	1.315751
00:00:00.346	1.052747	1.312088	1.289377
00:00:00.346	1.151648	1.323077	1.298901
00:00:00.346	1.295238	1.329670	1.312821
00:00:00.347	1.337729	1.323077	1.313553
00:00:00.347	1.347253	1.324542	1.319414
00:00:00.347	1.386813	1.327473	1.333333
00:00:00.348	1.392674	1.319414	1.326007
00:00:00.348	1.385348	1.323077	1.323810
00:00:00.348	1.347253	1.320147	1.323077
00:00:00.349	1.306227	1.323810	1.333333
00:00:00.349	1.238828	1.315751	1.314286
00:00:00.350	1.252747	1.326007	1.313553
00:00:00.350	1.287179	1.318681	1.310623
00:00:00.350	1.307692	1.318681	1.311355
00:00:00.351	1.322344	1.310623	1.303297
00:00:00.351	1.340659	1.323077	1.310623
00:00:00.351	1.322344	1.326740	1.326007
00:00:00.352	1.272527	1.316484	1.329670
00:00:00.352	1.276923	1.326740	1.336996
00:00:00.352	1.319414	1.320147	1.336996
00:00:00.355	1.386813	1.326740	1.333333
00:00:00.355	1.422711	1.314286	1.327473
00:00:00.355	1.334066	1.319414	1.323810
00:00:00.355	1.262271	1.323810	1.320879
00:00:00.355	1.202930	1.313553	1.308425
00:00:00.357	1.360440	1.312088	1.305495
00:00:00.357	1.328938	1.320879	1.303297
00:00:00.357	1.284249	1.318681	1.289377
00:00:00.357	1.298901	1.313553	1.312088
00:00:00.357	1.317949	1.326007	1.333333
00:00:00.357	1.306960	1.323077	1.325275
00:00:00.357	1.309158	1.322344	1.320147
00:00:00.357	1.310623	1.315751	1.309158
00:00:00.357	1.312821	1.307692	1.309890
00:00:00.394	1.327473	1.322344	1.317216
00:00:00.394	1.325275	1.325275	1.320147
00:00:00.394	1.324542	1.323810	1.323810
00:00:00.394	1.316484	1.315751	1.321612
00:00:00.394	1.329670	1.324542	1.327473
00:00:00.394	1.331868	1.325275	1.341392
00:00:00.394	1.328205	1.323810	1.339194
00:00:00.394	1.320147	1.323810	1.326007
00:00:00.394	1.306960	1.313553	1.307692
00:00:00.394	1.306227	1.314286	1.318681
00:00:00.394	1.315018	1.325275	1.315751
00:00:00.394	1.326740	1.323810	1.315751
00:00:00.394	1.317216	1.320147	1.317216
00:00:00.394	1.299634	1.314286	1.311355
00:00:00.395	1.289377	1.312821	1.312821
00:00:00.395	1.326007	1.314286	1.312821
00:00:00.395	1.338462	1.323077	1.323810
00:00:00.396	1.301832	1.324542	1.323810
00:00:00.396	1.309158	1.326007	1.330403
00:00:00.396	1.298901	1.309890	1.311355
00:00:00.397	1.312821	1.326740	1.326007
00:00:00.397	1.304762	1.319414	1.320879
00:00:00.397	1.318681	1.317949	1.320147
00:00:00.398	1.287179	1.324542	1.320879
00:00:00.398	1.264469	1.312088	1.312821
00:00:00.399	1.293773	1.320147	1.321612
00:00:00.399	1.313553	1.322344	1.317216
00:00:00.399	1.367766	1.323077	1.326740
00:00:00.400	1.385348	1.324542	1.326740
00:00:00.400	1.223443	1.322344	1.313553
00:00:00.400	1.206593	1.317949	1.331868
00:00:00.401	1.387546	1.326007	1.342125
00:00:00.401	1.514286	1.336996	1.343590
00:00:00.401	1.716484	1.325275	1.323810
00:00:00.402	1.386813	1.310623	1.296703
00:00:00.402	1.063004	1.309158	1.298168
00:00:00.402	1.064469	1.318681	1.304029
00:00:00.403	1.143590	1.322344	1.306960
00:00:00.403	1.323077	1.320147	1.318681
00:00:00.404	1.350183	1.318681	1.323810
00:00:00.404	1.351648	1.309158	1.317949
00:00:00.404	1.375092	1.315018	1.323077
00:00:00.405	1.308425	1.316484	1.329670
00:00:00.405	1.302564	1.265201	1.320147
00:00:00.405	1.290842	1.271062	1.301832
00:00:00.406	1.313553	1.296703	1.305495
00:00:00.406	1.336996	1.327473	1.329670
00:00:00.406	1.369231	1.338462	1.339194
00:00:00.407	1.326007	1.361172	1.330403
00:00:00.407	1.356044	1.397070	1.315751
00:00:00.440	1.395604	1.397070	1.309158
00:00:00.440	1.246154	1.369963	1.309890
00:00:00.440	1.152381	1.326740	1.315018
00:00:00.440	1.217582	1.303297	1.319414
00:00:00.441	1.323077	1.290110	1.315751
00:00:00.441	1.292308	1.294505	1.312821
00:00:00.442	1.295238	1.292308	1.314286
00:00:00.442	1.314286	1.312088	1.324542
00:00:00.442	1.321612	1.308425	1.313553
00:00:00.443	1.322344	1.312821	1.308425
00:00:00.443	1.302564	1.317216	1.304762
00:00:00.443	1.306227	1.312821	1.300366
00:00:00.444	1.301832	1.311355	1.313553
00:00:00.444	1.331868	1.317216	1.333333
00:00:00.444	1.338462	1.315751	1.352381
00:00:00.445	1.350183	1.314286	1.347253
00:00:00.445	1.346520	1.316484	1.356777
00:00:00.445	1.361172	1.321612	1.338462
00:00:00.446	1.403663	1.306960	1.284982
00:00:00.446	1.421245	1.309158	1.304029
00:00:00.447	1.315018	1.323810	1.323077
00:00:00.447	1.276190	1.304762	1.295971
00:00:00.447	1.306960	1.310623	1.323810
00:00:00.448	1.295971	1.310623	1.314286
00:00:00.448	1.281319	1.326740	1.327473
00:00:00.448	1.290842	1.331136	1.325275
00:00:00.450	1.300366	1.331136	1.309890
00:00:00.450	1.277656	1.313553	1.304029
00:00:00.450	1.290110	1.317949	1.314286
00:00:00.451	1.309890	1.309890	1.304762
00:00:00.451	1.346520	1.320879	1.320147
00:00:00.451	1.353114	1.323077	1.320147
00:00:00.451	1.288645	1.320879	1.311355
00:00:00.451	1.268132	1.320879	1.313553
00:00:00.452	1.293040	1.317216	1.317949
00:00:00.452	1.314286	1.326007	1.320879
00:00:00.452	1.303297	1.316484	1.319414
00:00:00.454	1.318681	1.323810	1.322344
00:00:00.454	1.319414	1.321612	1.315751
00:00:00.454	1.317949	1.323810	1.320147
00:00:00.454	1.303297	1.310623	1.312088
00:00:00.454	1.306227	1.324542	1.323077
00:00:00.454	1.302564	1.314286	1.314286
00:00:00.459	1.353114	1.311355	1.322344
00:00:00.459	1.342857	1.317949	1.339194
00:00:00.459	1.321612	1.323810	1.323810
00:00:00.459	1.308425	1.326007	1.318681
00:00:00.459	1.279853	1.309890	1.309890
00:00:00.459	1.290842	1.319414	1.321612
00:00:00.459	1.306227	1.319414	1.329670
00:00:00.489	1.353114	1.320879	1.321612
00:00:00.489	1.315018	1.322344	1.312821
00:00:00.490	1.293773	1.326007	1.318681
00:00:00.490	1.310623	1.312821	1.309890
00:00:00.491	1.332601	1.320879	1.315018
00:00:00.491	1.342125	1.322344	1.314286
00:00:00.491	1.296703	1.326007	1.315018
00:00:00.492	1.337729	1.321612	1.317216
00:00:00.492	1.390476	1.315018	1.320147
00:00:00.492	1.349451	1.322344	1.333333
00:00:00.493	1.249084	1.322344	1.318681
00:00:00.493	1.106227	1.321612	1.320879
00:00:00.493	1.175824	1.329670	1.327473
00:00:00.494	1.282051	1.334799	1.334799
00:00:00.494	1.466667	1.328938	1.328205
00:00:00.494	1.534799	1.330403	1.334066
00:00:00.495	1.524542	1.304029	1.304029
00:00:00.495	1.279121	1.284982	1.290110
00:00:00.496	1.183150	1.304762	1.309158
00:00:00.496	1.180220	1.301099	1.309158
00:00:00.496	1.267399	1.293040	1.306227
00:00:00.497	1.320879	1.333333	1.323810
00:00:00.497	1.331868	1.358242	1.327473
00:00:00.497	1.345788	1.344322	1.322344
00:00:00.498	1.350183	1.320147	1.316484
00:00:00.498	1.255678	1.318681	1.323810
00:00:00.498	1.285714	1.327473	1.321612
00:00:00.499	1.332601	1.322344	1.322344
00:00:00.499	1.361905	1.314286	1.319414
00:00:00.500	1.337729	1.316484	1.331868
00:00:00.500	1.282784	1.320147	1.324542
00:00:00.500	1.252015	1.320879	1.323077
00:00:00.501	1.306227	1.317216	1.315018
00:00:00.501	1.235897	1.322344	1.323077
00:00:00.501	1.304029	1.325275	1.323810
00:00:00.502	1.304762	1.317949	1.315018
00:00:00.502	1.344322	1.275458	1.315018
00:00:00.502	1.405128	1.227839	1.305495
00:00:00.503	1.413187	1.263736	1.326007
00:00:00.503	1.354579	1.309158	1.322344
00:00:00.503	1.345055	1.338462	1.323810
00:00:00.504	1.273260	1.356044	1.320879
00:00:00.504	1.311355	1.400000	1.323077
00:00:00.505	1.312088	1.432234	1.320147
00:00:00.505	1.227106	1.427106	1.327473
00:00:00.505	1.289377	1.356777	1.332601
00:00:00.506	1.360440	1.320879	1.307692
00:00:00.506	1.345055	1.291575	1.311355
00:00:00.506	1.318681	1.299634	1.327473
00:00:00.507	1.306960	1.295238	1.309158
00:00:00.539	1.286447	1.304029	1.314286
00:00:00.539	1.266667	1.310623	1.314286
00:00:00.540	1.282784	1.311355	1.316484
00:00:00.540	1.332601	1.297436	1.315751
00:00:00.540	1.308425	1.306227	1.318681
00:00:00.541	1.327473	1.304029	1.306960
00:00:00.541	1.283516	1.311355	1.316484
00:00:00.541	1.316484	1.313553	1.313553
00:00:00.542	1.347253	1.303297	1.311355
00:00:00.542	1.366300	1.303297	1.311355
00:00:00.542	1.396337	1.338462	1.351648
00:00:00.545	1.346520	1.316484	1.338462
00:00:00.545	1.346520	1.320879	1.330403
00:00:00.545	1.271795	1.306960	1.303297
00:00:00.547	1.232967	1.322344	1.309158
00:00:00.547	1.231502	1.310623	1.302564
00:00:00.547	1.326740	1.323810	1.320879
00:00:00.547	1.364103	1.323077	1.319414
00:00:00.547	1.321612	1.317216	1.317949
00:00:00.547	1.284249	1.313553	1.316484
00:00:00.547	1.207326	1.322344	1.323810
00:00:00.547	1.276190	1.308425	1.313553
00:00:00.547	1.315751	1.315751	1.315018
00:00:00.547	1.325275	1.312088	1.315751
00:00:00.547	1.319414	1.315751	1.323810
00:00:00.548	1.331136	1.332601	1.330403
00:00:00.548	1.320147	1.322344	1.323077
00:00:00.549	1.321612	1.320879	1.318681
00:00:00.549	1.319414	1.310623	1.312821
00:00:00.549	1.321612	1.315018	1.312088
00:00:00.550	1.320147	1.323077	1.320879
00:00:00.550	1.331136	1.326740	1.328938
00:00:00.550	1.328938	1.320147	1.323077
00:00:00.551	1.328938	1.324542	1.320147
00:00:00.551	1.319414	1.314286	1.323810
00:00:00.551	1.328938	1.318681	1.323810
00:00:00.552	1.325275	1.323077	1.325275
00:00:00.552	1.304762	1.319414	1.314286
00:00:00.552	1.304762	1.328205	1.315751
00:00:00.553	1.247619	1.312821	1.309890
00:00:00.553	1.281319	1.317216	1.311355
00:00:00.554	1.284249	1.316484	1.326740
00:00:00.554	1.282784	1.312821	1.317949
00:00:00.554	1.317949	1.322344	1.320147
00:00:00.555	1.340659	1.322344	1.315018
00:00:00.555	1.339194	1.315018	1.317216
00:00:00.555	1.326740	1.319414	1.323810
00:00:00.556	1.334066	1.315751	1.326007
00:00:00.556	1.342857	1.326007	1.334799
00:00:00.556	1.358974	1.318681	1.310623
00:00:00.589	1.362637	1.320879	1.317216
00:00:00.589	1.305495	1.323077	1.301832
00:00:00.589	1.219048	1.323810	1.289377
00:00:00.590	1.280586	1.326740	1.294505
00:00:00.590	1.288645	1.318681	1.299634
00:00:00.590	1.290110	1.314286	1.313553
00:00:00.591	1.288645	1.319414	1.334799
00:00:00.591	1.265934	1.328205	1.331868
00:00:00.591	1.318681	1.324542	1.334799
00:00:00.592	1.412454	1.312821	1.323077
00:00:00.592	1.355311	1.312821	1.318681
00:00:00.593	1.339194	1.320147	1.341392
00:00:00.593	1.333333	1.320879	1.331136
00:00:00.593	1.377289	1.320147	1.323810
00:00:00.594	1.378022	1.317216	1.323077
00:00:00.594	1.238828	1.310623	1.320147
00:00:00.594	1.252747	1.325275	1.319414
00:00:00.595	1.323810	1.324542	1.316484
00:00:00.595	1.414652	1.326007	1.317216
00:00:00.595	1.391209	1.323077	1.304762
00:00:00.596	1.347253	1.314286	1.301832
00:00:00.597	1.306960	1.317949	1.318681
00:00:00.597	1.135531	1.324542	1.320147
00:00:00.597	1.063004	1.321612	1.309890
00:00:00.597	1.198535	1.323810	1.336996
00:00:00.598	1.328205	1.316484	1.331868
00:00:00.598	1.430769	1.312821	1.317216
00:00:00.598	1.441026	1.322344	1.330403
00:00:00.599	1.381685	1.327473	1.326007
00:00:00.599	1.343590	1.318681	1.312088
00:00:00.599	1.345055	1.315018	1.310623
00:00:00.600	1.303297	1.309158	1.304029
00:00:00.600	1.319414	1.321612	1.346520
00:00:00.600	1.391941	1.326740	1.341392
00:00:00.601	1.254212	1.326007	1.298901
00:00:00.601	1.257875	1.323810	1.260073
00:00:00.602	1.212454	1.315018	1.298168
00:00:00.602	1.271795	1.331868	1.367766
00:00:00.602	1.299634	1.321612	1.351648
00:00:00.603	1.338462	1.321612	1.358974
00:00:00.603	1.313553	1.312821	1.331136
00:00:00.603	1.292308	1.309158	1.304762
00:00:00.604	1.298901	1.320879	1.309158
00:00:00.604	1.312088	1.318681	1.308425
00:00:00.604	1.315018	1.310623	1.304029
00:00:00.605	1.299634	1.319414	1.320879
00:00:00.605	1.279121	1.326007	1.331136
00:00:00.605	1.271795	1.326740	1.332601
00:00:00.606	1.293040	1.315018	1.322344
00:00:00.606	1.419780	1.311355	1.309158
00:00:00.638	1.451282	1.310623	1.310623
00:00:00.639	1.328938	1.306227	1.297436
00:00:00.639	1.366300	1.274725	1.315018
00:00:00.639	1.308425	1.254212	1.310623
00:00:00.640	1.301099	1.276190	1.316484
00:00:00.640	1.303297	1.326007	1.326740
00:00:00.642	1.266667	1.334066	1.318681
00:00:00.642	1.297436	1.361172	1.315018
00:00:00.642	1.315018	1.396337	1.309158
00:00:00.645	1.312088	1.422711	1.322344
00:00:00.645	1.266667	1.401465	1.312821
00:00:00.645	1.329670	1.339194	1.323810
00:00:00.645	1.369231	1.296703	1.323077
00:00:00.645	1.367033	1.276923	1.322344
00:00:00.645	1.339194	1.263004	1.315751
00:00:00.645	1.270330	1.274725	1.308425
00:00:00.645	1.260806	1.298168	1.318681
00:00:00.645	1.300366	1.308425	1.323810
00:00:00.645	1.306960	1.306227	1.323077
00:00:00.645	1.302564	1.318681	1.319414
00:00:00.646	1.298168	1.319414	1.313553
00:00:00.646	1.302564	1.323810	1.314286
00:00:00.646	1.304762	1.319414	1.321612
00:00:00.650	1.314286	1.322344	1.320147
00:00:00.650	1.311355	1.318681	1.317949
00:00:00.650	1.322344	1.324542	1.323810
00:00:00.650	1.319414	1.323810	1.323077
00:00:00.650	1.320147	1.320147	1.321612
00:00:00.650	1.312088	1.311355	1.315018
00:00:00.650	1.320879	1.320147	1.323077
00:00:00.650	1.319414	1.323077	1.326007
00:00:00.650	1.312088	1.317216	1.323810
00:00:00.650	1.317949	1.319414	1.318681
00:00:00.650	1.317949	1.322344	1.320879
00:00:00.651	1.309158	1.327473	1.321612
00:00:00.651	1.306960	1.326007	1.320147
00:00:00.651	1.309158	1.323810	1.323810
00:00:00.652	1.303297	1.317949	1.326740
00:00:00.652	1.321612	1.323810	1.327473
00:00:00.652	1.342857	1.326007	1.323810
00:00:00.653	1.337729	1.323810	1.333333
00:00:00.653	1.339194	1.318681	1.326740
00:00:00.653	1.330403	1.312821	1.315018
00:00:00.654	1.306227	1.313553	1.311355
00:00:00.654	1.247619	1.322344	1.313553
00:00:00.655	1.217582	1.324542	1.306227
00:00:00.655	1.257143	1.321612	1.306227
00:00:00.655	1.295971	1.320147	1.312088
00:00:00.656	1.340659	1.323810	1.323810
00:00:00.656	1.424908	1.317216	1.325275
00:00:00.688	1.347985	1.321612	1.320879
00:00:00.689	1.277656	1.320147	1.316484
00:00:00.689	1.370696	1.317949	1.351648
00:00:00.689	1.392674	1.315751	1.339194
00:00:00.690	1.254212	1.314286	1.317216
00:00:00.690	1.300366	1.314286	1.311355
00:00:00.690	1.333333	1.312821	1.308425
00:00:00.691	1.305495	1.320879	1.317216
00:00:00.691	1.287912	1.320879	1.315018
00:00:00.691	1.288645	1.321612	1.312088
00:00:00.692	1.283516	1.318681	1.309890
00:00:00.692	1.289377	1.315018	1.307692
00:00:00.692	1.328205	1.326007	1.320879
00:00:00.693	1.359707	1.323810	1.322344
00:00:00.693	1.390476	1.322344	1.323810
00:00:00.694	1.382418	1.315751	1.317949
00:00:00.694	1.280586	1.328205	1.306227
00:00:00.694	1.301832	1.328938	1.312821
00:00:00.695	1.200733	1.328938	1.323077
00:00:00.695	1.199267	1.319414	1.327473
00:00:00.695	1.362637	1.315751	1.350183
00:00:00.696	1.365568	1.318681	1.344322
00:00:00.696	1.268132	1.323077	1.336264
00:00:00.696	1.362637	1.307692	1.304029
00:00:00.697	1.333333	1.323077	1.312821
00:00:00.697	1.315018	1.315751	1.315751
00:00:00.697	1.301099	1.324542	1.314286
00:00:00.698	1.370696	1.325275	1.308425
00:00:00.698	1.326740	1.324542	1.309890
00:00:00.699	1.284249	1.311355	1.304029
00:00:00.699	1.306227	1.323810	1.315018
00:00:00.699	1.303297	1.321612	1.317949
00:00:00.701	1.284982	1.324542	1.331868
00:00:00.701	1.317949	1.323810	1.328938
00:00:00.701	1.320147	1.312088	1.317216
00:00:00.701	1.336264	1.320147	1.318681
00:00:00.701	1.326740	1.318681	1.321612
00:00:00.701	1.297436	1.326740	1.328205
00:00:00.702	1.292308	1.320147	1.320147
00:00:00.702	1.309158	1.315018	1.312088
00:00:00.702	1.338462	1.320879	1.319414
00:00:00.703	1.309890	1.312821	1.313553
00:00:00.703	1.328205	1.327473	1.322344
00:00:00.704	1.319414	1.326007	1.321612
00:00:00.704	1.304029	1.321612	1.311355
00:00:00.704	1.298168	1.315751	1.322344
00:00:00.705	1.312088	1.323077	1.321612
00:00:00.705	1.319414	1.323077	1.326007
00:00:00.705	1.323810	1.324542	1.340659
00:00:00.706	1.320147	1.320879	1.326740
00:00:00.739	1.304029	1.315751	1.315751
00:00:00.739	1.300366	1.320147	1.323810
00:00:00.739	1.312088	1.326007	1.326740
00:00:00.739	1.309158	1.323810	1.317216
00:00:00.739	1.309890	1.322344	1.315018
00:00:00.740	1.315751	1.327473	1.320147
00:00:00.740	1.317949	1.322344	1.309890
00:00:00.740	1.322344	1.318681	1.313553
00:00:00.741	1.364103	1.325275	1.334799
00:00:00.741	1.379487	1.316484	1.328938
00:00:00.741	1.312088	1.323810	1.331868
00:00:00.745	1.267399	1.320147	1.317216
00:00:00.745	1.305495	1.317216	1.298168
00:00:00.745	1.298901	1.327473	1.313553
00:00:00.745	1.277656	1.323810	1.318681
00:00:00.745	1.301832	1.305495	1.309890
00:00:00.745	1.312088	1.312821	1.318681
00:00:00.745	1.315018	1.302564	1.319414
00:00:00.745	1.320879	1.314286	1.328938
00:00:00.745	1.315018	1.323810	1.327473
00:00:00.745	1.330403	1.336264	1.321612
00:00:00.745	1.332601	1.336264	1.323810
00:00:00.746	1.299634	1.320879	1.306960
00:00:00.746	1.283516	1.313553	1.315018
00:00:00.747	1.327473	1.320879	1.321612
