timestamp	ch1	ch2	ch3
00:00:00.000	1.316484	1.317949	1.336264
00:00:00.001	1.303297	1.319414	1.323810
00:00:00.001	1.315751	1.320879	1.323810
00:00:00.001	1.322344	1.325275	1.320879
00:00:00.002	1.326007	1.321612	1.325275
00:00:00.002	1.311355	1.307692	1.323810
00:00:00.002	1.304762	1.320147	1.320147
00:00:00.002	1.293040	1.317216	1.310623
00:00:00.002	1.280586	1.312088	1.307692
00:00:00.007	1.280586	1.330403	1.315018
00:00:00.007	1.278388	1.311355	1.306960
00:00:00.007	1.326740	1.323077	1.306227
00:00:00.007	1.319414	1.312821	1.295238
00:00:00.007	1.361905	1.317949	1.356777
00:00:00.007	1.392674	1.330403	1.345055
00:00:00.007	1.352381	1.326740	1.328205
00:00:00.007	1.290110	1.318681	1.320879
00:00:00.007	1.253480	1.309158	1.344322
00:00:00.007	1.290110	1.319414	1.357509
00:00:00.007	1.307692	1.312088	1.298901
00:00:00.007	1.320147	1.321612	1.315018
00:00:00.008	1.329670	1.315018	1.334066
00:00:00.008	1.370696	1.320147	1.323077
00:00:00.008	1.364835	1.323077	1.305495
00:00:00.008	1.326740	1.314286	1.297436
00:00:00.008	1.291575	1.322344	1.309890
00:00:00.009	1.273993	1.327473	1.295971
00:00:00.009	1.272527	1.318681	1.295238
00:00:00.010	1.235897	1.317949	1.304029
00:00:00.042	1.223443	1.313553	1.287179
00:00:00.042	1.292308	1.323810	1.318681
00:00:00.042	1.361905	1.317949	1.342857
00:00:00.043	1.372161	1.312821	1.336996
00:00:00.043	1.388278	1.328938	1.308425
00:00:00.043	1.388278	1.321612	1.323810
00:00:00.044	1.383150	1.314286	1.346520
00:00:00.044	1.358242	1.312088	1.386081
00:00:00.044	1.359707	1.329670	1.407326
00:00:00.045	1.327473	1.323077	1.375092
00:00:00.045	1.287179	1.311355	1.305495
00:00:00.045	1.276923	1.320147	1.300366
00:00:00.046	1.279853	1.322344	1.297436
00:00:00.046	1.282051	1.318681	1.292308
00:00:00.047	1.275458	1.312821	1.292308
00:00:00.047	1.290842	1.323077	1.309158
00:00:00.047	1.299634	1.322344	1.306227
00:00:00.048	1.297436	1.315751	1.297436
00:00:00.048	1.296703	1.312088	1.304029
00:00:00.048	1.309890	1.326007	1.317949
00:00:00.049	1.300366	1.315751	1.315751
00:00:00.049	1.306960	1.323077	1.323810
00:00:00.049	1.297436	1.304762	1.313553
00:00:00.050	1.304029	1.319414	1.323810
00:00:00.050	1.315018	1.326007	1.323077
00:00:00.051	1.311355	1.317216	1.316484
00:00:00.051	1.295238	1.314286	1.316484
00:00:00.051	1.317949	1.323810	1.321612
00:00:00.052	1.315751	1.322344	1.321612
00:00:00.052	1.311355	1.312821	1.307692
00:00:00.052	1.308425	1.317949	1.319414
00:00:00.053	1.320147	1.322344	1.319414
00:00:00.053	1.308425	1.311355	1.311355
00:00:00.053	1.317216	1.323810	1.323810
00:00:00.054	1.322344	1.326007	1.323810
00:00:00.054	1.313553	1.317216	1.315751
00:00:00.054	1.306227	1.315751	1.325275
00:00:00.055	1.323077	1.322344	1.323810
00:00:00.055	1.315018	1.317216	1.309890
00:00:00.056	1.306960	1.312821	1.317949
00:00:00.056	1.320147	1.323077	1.322344
00:00:00.056	1.317949	1.322344	1.320147
00:00:00.058	1.309158	1.312088	1.315018
00:00:00.058	1.315751	1.326007	1.323810
00:00:00.058	1.320147	1.321612	1.319414
00:00:00.058	1.314286	1.317216	1.317949
00:00:00.058	1.307692	1.314286	1.316484
00:00:00.058	1.317216	1.324542	1.323077
00:00:00.059	1.317949	1.331136	1.323810
00:00:00.059	1.315751	1.331136	1.321612
00:00:00.091	1.317949	1.327473	1.320879
00:00:00.092	1.314286	1.321612	1.320879
00:00:00.092	1.307692	1.315751	1.323077
00:00:00.092	1.307692	1.322344	1.315751
00:00:00.095	1.309158	1.309158	1.313553
00:00:00.095	1.302564	1.307692	1.309890
00:00:00.095	1.308425	1.325275	1.318681
00:00:00.095	1.311355	1.325275	1.320879
00:00:00.095	1.297436	1.293040	1.310623
00:00:00.096	1.284249	1.287912	1.303297
00:00:00.096	1.302564	1.307692	1.319414
00:00:00.096	1.307692	1.309890	1.309890
00:00:00.097	1.331136	1.331136	1.318681
00:00:00.097	1.312088	1.323077	1.322344
00:00:00.097	1.326740	1.328205	1.317216
00:00:00.097	1.365568	1.320879	1.326740
00:00:00.097	1.331136	1.325275	1.331868
00:00:00.097	1.315018	1.326007	1.322344
00:00:00.101	1.302564	1.323077	1.313553
00:00:00.101	1.326740	1.325275	1.320147
00:00:00.101	1.323810	1.326007	1.327473
00:00:00.101	1.316484	1.320879	1.315018
00:00:00.101	1.323077	1.328205	1.319414
00:00:00.101	1.299634	1.315751	1.318681
00:00:00.101	1.331868	1.326740	1.334799
00:00:00.101	1.317216	1.320147	1.328938
00:00:00.101	1.317216	1.323810	1.326007
00:00:00.101	1.307692	1.323810	1.326007
00:00:00.101	1.315018	1.326740	1.316484
00:00:00.102	1.300366	1.318681	1.307692
00:00:00.102	1.295971	1.319414	1.308425
00:00:00.102	1.298168	1.315751	1.304029
00:00:00.103	1.306227	1.317216	1.311355
00:00:00.103	1.303297	1.320879	1.317216
00:00:00.103	1.306227	1.319414	1.327473
00:00:00.104	1.316484	1.314286	1.343590
00:00:00.104	1.331868	1.316484	1.328938
00:00:00.105	1.308425	1.320147	1.335531
00:00:00.105	1.309890	1.327473	1.330403
00:00:00.105	1.309890	1.323810	1.320147
00:00:00.106	1.286447	1.314286	1.310623
00:00:00.106	1.282784	1.317216	1.292308
00:00:00.106	1.300366	1.328938	1.289377
00:00:00.107	1.310623	1.327473	1.299634
00:00:00.107	1.309890	1.309158	1.315751
00:00:00.107	1.338462	1.320147	1.323810
00:00:00.108	1.366300	1.323810	1.290110
00:00:00.108	1.378755	1.323810	1.316484
00:00:00.109	1.339927	1.319414	1.334066
00:00:00.109	1.288645	1.318681	1.342125
00:00:00.141	1.268132	1.327473	1.386813
00:00:00.141	1.287179	1.320879	1.377289
00:00:00.142	1.309158	1.323077	1.328205
00:00:00.142	1.297436	1.309890	1.307692
00:00:00.143	1.315018	1.326740	1.316484
00:00:00.143	1.314286	1.322344	1.323810
00:00:00.143	1.305495	1.325275	1.320147
00:00:00.144	1.276190	1.309890	1.300366
00:00:00.144	1.297436	1.326007	1.315018
00:00:00.144	1.298901	1.327473	1.321612
00:00:00.145	1.292308	1.318681	1.309158
00:00:00.145	1.291575	1.307692	1.305495
00:00:00.146	1.323810	1.321612	1.289377
00:00:00.146	1.349451	1.323810	1.276923
00:00:00.146	1.346520	1.313553	1.318681
00:00:00.146	1.320147	1.323810	1.323810
00:00:00.147	1.306227	1.326740	1.340659
00:00:00.147	1.312821	1.305495	1.337729
00:00:00.148	1.320879	1.305495	1.359707
00:00:00.148	1.346520	1.323077	1.357509
00:00:00.148	1.405128	1.326740	1.345788
00:00:00.149	1.387546	1.315751	1.336996
00:00:00.149	1.347253	1.313553	1.304029
00:00:00.149	1.312088	1.320879	1.300366
00:00:00.150	1.310623	1.323810	1.305495
00:00:00.150	1.279121	1.325275	1.312821
00:00:00.150	1.181685	1.310623	1.303297
00:00:00.151	1.136996	1.316484	1.309158
00:00:00.151	1.205861	1.315751	1.306227
00:00:00.151	1.383883	1.316484	1.312088
00:00:00.152	1.378022	1.315751	1.319414
00:00:00.152	1.380952	1.327473	1.331136
00:00:00.153	1.370696	1.320147	1.320879
00:00:00.153	1.327473	1.313553	1.310623
00:00:00.153	1.301832	1.312088	1.315751
00:00:00.154	1.331136	1.325275	1.326007
00:00:00.154	1.350183	1.320147	1.323810
00:00:00.154	1.315018	1.318681	1.330403
00:00:00.155	1.302564	1.324542	1.323810
00:00:00.155	1.300366	1.323077	1.314286
00:00:00.155	1.299634	1.323810	1.319414
00:00:00.156	1.300366	1.324542	1.323810
00:00:00.156	1.289377	1.315018	1.318681
00:00:00.156	1.281319	1.315751	1.304029
00:00:00.157	1.267399	1.311355	1.320147
00:00:00.157	1.301099	1.317949	1.331868
00:00:00.158	1.308425	1.315018	1.316484
00:00:00.158	1.316484	1.319414	1.308425
00:00:00.158	1.351648	1.323077	1.328205
00:00:00.161	1.387546	1.320879	1.323810
00:00:00.192	1.344322	1.325275	1.323810
00:00:00.192	1.323810	1.314286	1.323810
00:00:00.194	1.315018	1.320879	1.318681
00:00:00.194	1.302564	1.320147	1.314286
00:00:00.194	1.303297	1.320879	1.327473
00:00:00.194	1.308425	1.325275	1.325275
00:00:00.194	1.315751	1.326740	1.323810
00:00:00.194	1.301832	1.320147	1.317949
00:00:00.194	1.306227	1.323810	1.320147
00:00:00.194	1.308425	1.325275	1.321612
00:00:00.194	1.297436	1.323077	1.300366
00:00:00.198	1.303297	1.318681	1.307692
00:00:00.198	1.308425	1.315018	1.329670
00:00:00.198	1.332601	1.309890	1.332601
00:00:00.198	1.327473	1.330403	1.327473
00:00:00.198	1.303297	1.318681	1.314286
00:00:00.198	1.310623	1.326740	1.320147
00:00:00.198	1.317216	1.326740	1.320879
00:00:00.198	1.315018	1.320147	1.315018
00:00:00.198	1.315751	1.304762	1.320879
00:00:00.199	1.304029	1.255678	1.323810
00:00:00.199	1.318681	1.273260	1.317216
00:00:00.199	1.320147	1.305495	1.320879
00:00:00.199	1.306960	1.324542	1.319414
00:00:00.199	1.306227	1.340659	1.318681
00:00:00.200	1.317216	1.371429	1.326007
00:00:00.200	1.315018	1.400000	1.317216
00:00:00.201	1.312088	1.392674	1.312821
00:00:00.201	1.315751	1.350916	1.323810
00:00:00.201	1.309890	1.306227	1.326007
00:00:00.202	1.295971	1.268864	1.328205
00:00:00.202	1.300366	1.268864	1.323810
00:00:00.202	1.337729	1.292308	1.315018
00:00:00.203	1.365568	1.315018	1.311355
00:00:00.203	1.320879	1.305495	1.313553
00:00:00.203	1.309890	1.308425	1.312088
00:00:00.204	1.276190	1.320879	1.315018
00:00:00.204	1.269597	1.327473	1.317949
00:00:00.204	1.293773	1.330403	1.312821
00:00:00.205	1.327473	1.314286	1.321612
00:00:00.205	1.356044	1.318681	1.326740
00:00:00.206	1.311355	1.334799	1.321612
00:00:00.206	1.273260	1.375824	1.328205
00:00:00.206	1.305495	1.375092	1.322344
00:00:00.207	1.345788	1.350916	1.314286
00:00:00.207	1.389744	1.334066	1.317216
00:00:00.207	1.266667	1.326740	1.323810
00:00:00.208	1.236630	1.315751	1.319414
00:00:00.208	1.244689	1.301099	1.315751
00:00:00.208	1.261538	1.309890	1.326740
00:00:00.241	1.260073	1.295971	1.330403
00:00:00.241	1.273993	1.277656	1.323810
00:00:00.241	1.421978	1.307692	1.336996
00:00:00.242	1.528938	1.324542	1.331136
00:00:00.242	1.487912	1.307692	1.314286
00:00:00.242	1.365568	1.323077	1.312088
00:00:00.243	1.282051	1.332601	1.310623
00:00:00.243	1.276190	1.336264	1.311355
00:00:00.243	1.282051	1.331136	1.304762
00:00:00.244	1.238828	1.317949	1.316484
00:00:00.244	1.231502	1.311355	1.322344
00:00:00.245	1.412454	1.298901	1.316484
00:00:00.245	1.463004	1.321612	1.323077
00:00:00.246	1.427839	1.303297	1.312088
00:00:00.246	1.374359	1.323810	1.332601
00:00:00.246	1.273993	1.301832	1.338462
00:00:00.246	1.134066	1.287912	1.337729
00:00:00.247	1.154579	1.287912	1.317949
00:00:00.247	1.209524	1.296703	1.309158
00:00:00.247	1.255678	1.329670	1.299634
00:00:00.248	1.245421	1.350916	1.304762
00:00:00.248	1.121612	1.332601	1.300366
00:00:00.248	1.187546	1.311355	1.315018
00:00:00.250	1.301099	1.284249	1.320879
00:00:00.250	1.365568	1.402198	1.329670
00:00:00.250	1.429304	1.423443	1.331868
00:00:00.250	1.513553	1.381685	1.326007
00:00:00.251	1.468864	1.316484	1.334799
00:00:00.251	1.429304	1.290842	1.332601
00:00:00.251	1.350916	1.267399	1.323810
00:00:00.251	1.265201	1.249084	1.306960
00:00:00.252	1.276923	1.285714	1.318681
00:00:00.252	1.346520	1.269597	1.323810
00:00:00.252	1.312821	1.315018	1.320147
00:00:00.255	1.281319	1.326007	1.315018
00:00:00.255	1.276923	1.314286	1.310623
00:00:00.255	1.290110	1.338462	1.323810
00:00:00.255	1.306227	1.339927	1.323810
00:00:00.255	1.309158	1.337729	1.322344
00:00:00.257	1.290842	1.329670	1.312821
00:00:00.257	1.307692	1.333333	1.326740
00:00:00.257	1.312088	1.336996	1.334066
00:00:00.257	1.305495	1.333333	1.320879
00:00:00.257	1.294505	1.316484	1.313553
00:00:00.257	1.279853	1.310623	1.317949
00:00:00.257	1.325275	1.319414	1.323077
00:00:00.257	1.320147	1.320147	1.323810
00:00:00.257	1.287179	1.314286	1.312821
00:00:00.262	1.320147	1.308425	1.323077
00:00:00.262	1.405861	1.321612	1.336996
00:00:00.294	1.444689	1.322344	1.331136
00:00:00.294	1.438828	1.321612	1.315018
00:00:00.294	1.295238	1.323810	1.312088
00:00:00.294	1.154579	1.319414	1.284982
00:00:00.294	1.209524	1.322344	1.309158
00:00:00.294	1.288645	1.320147	1.316484
00:00:00.294	1.304762	1.317949	1.323077
00:00:00.294	1.305495	1.311355	1.313553
00:00:00.294	1.317949	1.316484	1.320879
00:00:00.294	1.317949	1.319414	1.323077
00:00:00.294	1.306960	1.315018	1.312821
00:00:00.295	1.299634	1.319414	1.320879
00:00:00.295	1.286447	1.320147	1.319414
00:00:00.295	1.291575	1.319414	1.320147
00:00:00.295	1.306227	1.319414	1.315751
00:00:00.296	1.334066	1.318681	1.326007
00:00:00.296	1.339194	1.317949	1.320879
00:00:00.296	1.373626	1.315751	1.323810
00:00:00.297	1.343590	1.323810	1.323810
00:00:00.297	1.291575	1.323810	1.323810
00:00:00.298	1.316484	1.326740	1.334799
00:00:00.298	1.366300	1.321612	1.332601
00:00:00.298	1.353114	1.312821	1.323077
00:00:00.299	1.405861	1.305495	1.311355
00:00:00.299	1.403663	1.306227	1.313553
00:00:00.299	1.230037	1.316484	1.306227
00:00:00.300	1.178755	1.318681	1.298901
00:00:00.300	1.205861	1.323810	1.312821
00:00:00.300	1.257143	1.326007	1.315751
00:00:00.301	1.294505	1.328938	1.320879
00:00:00.301	1.279853	1.324542	1.329670
00:00:00.301	1.284249	1.325275	1.328205
00:00:00.302	1.329670	1.326007	1.327473
00:00:00.303	1.367766	1.326007	1.328205
00:00:00.303	1.412454	1.323810	1.330403
00:00:00.303	1.397070	1.315751	1.312821
00:00:00.303	1.293773	1.320147	1.322344
00:00:00.304	1.318681	1.323077	1.328938
00:00:00.304	1.338462	1.317949	1.326740
00:00:00.304	1.279121	1.312821	1.307692
00:00:00.305	1.219048	1.319414	1.305495
00:00:00.305	1.341392	1.320879	1.307692
00:00:00.305	1.416117	1.328205	1.338462
00:00:00.306	1.412454	1.315018	1.339194
00:00:00.306	1.367033	1.317949	1.318681
00:00:00.306	1.287912	1.317216	1.315751
00:00:00.307	1.205128	1.321612	1.323810
00:00:00.307	1.027839	1.323810	1.311355
00:00:00.308	1.076923	1.330403	1.317949
00:00:00.308	1.246154	1.320879	1.313553
00:00:00.340	1.409524	1.279121	1.314286
00:00:00.340	1.451282	1.241026	1.333333
00:00:00.341	1.503297	1.286447	1.345788
00:00:00.341	1.562637	1.301099	1.338462
00:00:00.342	1.429304	1.299634	1.309158
00:00:00.342	1.342857	1.334799	1.310623
00:00:00.342	1.386081	1.375092	1.334799
00:00:00.343	1.191941	1.391209	1.300366
00:00:00.343	1.139194	1.407326	1.280586
00:00:00.343	1.216850	1.385348	1.285714
00:00:00.344	1.286447	1.344322	1.304762
00:00:00.344	1.361172	1.347253	1.342125
00:00:00.344	1.359707	1.345055	1.344322
00:00:00.345	1.309890	1.320147	1.321612
00:00:00.345	1.283516	1.295238	1.312821
00:00:00.347	1.276923	1.292308	1.300366
00:00:00.347	1.311355	1.285714	1.309890
00:00:00.347	1.317216	1.304762	1.331868
00:00:00.347	1.309890	1.300366	1.321612
00:00:00.347	1.308425	1.310623	1.330403
00:00:00.347	1.258608	1.308425	1.317949
00:00:00.349	1.271062	1.317216	1.322344
00:00:00.349	1.316484	1.322344	1.340659
00:00:00.349	1.377289	1.320147	1.329670
00:00:00.349	1.429304	1.317949	1.326740
00:00:00.349	1.446886	1.315018	1.326740
00:00:00.349	1.374359	1.317216	1.325275
00:00:00.351	1.320879	1.315018	1.312821
00:00:00.351	1.236630	1.317949	1.315751
00:00:00.351	1.193407	1.313553	1.294505
00:00:00.351	1.199267	1.315751	1.316484
00:00:00.351	1.316484	1.323077	1.329670
00:00:00.355	1.347253	1.312821	1.300366
00:00:00.355	1.339194	1.334066	1.317949
00:00:00.355	1.350916	1.323077	1.316484
00:00:00.355	1.369963	1.312088	1.320147
00:00:00.355	1.327473	1.320879	1.322344
00:00:00.355	1.228571	1.318681	1.309158
00:00:00.355	1.388278	1.314286	1.332601
00:00:00.355	1.361905	1.320879	1.336264
00:00:00.355	1.287179	1.317216	1.339194
00:00:00.355	1.282784	1.313553	1.330403
00:00:00.355	1.293040	1.320879	1.328938
00:00:00.359	1.289377	1.323077	1.322344
00:00:00.359	1.309158	1.319414	1.323810
00:00:00.359	1.325275	1.313553	1.327473
00:00:00.359	1.315018	1.316484	1.312821
00:00:00.359	1.298901	1.321612	1.320879
00:00:00.359	1.307692	1.326740	1.336264
00:00:00.359	1.302564	1.320147	1.319414
00:00:00.390	1.300366	1.317216	1.294505
00:00:00.390	1.312088	1.327473	1.294505
00:00:00.392	1.304762	1.320879	1.286447
00:00:00.392	1.317216	1.326007	1.296703
00:00:00.392	1.299634	1.315018	1.291575
00:00:00.392	1.308425	1.312088	1.303297
00:00:00.392	1.319414	1.319414	1.306227
00:00:00.392	1.316484	1.323810	1.306227
00:00:00.393	1.320147	1.321612	1.356777
00:00:00.393	1.337729	1.320147	1.386813
00:00:00.393	1.340659	1.312821	1.369231
00:00:00.394	1.367766	1.324542	1.389011
00:00:00.394	1.384615	1.312821	1.351648
00:00:00.395	1.358974	1.312088	1.321612
00:00:00.395	1.229304	1.312821	1.285714
00:00:00.395	1.341392	1.317216	1.299634
00:00:00.396	1.366300	1.317216	1.303297
00:00:00.396	1.204396	1.322344	1.295238
00:00:00.396	1.303297	1.323810	1.302564
00:00:00.397	1.292308	1.323077	1.303297
00:00:00.397	1.278388	1.315751	1.312821
00:00:00.397	1.257143	1.310623	1.312088
00:00:00.398	1.267399	1.321612	1.320147
00:00:00.398	1.293040	1.315018	1.307692
00:00:00.398	1.303297	1.324542	1.328205
00:00:00.399	1.308425	1.317949	1.318681
00:00:00.399	1.308425	1.314286	1.318681
00:00:00.400	1.336264	1.320147	1.327473
00:00:00.400	1.349451	1.317949	1.323810
00:00:00.400	1.326740	1.312088	1.314286
00:00:00.401	1.330403	1.325275	1.320147
00:00:00.401	1.326740	1.319414	1.313553
00:00:00.401	1.314286	1.315751	1.312821
00:00:00.402	1.328205	1.309158	1.314286
00:00:00.402	1.338462	1.312088	1.320147
00:00:00.402	1.303297	1.326740	1.326007
00:00:00.403	1.242491	1.320147	1.314286
00:00:00.403	1.203663	1.331136	1.304029
00:00:00.403	1.221978	1.320879	1.304762
00:00:00.404	1.273260	1.320147	1.327473
00:00:00.404	1.342857	1.319414	1.331868
00:00:00.405	1.395604	1.322344	1.336996
00:00:00.405	1.455678	1.321612	1.336264
00:00:00.405	1.500366	1.293040	1.332601
00:00:00.406	1.438828	1.267399	1.333333
00:00:00.406	1.367766	1.277656	1.313553
00:00:00.406	1.276923	1.299634	1.309158
00:00:00.408	1.261538	1.312088	1.320879
00:00:00.408	1.283516	1.334066	1.317949
00:00:00.408	1.273260	1.384615	1.323810
00:00:00.440	1.290110	1.404396	1.316484
00:00:00.440	1.306960	1.401465	1.317216
00:00:00.440	1.200000	1.329670	1.320879
00:00:00.441	1.194139	1.285714	1.308425
00:00:00.441	1.253480	1.296703	1.316484
00:00:00.441	1.359707	1.299634	1.323810
00:00:00.442	1.429304	1.320879	1.331136
00:00:00.442	1.407326	1.315018	1.317949
00:00:00.443	1.358242	1.317949	1.318681
00:00:00.443	1.264469	1.312088	1.312088
00:00:00.443	1.232967	1.318681	1.310623
00:00:00.445	1.183150	1.320879	1.315018
00:00:00.445	1.231502	1.315018	1.323077
00:00:00.445	1.215385	1.314286	1.323077
00:00:00.445	1.328938	1.317216	1.326007
00:00:00.445	1.378755	1.312821	1.328205
00:00:00.445	1.409524	1.315018	1.325275
00:00:00.447	1.397070	1.323077	1.341392
00:00:00.447	1.356777	1.335531	1.334799
00:00:00.447	1.331136	1.328938	1.315751
00:00:00.449	1.454212	1.328205	1.317216
00:00:00.449	1.465201	1.320879	1.313553
00:00:00.449	1.112821	1.311355	1.287912
00:00:00.449	1.225641	1.317949	1.309890
00:00:00.449	1.281319	1.312088	1.318681
00:00:00.451	1.289377	1.318681	1.322344
00:00:00.451	1.315018	1.304029	1.328938
00:00:00.451	1.338462	1.316484	1.340659
00:00:00.451	1.389744	1.317949	1.337729
00:00:00.451	1.367766	1.318681	1.331868
00:00:00.451	1.295971	1.323810	1.317216
00:00:00.451	1.240293	1.320879	1.307692
00:00:00.451	1.266667	1.319414	1.312821
00:00:00.451	1.304029	1.328205	1.325275
00:00:00.456	1.313553	1.323077	1.323077
00:00:00.456	1.316484	1.321612	1.322344
00:00:00.456	1.318681	1.314286	1.317216
00:00:00.456	1.313553	1.312821	1.314286
00:00:00.456	1.320879	1.325275	1.326740
00:00:00.456	1.323077	1.323077	1.323810
00:00:00.456	1.322344	1.320879	1.318681
00:00:00.456	1.317949	1.309890	1.317216
00:00:00.456	1.328938	1.311355	1.317216
00:00:00.456	1.328938	1.323077	1.336264
00:00:00.456	1.339194	1.327473	1.334066
00:00:00.457	1.315751	1.325275	1.336996
00:00:00.457	1.318681	1.320879	1.327473
00:00:00.457	1.276190	1.307692	1.312821
00:00:00.457	1.380220	1.320147	1.314286
00:00:00.457	1.354579	1.320879	1.305495
00:00:00.489	1.235165	1.315018	1.288645
00:00:00.490	1.251282	1.316484	1.308425
00:00:00.490	1.288645	1.326740	1.319414
00:00:00.490	1.298168	1.320879	1.318681
00:00:00.492	1.307692	1.320147	1.327473
00:00:00.492	1.304762	1.317949	1.323077
00:00:00.492	1.339194	1.318681	1.320879
00:00:00.492	1.338462	1.319414	1.313553
00:00:00.492	1.342857	1.313553	1.307692
00:00:00.493	1.318681	1.323077	1.317949
00:00:00.493	1.304029	1.315751	1.319414
00:00:00.493	1.309158	1.321612	1.312821
00:00:00.494	1.302564	1.313553	1.306960
00:00:00.494	1.315751	1.325275	1.316484
00:00:00.494	1.304762	1.318681	1.306960
00:00:00.495	1.308425	1.325275	1.323810
00:00:00.495	1.291575	1.317216	1.320147
00:00:00.495	1.276190	1.319414	1.339194
00:00:00.496	1.304029	1.320147	1.361172
00:00:00.496	1.336264	1.316484	1.341392
00:00:00.497	1.388278	1.318681	1.334799
00:00:00.497	1.335531	1.320147	1.330403
00:00:00.497	1.341392	1.317216	1.309158
00:00:00.498	1.306227	1.317216	1.296703
00:00:00.498	1.272527	1.317216	1.302564
00:00:00.498	1.331136	1.320879	1.295971
00:00:00.499	1.316484	1.323077	1.304029
00:00:00.499	1.264469	1.327473	1.311355
00:00:00.499	1.282051	1.323810	1.320147
00:00:00.500	1.324542	1.324542	1.330403
00:00:00.500	1.356044	1.326740	1.337729
00:00:00.501	1.402198	1.316484	1.326007
00:00:00.501	1.372161	1.309890	1.316484
00:00:00.501	1.316484	1.304029	1.321612
00:00:00.502	1.307692	1.296703	1.317216
00:00:00.502	1.297436	1.313553	1.309158
00:00:00.502	1.239560	1.323810	1.303297
00:00:00.503	1.247619	1.321612	1.327473
00:00:00.503	1.309158	1.314286	1.326007
00:00:00.503	1.302564	1.315018	1.320147
00:00:00.504	1.216850	1.312821	1.300366
00:00:00.504	1.323810	1.306960	1.305495
00:00:00.504	1.347253	1.322344	1.328938
00:00:00.505	1.357509	1.320879	1.334066
00:00:00.505	1.364103	1.333333	1.323810
00:00:00.506	1.331868	1.332601	1.331868
00:00:00.506	1.255678	1.322344	1.313553
00:00:00.506	1.219048	1.320147	1.312088
00:00:00.507	1.290842	1.320879	1.323077
00:00:00.507	1.334066	1.324542	1.307692
00:00:00.539	1.355311	1.317216	1.297436
00:00:00.540	1.378755	1.312821	1.301832
00:00:00.540	1.276923	1.319414	1.306227
00:00:00.540	1.273993	1.326007	1.328205
00:00:00.542	1.286447	1.309158	1.316484
00:00:00.542	1.309890	1.320879	1.328205
00:00:00.542	1.365568	1.309890	1.314286
00:00:00.543	1.341392	1.319414	1.316484
00:00:00.543	1.310623	1.318681	1.315751
00:00:00.543	1.357509	1.265934	1.320879
00:00:00.546	1.342125	1.265201	1.318681
00:00:00.546	1.345055	1.285714	1.328205
00:00:00.546	1.441026	1.318681	1.350916
00:00:00.546	1.334799	1.326007	1.328938
00:00:00.546	1.188278	1.349451	1.315751
00:00:00.546	1.245421	1.376557	1.304762
00:00:00.546	1.263736	1.400000	1.315018
00:00:00.546	1.304029	1.383883	1.306960
00:00:00.546	1.322344	1.321612	1.309158
00:00:00.546	1.315018	1.300366	1.322344
00:00:00.546	1.315018	1.306227	1.323810
00:00:00.551	1.313553	1.305495	1.322344
00:00:00.551	1.307692	1.301832	1.315018
00:00:00.551	1.317216	1.311355	1.327473
00:00:00.551	1.306960	1.309158	1.326007
00:00:00.551	1.309158	1.317949	1.312821
00:00:00.551	1.298901	1.309158	1.287179
00:00:00.551	1.282784	1.309158	1.287912
00:00:00.551	1.296703	1.320147	1.291575
00:00:00.551	1.312821	1.312821	1.281319
00:00:00.551	1.336996	1.317216	1.300366
00:00:00.551	1.332601	1.298168	1.302564
00:00:00.551	1.331136	1.312088	1.370696
00:00:00.551	1.333333	1.325275	1.437363
00:00:00.551	1.347985	1.338462	1.416850
00:00:00.553	1.326007	1.327473	1.320147
00:00:00.553	1.269597	1.320879	1.298168
00:00:00.553	1.304029	1.321612	1.298168
00:00:00.553	1.304029	1.317949	1.300366
00:00:00.553	1.292308	1.309890	1.302564
00:00:00.554	1.321612	1.323077	1.311355
00:00:00.554	1.301832	1.316484	1.300366
00:00:00.554	1.326007	1.323077	1.314286
00:00:00.555	1.297436	1.315018	1.313553
00:00:00.555	1.279121	1.328205	1.326007
00:00:00.555	1.299634	1.326007	1.324542
00:00:00.556	1.331868	1.323077	1.322344
00:00:00.556	1.326007	1.326740	1.326740
00:00:00.556	1.345788	1.315018	1.307692
00:00:00.557	1.351648	1.312088	1.312088
00:00:00.589	1.279121	1.320147	1.311355
00:00:00.589	1.241758	1.325275	1.320879
00:00:00.590	1.247619	1.320879	1.311355
00:00:00.590	1.330403	1.322344	1.321612
00:00:00.590	1.421245	1.319414	1.327473
00:00:00.591	1.392674	1.317949	1.323810
00:00:00.591	1.434432	1.326007	1.321612
00:00:00.591	1.386813	1.323077	1.325275
00:00:00.592	1.298901	1.328205	1.326007
00:00:00.592	1.147985	1.323077	1.314286
00:00:00.593	1.285714	1.317949	1.319414
00:00:00.593	1.345788	1.312088	1.313553
00:00:00.593	1.325275	1.310623	1.320147
00:00:00.594	1.375092	1.319414	1.323810
00:00:00.594	1.265934	1.312821	1.325275
00:00:00.594	1.318681	1.322344	1.339194
00:00:00.595	1.299634	1.319414	1.328205
00:00:00.595	1.323077	1.333333	1.317216
00:00:00.596	1.309890	1.312088	1.294505
00:00:00.596	1.233700	1.324542	1.294505
00:00:00.596	1.227839	1.328938	1.300366
00:00:00.596	1.276923	1.315751	1.307692
00:00:00.597	1.298168	1.323810	1.326007
00:00:00.597	1.317949	1.328938	1.323810
00:00:00.598	1.344322	1.318681	1.319414
00:00:00.598	1.369231	1.329670	1.334799
00:00:00.598	1.374359	1.309890	1.344322
00:00:00.599	1.389011	1.307692	1.345055
00:00:00.599	1.342125	1.303297	1.310623
00:00:00.599	1.288645	1.315751	1.306960
00:00:00.600	1.209524	1.297436	1.300366
00:00:00.600	1.258608	1.316484	1.304029
00:00:00.600	1.309890	1.312821	1.312088
00:00:00.601	1.306227	1.342125	1.308425
00:00:00.601	1.285714	1.361172	1.318681
00:00:00.601	1.260073	1.335531	1.309158
00:00:00.602	1.291575	1.306960	1.322344
00:00:00.602	1.333333	1.308425	1.319414
00:00:00.603	1.348718	1.315751	1.323810
00:00:00.603	1.338462	1.336996	1.326740
00:00:00.604	1.317949	1.309158	1.315018
00:00:00.604	1.312088	1.312088	1.321612
00:00:00.604	1.302564	1.317216	1.319414
00:00:00.604	1.285714	1.313553	1.312821
00:00:00.606	1.295971	1.317949	1.317949
00:00:00.606	1.327473	1.312821	1.314286
00:00:00.606	1.421245	1.326007	1.328205
00:00:00.606	1.401465	1.318681	1.320147
00:00:00.606	1.360440	1.324542	1.328938
00:00:00.610	1.213919	1.315751	1.312821
00:00:00.640	1.243223	1.308425	1.307692
00:00:00.640	1.311355	1.318681	1.309890
00:00:00.640	1.323810	1.310623	1.290842
00:00:00.640	1.317216	1.307692	1.307692
00:00:00.640	1.287179	1.249817	1.314286
00:00:00.643	1.273993	1.268864	1.334066
00:00:00.643	1.297436	1.305495	1.352381
00:00:00.643	1.326007	1.320879	1.335531
00:00:00.643	1.372161	1.336264	1.320879
00:00:00.643	1.452747	1.369963	1.317216
00:00:00.643	1.348718	1.402198	1.322344
00:00:00.643	1.284982	1.402198	1.316484
00:00:00.643	1.273260	1.361172	1.298168
00:00:00.647	1.280586	1.306960	1.310623
00:00:00.647	1.298168	1.309158	1.326007
00:00:00.647	1.301832	1.307692	1.323077
00:00:00.647	1.290842	1.302564	1.305495
00:00:00.647	1.270330	1.304029	1.312088
00:00:00.647	1.286447	1.309890	1.320879
00:00:00.647	1.309158	1.312088	1.326740
00:00:00.647	1.291575	1.307692	1.318681
00:00:00.647	1.326740	1.317949	1.332601
00:00:00.647	1.343590	1.315018	1.329670
00:00:00.647	1.383883	1.317949	1.333333
00:00:00.647	1.405861	1.325275	1.333333
00:00:00.649	1.317949	1.312821	1.318681
00:00:00.649	1.173626	1.307692	1.300366
00:00:00.649	1.380220	1.304029	1.313553
00:00:00.649	1.452015	1.304029	1.311355
00:00:00.649	1.317949	1.295238	1.311355
00:00:00.649	1.252015	1.300366	1.320147
00:00:00.650	1.252747	1.312088	1.321612
00:00:00.650	1.247619	1.321612	1.311355
00:00:00.651	1.252015	1.331136	1.312821
00:00:00.651	1.281319	1.331868	1.300366
00:00:00.651	1.282051	1.338462	1.313553
00:00:00.652	1.323810	1.336264	1.323810
00:00:00.652	1.345788	1.327473	1.313553
00:00:00.652	1.331136	1.338462	1.320879
00:00:00.653	1.317216	1.342857	1.321612
00:00:00.653	1.299634	1.334066	1.315751
00:00:00.653	1.328205	1.302564	1.312821
00:00:00.654	1.365568	1.307692	1.332601
00:00:00.654	1.391209	1.315751	1.326007
00:00:00.654	1.349451	1.311355	1.317949
00:00:00.655	1.290110	1.308425	1.315018
00:00:00.655	1.259341	1.313553	1.327473
00:00:00.656	1.287179	1.323810	1.328938
00:00:00.656	1.369231	1.319414	1.323810
00:00:00.656	1.346520	1.305495	1.317949
00:00:00.688	1.254945	1.321612	1.326740
00:00:00.689	1.312088	1.322344	1.341392
00:00:00.689	1.402930	1.335531	1.333333
00:00:00.690	1.295238	1.334799	1.311355
00:00:00.690	1.258608	1.331868	1.311355
00:00:00.690	1.167766	1.328938	1.303297
00:00:00.691	1.263736	1.322344	1.309158
00:00:00.691	1.291575	1.315018	1.308425
00:00:00.691	1.304762	1.306227	1.326740
00:00:00.692	1.334066	1.292308	1.315751
00:00:00.692	1.350916	1.293040	1.315751
00:00:00.692	1.346520	1.304029	1.313553
00:00:00.693	1.343590	1.313553	1.304762
00:00:00.693	1.295971	1.332601	1.324542
00:00:00.694	1.260073	1.326740	1.313553
00:00:00.694	1.303297	1.315751	1.321612
00:00:00.694	1.281319	1.320147	1.318681
00:00:00.695	1.407326	1.321612	1.329670
00:00:00.695	1.450549	1.326007	1.330403
00:00:00.695	1.343590	1.319414	1.317216
00:00:00.696	1.246154	1.315751	1.319414
00:00:00.696	1.178755	1.324542	1.326740
00:00:00.696	1.241758	1.326007	1.323077
00:00:00.697	1.336264	1.318681	1.315751
00:00:00.697	1.417582	1.315018	1.315751
00:00:00.697	1.435165	1.324542	1.325275
00:00:00.699	1.348718	1.319414	1.320879
00:00:00.699	1.288645	1.323810	1.320879
00:00:00.699	1.336996	1.315751	1.312821
00:00:00.699	1.337729	1.314286	1.322344
00:00:00.699	1.300366	1.318681	1.317949
00:00:00.700	1.272527	1.320147	1.309158
00:00:00.701	1.269597	1.316484	1.310623
00:00:00.701	1.271062	1.311355	1.306960
00:00:00.701	1.304762	1.323077	1.327473
00:00:00.701	1.334066	1.319414	1.315751
00:00:00.701	1.400000	1.316484	1.318681
00:00:00.705	1.290110	1.323810	1.312821
00:00:00.705	1.228571	1.323077	1.330403
00:00:00.705	1.282784	1.320147	1.350183
00:00:00.705	1.305495	1.321612	1.328938
00:00:00.705	1.298901	1.323810	1.330403
00:00:00.705	1.323077	1.323077	1.325275
00:00:00.705	1.379487	1.322344	1.323077
00:00:00.705	1.445421	1.320879	1.326007
00:00:00.706	1.452747	1.323810	1.312821
00:00:00.706	1.397070	1.325275	1.301832
00:00:00.706	1.239560	1.321612	1.276923
00:00:00.707	1.161905	1.323077	1.279121
00:00:00.707	1.297436	1.310623	1.293773
00:00:00.739	1.194872	1.318681	1.320147
00:00:00.739	1.219780	1.320147	1.323810
00:00:00.739	1.253480	1.314286	1.357509
00:00:00.739	1.263736	1.320147	1.340659
00:00:00.744	1.316484	1.324542	1.320879
00:00:00.744	1.338462	1.317949	1.318681
00:00:00.744	1.348718	1.306960	1.328938
00:00:00.744	1.335531	1.321612	1.336996
00:00:00.744	1.358242	1.323077	1.331136
00:00:00.744	1.367033	1.323077	1.327473
00:00:00.744	1.319414	1.316484	1.312088
00:00:00.744	1.254945	1.317949	1.309158
00:00:00.744	1.291575	1.324542	1.320879
00:00:00.744	1.287179	1.324542	1.307692
00:00:00.744	1.282784	1.314286	1.306227
00:00:00.744	1.291575	1.322344	1.331868
00:00:00.744	1.363370	1.317949	1.342125
00:00:00.744	1.344322	1.257875	1.349451
00:00:00.746	1.271062	1.261538	1.320147
00:00:00.746	1.329670	1.299634	1.309890
00:00:00.746	1.344322	1.320879	1.278388
