timestamp	ch1	ch2	ch3
00:00:00.000	1.320879	1.320879	1.316484
00:00:00.000	1.310623	1.316484	1.310623
00:00:00.000	1.317216	1.321612	1.330403
00:00:00.000	1.297436	1.316484	1.319414
00:00:00.002	1.301099	1.314286	1.313553
00:00:00.002	1.323810	1.326007	1.326740
00:00:00.002	1.319414	1.323810	1.317949
00:00:00.002	1.293773	1.314286	1.312088
00:00:00.002	1.311355	1.321612	1.322344
00:00:00.002	1.316484	1.322344	1.326740
00:00:00.003	1.317949	1.321612	1.320879
00:00:00.003	1.317216	1.320147	1.314286
00:00:00.004	1.320879	1.313553	1.310623
00:00:00.004	1.338462	1.318681	1.313553
00:00:00.004	1.333333	1.318681	1.309158
00:00:00.005	1.327473	1.325275	1.322344
00:00:00.005	1.320147	1.323810	1.325275
00:00:00.005	1.310623	1.323077	1.322344
00:00:00.006	1.309158	1.326007	1.318681
00:00:00.006	1.308425	1.323810	1.322344
00:00:00.006	1.304762	1.318681	1.320147
00:00:00.007	1.297436	1.312088	1.300366
00:00:00.007	1.309158	1.315751	1.315018
00:00:00.007	1.309158	1.323810	1.326740
00:00:00.008	1.317949	1.323810	1.326740
00:00:00.008	1.312088	1.316484	1.318681
00:00:00.009	1.315751	1.323810	1.318681
00:00:00.009	1.322344	1.314286	1.317949
00:00:00.009	1.315018	1.320879	1.326007
00:00:00.010	1.304029	1.312821	1.316484
00:00:00.010	1.315018	1.320147	1.315018
00:00:00.010	1.312088	1.316484	1.310623
00:00:00.011	1.320879	1.326007	1.328938
00:00:00.011	1.318681	1.326007	1.323077
00:00:00.011	1.312088	1.315751	1.317216
00:00:00.012	1.315018	1.317216	1.312821
00:00:00.012	1.306960	1.313553	1.320879
00:00:00.012	1.315751	1.318681	1.315018
00:00:00.013	1.320147	1.323810	1.323810
00:00:00.013	1.317949	1.323077	1.316484
00:00:00.014	1.315751	1.316484	1.311355
00:00:00.014	1.312088	1.312088	1.320147
00:00:00.014	1.312088	1.320879	1.319414
00:00:00.015	1.317949	1.324542	1.321612
00:00:00.015	1.312821	1.317949	1.315751
00:00:00.015	1.315018	1.319414	1.319414
00:00:00.016	1.311355	1.323077	1.326740
00:00:00.048	1.317949	1.323810	1.323810
00:00:00.048	1.306227	1.317216	1.310623
00:00:00.049	1.303297	1.323077	1.317949
00:00:00.049	1.304029	1.315751	1.313553
00:00:00.049	1.324542	1.316484	1.326740
00:00:00.050	1.324542	1.336264	1.329670
00:00:00.050	1.306960	1.341392	1.320147
00:00:00.050	1.316484	1.339194	1.323810
00:00:00.051	1.304029	1.317949	1.300366
00:00:00.051	1.312821	1.290842	1.314286
00:00:00.051	1.315751	1.303297	1.309158
00:00:00.052	1.315018	1.328938	1.326007
00:00:00.052	1.317216	1.326007	1.322344
00:00:00.054	1.326740	1.300366	1.323810
00:00:00.054	1.306227	1.285714	1.308425
00:00:00.054	1.318681	1.292308	1.317216
00:00:00.054	1.323077	1.315018	1.336264
00:00:00.054	1.301832	1.316484	1.322344
00:00:00.054	1.314286	1.315018	1.317949
00:00:00.057	1.312821	1.313553	1.312088
00:00:00.057	1.312088	1.334066	1.317949
00:00:00.057	1.315018	1.334066	1.318681
00:00:00.057	1.315751	1.331136	1.318681
00:00:00.057	1.309158	1.320147	1.310623
00:00:00.057	1.315751	1.320879	1.320879
00:00:00.058	1.301832	1.317949	1.322344
00:00:00.058	1.300366	1.326007	1.323810
00:00:00.058	1.287912	1.313553	1.308425
00:00:00.059	1.307692	1.330403	1.334066
00:00:00.059	1.307692	1.311355	1.320879
00:00:00.059	1.290110	1.250549	1.312088
00:00:00.059	1.311355	1.250549	1.318681
00:00:00.059	1.320147	1.243956	1.320147
00:00:00.064	1.345055	1.272527	1.326740
00:00:00.064	1.338462	1.305495	1.321612
00:00:00.064	1.322344	1.349451	1.320879
00:00:00.064	1.331868	1.386081	1.328205
00:00:00.064	1.322344	1.421978	1.319414
00:00:00.064	1.296703	1.435897	1.315018
00:00:00.064	1.301832	1.441758	1.326007
00:00:00.064	1.320879	1.374359	1.321612
00:00:00.064	1.319414	1.342125	1.323810
00:00:00.064	1.295238	1.309158	1.309890
00:00:00.064	1.308425	1.307692	1.321612
00:00:00.064	1.332601	1.306960	1.336264
00:00:00.064	1.314286	1.301099	1.327473
00:00:00.064	1.315018	1.298901	1.325275
00:00:00.065	1.315751	1.290842	1.315751
00:00:00.065	1.328205	1.287179	1.304762
00:00:00.065	1.316484	1.292308	1.309158
00:00:00.098	1.311355	1.304029	1.318681
00:00:00.098	1.298168	1.306227	1.312821
00:00:00.098	1.302564	1.301099	1.309890
00:00:00.099	1.317949	1.316484	1.323810
00:00:00.099	1.312088	1.317949	1.321612
00:00:00.099	1.309158	1.317216	1.320147
00:00:00.100	1.310623	1.310623	1.309890
00:00:00.100	1.305495	1.314286	1.319414
00:00:00.101	1.320147	1.320147	1.331868
00:00:00.101	1.317216	1.324542	1.328938
00:00:00.101	1.314286	1.323810	1.328205
00:00:00.102	1.316484	1.311355	1.315018
00:00:00.102	1.331868	1.312088	1.315018
00:00:00.102	1.308425	1.317216	1.322344
00:00:00.103	1.309158	1.327473	1.323810
00:00:00.103	1.315018	1.323077	1.322344
00:00:00.103	1.315018	1.317949	1.312821
00:00:00.104	1.314286	1.318681	1.312088
00:00:00.104	1.315018	1.322344	1.326007
00:00:00.104	1.320879	1.319414	1.320147
00:00:00.105	1.309158	1.315018	1.308425
00:00:00.105	1.315018	1.326007	1.323810
00:00:00.106	1.322344	1.320879	1.326740
00:00:00.106	1.300366	1.317949	1.313553
00:00:00.106	1.294505	1.323077	1.325275
00:00:00.107	1.311355	1.324542	1.323810
00:00:00.107	1.353114	1.319414	1.313553
00:00:00.107	1.361172	1.319414	1.322344
00:00:00.108	1.323810	1.315751	1.314286
00:00:00.108	1.274725	1.329670	1.320879
00:00:00.108	1.285714	1.318681	1.311355
00:00:00.109	1.296703	1.329670	1.325275
00:00:00.109	1.283516	1.318681	1.309158
00:00:00.109	1.301099	1.310623	1.308425
00:00:00.110	1.311355	1.315751	1.320879
00:00:00.110	1.325275	1.323810	1.317949
00:00:00.111	1.331868	1.320147	1.312088
00:00:00.111	1.322344	1.318681	1.309890
00:00:00.111	1.309890	1.312088	1.308425
00:00:00.112	1.311355	1.323077	1.323810
00:00:00.112	1.321612	1.325275	1.326740
00:00:00.112	1.317949	1.317216	1.323810
00:00:00.113	1.315018	1.313553	1.334799
00:00:00.113	1.323077	1.312088	1.347253
00:00:00.113	1.328205	1.326007	1.352381
00:00:00.114	1.318681	1.324542	1.328205
00:00:00.114	1.280586	1.321612	1.314286
00:00:00.114	1.232234	1.313553	1.304762
00:00:00.115	1.253480	1.315018	1.311355
00:00:00.115	1.301099	1.323077	1.320147
00:00:00.148	1.333333	1.318681	1.305495
00:00:00.148	1.367033	1.309890	1.310623
00:00:00.148	1.434432	1.323810	1.339927
00:00:00.148	1.484982	1.316484	1.342857
00:00:00.149	1.391209	1.312821	1.330403
00:00:00.149	1.279853	1.315751	1.304029
00:00:00.150	1.235165	1.313553	1.288645
00:00:00.152	1.279121	1.321612	1.306227
00:00:00.152	1.290842	1.315018	1.314286
00:00:00.152	1.286447	1.326740	1.312821
00:00:00.152	1.280586	1.321612	1.314286
00:00:00.152	1.280586	1.318681	1.320147
00:00:00.153	1.289377	1.313553	1.300366
00:00:00.153	1.291575	1.318681	1.315751
00:00:00.153	1.313553	1.326740	1.331136
00:00:00.155	1.302564	1.320147	1.327473
00:00:00.155	1.295238	1.313553	1.317216
00:00:00.155	1.312088	1.321612	1.318681
00:00:00.155	1.323810	1.323077	1.326007
00:00:00.155	1.306960	1.320879	1.315751
00:00:00.155	1.286447	1.326740	1.323810
00:00:00.155	1.316484	1.319414	1.332601
00:00:00.155	1.293040	1.319414	1.333333
00:00:00.160	1.328205	1.316484	1.328938
00:00:00.160	1.416117	1.319414	1.334799
00:00:00.160	1.455678	1.327473	1.321612
00:00:00.160	1.422711	1.332601	1.315751
00:00:00.160	1.342857	1.332601	1.309158
00:00:00.160	1.189011	1.323077	1.304029
00:00:00.160	1.310623	1.325275	1.309890
00:00:00.160	1.277656	1.315018	1.309890
00:00:00.160	1.239560	1.287912	1.306960
00:00:00.160	1.286447	1.226374	1.315751
00:00:00.160	1.284249	1.248352	1.312821
00:00:00.161	1.221245	1.271062	1.307692
00:00:00.161	1.238095	1.293773	1.303297
00:00:00.161	1.301099	1.320147	1.315018
00:00:00.161	1.337729	1.358242	1.331868
00:00:00.161	1.335531	1.401465	1.326007
00:00:00.161	1.325275	1.410989	1.315018
00:00:00.162	1.327473	1.392674	1.311355
00:00:00.162	1.327473	1.333333	1.323077
00:00:00.162	1.323077	1.312088	1.328205
00:00:00.163	1.323810	1.309158	1.320147
00:00:00.163	1.315751	1.307692	1.323810
00:00:00.164	1.317949	1.312088	1.329670
00:00:00.164	1.324542	1.314286	1.323810
00:00:00.164	1.315018	1.311355	1.318681
00:00:00.165	1.307692	1.315018	1.319414
00:00:00.165	1.303297	1.307692	1.313553
00:00:00.197	1.308425	1.320879	1.323077
00:00:00.198	1.300366	1.320879	1.328938
00:00:00.198	1.320879	1.314286	1.313553
00:00:00.198	1.371429	1.321612	1.330403
00:00:00.199	1.314286	1.309890	1.311355
00:00:00.199	1.296703	1.300366	1.320147
00:00:00.199	1.345055	1.312821	1.323077
00:00:00.200	1.371429	1.327473	1.332601
00:00:00.200	1.385348	1.338462	1.323810
00:00:00.200	1.350183	1.339194	1.317216
00:00:00.201	1.297436	1.336264	1.318681
00:00:00.201	1.278388	1.295971	1.313553
00:00:00.201	1.266667	1.308425	1.320147
00:00:00.202	1.275458	1.325275	1.320879
00:00:00.203	1.279853	1.334066	1.317216
00:00:00.203	1.296703	1.319414	1.317949
00:00:00.203	1.304762	1.309890	1.319414
00:00:00.203	1.341392	1.323810	1.323077
00:00:00.204	1.365568	1.323077	1.326007
00:00:00.204	1.320147	1.314286	1.315018
00:00:00.204	1.304762	1.318681	1.326740
00:00:00.205	1.309890	1.323810	1.323077
00:00:00.205	1.309890	1.320879	1.321612
00:00:00.205	1.328938	1.328938	1.328205
00:00:00.206	1.320879	1.320879	1.322344
00:00:00.206	1.317216	1.312088	1.312088
00:00:00.206	1.317216	1.315018	1.309890
00:00:00.207	1.325275	1.318681	1.321612
00:00:00.207	1.331868	1.323077	1.332601
00:00:00.208	1.321612	1.323810	1.302564
00:00:00.208	1.303297	1.322344	1.284249
00:00:00.208	1.291575	1.326007	1.311355
00:00:00.209	1.284982	1.320879	1.308425
00:00:00.209	1.267399	1.323077	1.300366
00:00:00.209	1.287179	1.318681	1.287912
00:00:00.211	1.318681	1.312088	1.296703
00:00:00.211	1.316484	1.314286	1.315018
00:00:00.211	1.323810	1.321612	1.369231
00:00:00.211	1.317949	1.317949	1.408791
00:00:00.211	1.336996	1.331868	1.413919
00:00:00.211	1.317949	1.321612	1.352381
00:00:00.213	1.290842	1.312088	1.304029
00:00:00.213	1.253480	1.319414	1.289377
00:00:00.213	1.230037	1.322344	1.289377
00:00:00.213	1.290842	1.326007	1.328205
00:00:00.213	1.270330	1.328205	1.332601
00:00:00.215	1.282051	1.326007	1.336264
00:00:00.215	1.398535	1.334799	1.349451
00:00:00.215	1.561172	1.328205	1.347253
00:00:00.215	1.574359	1.295238	1.318681
00:00:00.248	1.364103	1.287912	1.298901
00:00:00.248	1.305495	1.298901	1.291575
00:00:00.250	1.347253	1.298901	1.292308
00:00:00.250	1.235897	1.301832	1.279853
00:00:00.250	1.206593	1.320147	1.302564
00:00:00.250	1.266667	1.331868	1.299634
00:00:00.250	1.276190	1.352381	1.303297
00:00:00.250	1.256410	1.342857	1.302564
00:00:00.251	1.277656	1.355311	1.315018
00:00:00.251	1.308425	1.343590	1.328938
00:00:00.251	1.316484	1.315018	1.320879
00:00:00.251	1.314286	1.332601	1.332601
00:00:00.251	1.301832	1.328205	1.312088
00:00:00.255	1.330403	1.336996	1.321612
00:00:00.255	1.384615	1.339927	1.335531
00:00:00.255	1.382418	1.295971	1.320879
00:00:00.255	1.315751	1.246886	1.308425
00:00:00.255	1.323810	1.270330	1.321612
00:00:00.255	1.309158	1.284982	1.315751
00:00:00.255	1.209524	1.317949	1.327473
00:00:00.255	1.149451	1.344322	1.317216
00:00:00.255	1.300366	1.380220	1.319414
00:00:00.255	1.356044	1.401465	1.322344
00:00:00.255	1.338462	1.429304	1.317949
00:00:00.256	1.319414	1.377289	1.317949
00:00:00.256	1.347985	1.282784	1.315751
00:00:00.256	1.376557	1.247619	1.317216
00:00:00.257	1.240293	1.243956	1.305495
00:00:00.257	1.146520	1.271795	1.312088
00:00:00.257	1.294505	1.299634	1.331136
00:00:00.258	1.349451	1.312821	1.334066
00:00:00.258	1.356044	1.317949	1.327473
00:00:00.258	1.429304	1.332601	1.323077
00:00:00.259	1.487912	1.336996	1.322344
00:00:00.259	1.452747	1.331868	1.335531
00:00:00.259	1.272527	1.321612	1.306227
00:00:00.260	1.218315	1.331136	1.309158
00:00:00.260	1.161905	1.320879	1.312088
00:00:00.261	1.230037	1.329670	1.328205
00:00:00.261	1.235897	1.336996	1.340659
00:00:00.261	1.200733	1.329670	1.332601
00:00:00.262	1.265934	1.300366	1.315751
00:00:00.262	1.512088	1.284982	1.330403
00:00:00.262	1.568498	1.274725	1.320879
00:00:00.263	1.421978	1.340659	1.299634
00:00:00.263	1.463004	1.400000	1.309158
00:00:00.263	1.352381	1.405128	1.320879
00:00:00.264	1.273993	1.378755	1.313553
00:00:00.264	1.276923	1.320879	1.309158
00:00:00.264	1.153846	1.252747	1.290842
00:00:00.297	1.113553	1.230037	1.308425
00:00:00.297	1.256410	1.344322	1.321612
00:00:00.297	1.343590	1.298168	1.333333
00:00:00.298	1.345788	1.303297	1.326740
00:00:00.298	1.341392	1.308425	1.332601
00:00:00.298	1.341392	1.316484	1.344322
00:00:00.299	1.334066	1.329670	1.338462
00:00:00.299	1.370696	1.330403	1.331868
00:00:00.300	1.350183	1.325275	1.309158
00:00:00.300	1.300366	1.321612	1.308425
00:00:00.300	1.295238	1.333333	1.320879
00:00:00.301	1.306227	1.334066	1.330403
00:00:00.301	1.344322	1.328205	1.326007
00:00:00.301	1.171429	1.320147	1.315018
00:00:00.302	1.096703	1.321612	1.299634
00:00:00.302	1.375092	1.317949	1.320147
00:00:00.302	1.430769	1.315018	1.334799
00:00:00.303	1.291575	1.312821	1.313553
00:00:00.303	1.426374	1.312088	1.317216
00:00:00.303	1.535531	1.317949	1.336264
00:00:00.304	1.509158	1.336996	1.349451
00:00:00.304	1.367766	1.326007	1.320147
00:00:00.305	1.267399	1.327473	1.323810
00:00:00.305	1.139927	1.327473	1.309890
00:00:00.305	1.058608	1.310623	1.293040
00:00:00.306	1.157509	1.303297	1.298901
00:00:00.306	1.415385	1.316484	1.315018
00:00:00.307	1.391941	1.326007	1.321612
00:00:00.307	1.420513	1.331868	1.325275
00:00:00.307	1.314286	1.322344	1.323077
00:00:00.307	1.356044	1.331868	1.332601
00:00:00.308	1.320879	1.324542	1.323810
00:00:00.308	1.274725	1.324542	1.326740
00:00:00.308	1.227839	1.323077	1.317949
00:00:00.309	1.181685	1.316484	1.312821
00:00:00.309	1.136264	1.319414	1.326007
00:00:00.310	1.150916	1.330403	1.321612
00:00:00.310	1.334066	1.326007	1.333333
00:00:00.310	1.481319	1.322344	1.332601
00:00:00.312	1.481319	1.308425	1.323077
00:00:00.312	1.456410	1.304762	1.326740
00:00:00.312	1.609524	1.323077	1.326740
00:00:00.315	1.526740	1.333333	1.331868
00:00:00.315	1.259341	1.327473	1.318681
00:00:00.315	1.149451	1.322344	1.315751
00:00:00.315	1.256410	1.303297	1.306227
00:00:00.315	1.281319	1.315018	1.312088
00:00:00.315	1.278388	1.323810	1.316484
00:00:00.315	1.352381	1.318681	1.320879
00:00:00.315	1.299634	1.327473	1.326740
00:00:00.347	1.254212	1.321612	1.317216
00:00:00.347	1.252747	1.318681	1.320147
00:00:00.347	1.273993	1.323810	1.313553
00:00:00.352	1.312088	1.300366	1.322344
00:00:00.352	1.348718	1.266667	1.318681
00:00:00.352	1.304762	1.280586	1.312088
00:00:00.352	1.165568	1.284982	1.285714
00:00:00.352	1.270330	1.328205	1.328205
00:00:00.352	1.331136	1.343590	1.330403
00:00:00.352	1.335531	1.389744	1.338462
00:00:00.352	1.400000	1.415385	1.337729
00:00:00.352	1.393407	1.407326	1.337729
00:00:00.352	1.367033	1.361905	1.343590
00:00:00.352	1.312088	1.312088	1.303297
00:00:00.352	1.323810	1.301099	1.282784
00:00:00.352	1.347253	1.292308	1.279853
00:00:00.352	1.384615	1.306960	1.319414
00:00:00.353	1.221245	1.295238	1.307692
00:00:00.353	1.101832	1.300366	1.290110
00:00:00.353	1.189011	1.301832	1.287179
00:00:00.354	1.491575	1.306227	1.347253
00:00:00.354	1.552381	1.313553	1.350183
00:00:00.354	1.281319	1.304029	1.336264
00:00:00.355	1.144322	1.312088	1.316484
00:00:00.355	1.147253	1.309890	1.286447
00:00:00.355	1.327473	1.320879	1.333333
00:00:00.356	1.358974	1.328938	1.413187
00:00:00.356	1.379487	1.323810	1.372161
00:00:00.356	1.367033	1.320879	1.334799
00:00:00.357	1.357509	1.316484	1.303297
00:00:00.357	1.413187	1.324542	1.313553
00:00:00.358	1.314286	1.312821	1.295238
00:00:00.358	1.191941	1.318681	1.293773
00:00:00.358	1.084249	1.313553	1.276923
00:00:00.360	1.218315	1.331136	1.315018
00:00:00.360	1.186813	1.315751	1.308425
00:00:00.360	1.332601	1.331136	1.307692
00:00:00.360	1.373626	1.327473	1.320879
00:00:00.360	1.317216	1.314286	1.313553
00:00:00.360	1.435165	1.317216	1.347253
00:00:00.361	1.697436	1.328938	1.400000
00:00:00.361	1.684249	1.326007	1.421978
00:00:00.361	1.252747	1.319414	1.328938
00:00:00.362	1.142857	1.311355	1.289377
00:00:00.362	1.190476	1.327473	1.300366
00:00:00.363	1.189744	1.324542	1.273993
00:00:00.363	1.285714	1.320879	1.285714
00:00:00.363	1.420513	1.326740	1.317216
00:00:00.364	1.642491	1.331868	1.306960
00:00:00.364	1.457875	1.304762	1.301832
00:00:00.396	1.235165	1.289377	1.311355
00:00:00.397	1.251282	1.284249	1.349451
00:00:00.397	1.304029	1.303297	1.356777
00:00:00.397	1.104762	1.298901	1.316484
00:00:00.398	1.161905	1.309158	1.294505
00:00:00.398	1.419780	1.324542	1.310623
00:00:00.398	1.350916	1.345055	1.289377
00:00:00.399	1.116484	1.378755	1.297436
00:00:00.399	1.104029	1.378755	1.298168
00:00:00.399	1.260073	1.365568	1.317949
00:00:00.400	1.280586	1.321612	1.320147
00:00:00.400	1.349451	1.302564	1.326007
00:00:00.401	1.423443	1.303297	1.324542
00:00:00.401	1.467399	1.306960	1.334799
00:00:00.401	1.339194	1.310623	1.329670
00:00:00.402	1.283516	1.317949	1.331868
00:00:00.402	1.322344	1.315018	1.326740
00:00:00.402	1.312088	1.304762	1.312821
00:00:00.403	1.307692	1.315751	1.323810
00:00:00.403	1.260806	1.320147	1.321612
00:00:00.403	1.295971	1.316484	1.320879
00:00:00.404	1.319414	1.319414	1.327473
00:00:00.404	1.350183	1.318681	1.321612
00:00:00.404	1.364835	1.319414	1.326007
00:00:00.405	1.366300	1.324542	1.323810
00:00:00.405	1.318681	1.307692	1.309890
00:00:00.406	1.294505	1.321612	1.315018
00:00:00.406	1.295238	1.323077	1.322344
00:00:00.406	1.290110	1.317949	1.321612
00:00:00.408	1.303297	1.320879	1.312088
00:00:00.408	1.304029	1.314286	1.323810
00:00:00.408	1.312088	1.314286	1.321612
00:00:00.409	1.326740	1.321612	1.323077
00:00:00.409	1.318681	1.315751	1.311355
00:00:00.409	1.315018	1.320879	1.321612
00:00:00.411	1.323077	1.325275	1.326740
00:00:00.411	1.321612	1.325275	1.323077
00:00:00.411	1.306227	1.312821	1.316484
00:00:00.411	1.305495	1.325275	1.328205
00:00:00.411	1.297436	1.322344	1.322344
00:00:00.411	1.294505	1.312088	1.310623
00:00:00.416	1.325275	1.314286	1.319414
00:00:00.416	1.457143	1.327473	1.334066
00:00:00.416	1.386813	1.331136	1.330403
00:00:00.416	1.326740	1.330403	1.326740
00:00:00.416	1.349451	1.327473	1.340659
00:00:00.416	1.252747	1.306227	1.316484
00:00:00.416	1.263736	1.315751	1.300366
00:00:00.416	1.153114	1.316484	1.282051
00:00:00.416	1.183150	1.320147	1.317216
00:00:00.448	1.332601	1.325275	1.332601
00:00:00.448	1.334799	1.325275	1.320879
00:00:00.448	1.343590	1.328938	1.329670
00:00:00.448	1.307692	1.322344	1.319414
00:00:00.448	1.309890	1.323077	1.322344
00:00:00.448	1.319414	1.309890	1.312088
00:00:00.448	1.317216	1.320879	1.327473
00:00:00.448	1.374359	1.313553	1.309158
00:00:00.449	1.375092	1.320147	1.314286
00:00:00.449	1.317949	1.317949	1.314286
00:00:00.450	1.280586	1.321612	1.319414
00:00:00.450	1.311355	1.307692	1.312821
00:00:00.450	1.253480	1.309890	1.318681
00:00:00.451	1.294505	1.317949	1.326007
00:00:00.451	1.443223	1.286447	1.342857
00:00:00.451	1.531868	1.265934	1.326740
00:00:00.452	1.660073	1.297436	1.336264
00:00:00.452	1.437363	1.304029	1.302564
00:00:00.452	0.871062	1.323077	1.282051
00:00:00.453	0.761172	1.354579	1.297436
00:00:00.453	1.096703	1.383883	1.331868
00:00:00.453	1.347253	1.405861	1.363370
00:00:00.454	1.603663	1.415385	1.366300
00:00:00.454	1.470330	1.353114	1.338462
00:00:00.455	1.561172	1.328205	1.300366
00:00:00.455	1.362637	1.295238	1.245421
00:00:00.455	1.279121	1.300366	1.285714
00:00:00.456	1.323810	1.312821	1.305495
00:00:00.456	1.389744	1.323077	1.326740
00:00:00.456	1.196337	1.304029	1.304029
00:00:00.457	1.288645	1.302564	1.317949
00:00:00.457	1.281319	1.293040	1.320147
00:00:00.457	1.227106	1.298168	1.316484
00:00:00.458	1.170696	1.283516	1.306227
00:00:00.458	1.293773	1.309158	1.322344
00:00:00.459	1.306227	1.323810	1.331868
00:00:00.459	1.325275	1.332601	1.331868
00:00:00.459	1.402930	1.318681	1.318681
00:00:00.460	1.470330	1.319414	1.339194
00:00:00.460	1.460806	1.317216	1.321612
00:00:00.460	1.344322	1.324542	1.325275
00:00:00.461	1.232967	1.321612	1.315751
00:00:00.461	1.096703	1.306227	1.293040
00:00:00.461	1.219780	1.316484	1.309158
00:00:00.462	1.282784	1.310623	1.307692
00:00:00.462	1.316484	1.326007	1.323810
00:00:00.462	1.306960	1.313553	1.323810
00:00:00.463	1.285714	1.321612	1.328938
00:00:00.464	1.345788	1.312088	1.312821
00:00:00.464	1.360440	1.310623	1.317216
00:00:00.496	1.350183	1.312821	1.326007
00:00:00.496	1.364103	1.320879	1.335531
00:00:00.496	1.376557	1.327473	1.333333
00:00:00.497	1.348718	1.324542	1.319414
00:00:00.497	1.317216	1.330403	1.315751
00:00:00.498	1.301832	1.326007	1.304762
00:00:00.498	1.301832	1.326740	1.312821
00:00:00.498	1.298168	1.315751	1.306960
00:00:00.499	1.309158	1.320147	1.313553
00:00:00.499	1.299634	1.312821	1.315751
00:00:00.499	1.291575	1.315018	1.312088
00:00:00.500	1.309158	1.323077	1.326740
00:00:00.500	1.299634	1.327473	1.334066
00:00:00.500	1.298901	1.315018	1.317949
00:00:00.501	1.292308	1.322344	1.332601
00:00:00.501	1.317949	1.321612	1.318681
00:00:00.501	1.326007	1.317949	1.311355
00:00:00.502	1.336264	1.315018	1.312821
00:00:00.502	1.316484	1.312821	1.312821
00:00:00.505	1.322344	1.321612	1.310623
00:00:00.505	1.315018	1.324542	1.309158
00:00:00.505	1.312088	1.318681	1.314286
00:00:00.505	1.300366	1.316484	1.318681
00:00:00.505	1.304762	1.310623	1.306960
00:00:00.505	1.272527	1.322344	1.333333
00:00:00.506	1.271795	1.323077	1.339194
00:00:00.506	1.329670	1.314286	1.326740
00:00:00.506	1.374359	1.323810	1.339194
00:00:00.508	1.510623	1.331868	1.327473
00:00:00.508	1.337729	1.317949	1.307692
00:00:00.508	1.152381	1.312088	1.300366
00:00:00.508	1.164835	1.309890	1.300366
00:00:00.508	1.272527	1.327473	1.318681
00:00:00.508	1.375092	1.327473	1.327473
00:00:00.508	1.369231	1.312821	1.321612
00:00:00.508	1.326740	1.303297	1.304029
00:00:00.513	1.293040	1.320147	1.313553
00:00:00.513	1.300366	1.317949	1.310623
00:00:00.513	1.312821	1.320879	1.326740
00:00:00.513	1.314286	1.314286	1.308425
00:00:00.513	1.347253	1.318681	1.320879
00:00:00.513	1.476923	1.317216	1.310623
00:00:00.513	1.385348	1.312821	1.312088
00:00:00.513	1.263004	1.315751	1.333333
00:00:00.513	1.214652	1.323077	1.341392
00:00:00.513	1.202930	1.322344	1.340659
00:00:00.513	1.304762	1.321612	1.338462
00:00:00.513	1.335531	1.306960	1.318681
00:00:00.513	1.315018	1.331868	1.330403
00:00:00.513	1.266667	1.339927	1.347253
00:00:00.546	1.286447	1.316484	1.317949
00:00:00.546	1.350916	1.306960	1.306960
00:00:00.546	1.502564	1.325275	1.289377
00:00:00.547	1.452747	1.306227	1.253480
00:00:00.547	1.248352	1.306960	1.273260
00:00:00.548	1.159707	1.327473	1.300366
00:00:00.548	1.194872	1.345055	1.303297
00:00:00.548	1.235897	1.331868	1.326007
00:00:00.548	1.334799	1.279121	1.393407
00:00:00.549	1.352381	1.287179	1.376557
00:00:00.549	1.359707	1.313553	1.341392
00:00:00.549	1.379487	1.328938	1.332601
00:00:00.550	1.328938	1.328205	1.319414
00:00:00.550	1.339194	1.320147	1.314286
00:00:00.551	1.353114	1.356044	1.333333
00:00:00.551	1.287179	1.364103	1.320879
00:00:00.551	1.232234	1.347985	1.283516
00:00:00.552	1.246154	1.330403	1.280586
00:00:00.552	1.294505	1.316484	1.312821
00:00:00.552	1.327473	1.304762	1.334066
00:00:00.553	1.276923	1.304029	1.323810
00:00:00.553	1.287179	1.319414	1.328205
00:00:00.553	1.332601	1.313553	1.316484
00:00:00.554	1.331136	1.309158	1.323810
00:00:00.554	1.390476	1.313553	1.323077
00:00:00.554	1.401465	1.298168	1.313553
00:00:00.555	1.228571	1.235897	1.302564
00:00:00.555	1.282784	1.258608	1.317949
00:00:00.556	1.353846	1.301099	1.329670
00:00:00.556	1.389744	1.336264	1.327473
00:00:00.556	1.354579	1.349451	1.323810
00:00:00.557	1.333333	1.358974	1.323810
00:00:00.557	1.329670	1.396337	1.336264
00:00:00.557	1.366300	1.405861	1.338462
00:00:00.558	1.274725	1.367766	1.313553
00:00:00.558	1.267399	1.307692	1.309158
00:00:00.558	1.259341	1.289377	1.299634
00:00:00.559	1.297436	1.305495	1.313553
00:00:00.559	1.343590	1.325275	1.317216
00:00:00.559	1.351648	1.319414	1.311355
00:00:00.560	1.285714	1.304029	1.317949
00:00:00.560	1.212454	1.301832	1.317949
00:00:00.561	1.244689	1.307692	1.319414
00:00:00.561	1.289377	1.309158	1.317949
00:00:00.561	1.309158	1.312821	1.323077
00:00:00.562	1.338462	1.309890	1.326740
00:00:00.562	1.370696	1.315751	1.320147
00:00:00.562	1.291575	1.313553	1.319414
00:00:00.563	1.292308	1.316484	1.316484
00:00:00.563	1.328205	1.323810	1.328205
00:00:00.595	1.332601	1.323810	1.327473
00:00:00.596	1.322344	1.314286	1.317216
00:00:00.596	1.315751	1.312821	1.323077
00:00:00.596	1.318681	1.320147	1.323810
00:00:00.597	1.312088	1.319414	1.322344
00:00:00.597	1.306227	1.308425	1.306227
00:00:00.597	1.345788	1.317949	1.315751
00:00:00.598	1.314286	1.327473	1.323810
00:00:00.598	1.301099	1.323810	1.324542
00:00:00.598	1.308425	1.317216	1.318681
00:00:00.600	1.303297	1.309158	1.315018
00:00:00.600	1.309890	1.309158	1.319414
00:00:00.601	1.317216	1.319414	1.322344
00:00:00.601	1.297436	1.313553	1.318681
00:00:00.601	1.354579	1.315751	1.309158
00:00:00.602	1.356044	1.315018	1.311355
00:00:00.602	1.365568	1.326740	1.322344
00:00:00.602	1.301099	1.314286	1.306227
00:00:00.602	1.240293	1.325275	1.317216
00:00:00.602	1.308425	1.312821	1.316484
00:00:00.602	1.332601	1.318681	1.323810
00:00:00.604	1.297436	1.312088	1.312821
00:00:00.604	1.260806	1.322344	1.322344
00:00:00.604	1.200733	1.313553	1.304029
00:00:00.604	1.310623	1.323077	1.313553
00:00:00.604	1.337729	1.317949	1.313553
00:00:00.609	1.347985	1.328938	1.318681
00:00:00.609	1.379487	1.316484	1.321612
00:00:00.609	1.406593	1.319414	1.328938
00:00:00.609	1.273260	1.323077	1.326740
00:00:00.609	1.240293	1.324542	1.345055
00:00:00.609	1.203663	1.321612	1.343590
00:00:00.609	1.293773	1.310623	1.312088
00:00:00.609	1.362637	1.307692	1.299634
00:00:00.609	1.400000	1.321612	1.302564
00:00:00.609	1.355311	1.320147	1.300366
00:00:00.609	1.301099	1.311355	1.320147
00:00:00.609	1.274725	1.306227	1.320147
00:00:00.609	1.245421	1.326740	1.336264
00:00:00.609	1.200733	1.324542	1.330403
00:00:00.611	1.203663	1.307692	1.325275
00:00:00.611	1.240293	1.323077	1.330403
00:00:00.611	1.465201	1.325275	1.332601
00:00:00.611	1.574359	1.331868	1.311355
00:00:00.611	1.467399	1.321612	1.314286
00:00:00.611	1.411722	1.320879	1.320879
00:00:00.612	1.283516	1.323810	1.339194
00:00:00.612	1.315751	1.323810	1.345055
00:00:00.612	1.311355	1.316484	1.298168
00:00:00.613	1.329670	1.313553	1.288645
00:00:00.645	1.268132	1.320879	1.298901
00:00:00.645	1.241758	1.320147	1.304762
00:00:00.646	1.306227	1.323810	1.336996
00:00:00.646	1.288645	1.322344	1.323810
00:00:00.646	1.296703	1.316484	1.320147
00:00:00.647	1.222711	1.323810	1.313553
00:00:00.647	1.256410	1.325275	1.312821
00:00:00.648	1.343590	1.323077	1.320147
00:00:00.648	1.431502	1.318681	1.328938
00:00:00.648	1.347985	1.319414	1.323077
00:00:00.649	1.267399	1.312821	1.309890
00:00:00.649	1.232234	1.297436	1.294505
00:00:00.649	1.347985	1.314286	1.334066
00:00:00.650	1.349451	1.354579	1.346520
00:00:00.650	1.288645	1.351648	1.323810
00:00:00.650	1.229304	1.328938	1.297436
00:00:00.651	1.346520	1.300366	1.299634
00:00:00.651	1.356777	1.299634	1.310623
00:00:00.651	1.342857	1.321612	1.336996
00:00:00.653	1.271062	1.328938	1.317949
00:00:00.653	1.258608	1.312088	1.310623
00:00:00.653	1.308425	1.326007	1.328938
00:00:00.653	1.303297	1.320879	1.328205
00:00:00.653	1.321612	1.301832	1.320879
00:00:00.654	1.352381	1.317216	1.329670
00:00:00.654	1.371429	1.324542	1.321612
00:00:00.654	1.338462	1.312088	1.314286
00:00:00.655	1.277656	1.329670	1.319414
00:00:00.655	1.260806	1.334066	1.315751
00:00:00.655	1.321612	1.334799	1.326740
00:00:00.656	1.319414	1.326740	1.313553
00:00:00.656	1.315018	1.279121	1.325275
00:00:00.657	1.312821	1.253480	1.320147
00:00:00.657	1.304029	1.254212	1.314286
00:00:00.657	1.304762	1.275458	1.321612
00:00:00.658	1.303297	1.296703	1.316484
00:00:00.658	1.317216	1.357509	1.326740
00:00:00.658	1.316484	1.389744	1.310623
00:00:00.660	1.339194	1.427106	1.328205
00:00:00.660	1.356777	1.410256	1.317216
00:00:00.660	1.323810	1.326740	1.306227
00:00:00.660	1.297436	1.304762	1.321612
00:00:00.660	1.270330	1.295238	1.313553
00:00:00.660	1.265201	1.304029	1.320147
00:00:00.661	1.320147	1.309890	1.325275
00:00:00.661	1.317216	1.312821	1.325275
00:00:00.662	1.312088	1.306960	1.311355
00:00:00.662	1.306227	1.304029	1.315751
00:00:00.662	1.305495	1.311355	1.314286
00:00:00.664	1.297436	1.320879	1.320879
00:00:00.696	1.295971	1.315751	1.311355
00:00:00.696	1.310623	1.318681	1.322344
00:00:00.697	1.316484	1.315018	1.318681
00:00:00.697	1.361905	1.316484	1.320879
00:00:00.697	1.403663	1.309890	1.309890
00:00:00.699	1.353846	1.312821	1.318681
00:00:00.699	1.304762	1.311355	1.313553
00:00:00.699	1.257875	1.324542	1.323077
00:00:00.699	1.194139	1.322344	1.317216
00:00:00.699	1.223443	1.304762	1.307692
00:00:00.699	1.355311	1.309890	1.318681
00:00:00.699	1.347253	1.318681	1.323810
00:00:00.699	1.350916	1.324542	1.323810
00:00:00.699	1.319414	1.311355	1.311355
00:00:00.704	1.316484	1.321612	1.325275
00:00:00.704	1.318681	1.317216	1.335531
00:00:00.704	1.316484	1.320879	1.333333
00:00:00.704	1.339194	1.323810	1.323810
00:00:00.704	1.300366	1.326007	1.310623
00:00:00.704	1.190476	1.311355	1.294505
00:00:00.704	1.221978	1.311355	1.297436
00:00:00.704	1.242491	1.323077	1.317216
00:00:00.704	1.357509	1.325275	1.309158
00:00:00.704	1.402198	1.323810	1.295971
00:00:00.704	1.468132	1.326007	1.306960
00:00:00.704	1.521612	1.330403	1.320147
00:00:00.705	1.402930	1.320879	1.322344
00:00:00.705	1.272527	1.317949	1.319414
00:00:00.705	1.105495	1.320147	1.367033
00:00:00.705	1.216117	1.328938	1.370696
00:00:00.706	1.296703	1.328938	1.363370
00:00:00.706	1.476190	1.312821	1.343590
00:00:00.706	1.457143	1.323810	1.315751
00:00:00.707	1.359707	1.323810	1.312088
00:00:00.707	1.261538	1.311355	1.308425
00:00:00.707	1.326007	1.318681	1.320147
00:00:00.708	1.179487	1.312088	1.333333
00:00:00.708	1.292308	1.316484	1.337729
00:00:00.708	1.246154	1.323810	1.337729
00:00:00.709	1.220513	1.323077	1.315751
00:00:00.709	1.221245	1.323810	1.300366
00:00:00.709	1.355311	1.318681	1.287912
00:00:00.710	1.378755	1.324542	1.315751
00:00:00.710	1.388278	1.326740	1.312821
00:00:00.711	1.325275	1.301832	1.299634
00:00:00.711	1.352381	1.308425	1.313553
00:00:00.711	1.338462	1.318681	1.334066
00:00:00.712	1.369231	1.319414	1.333333
00:00:00.712	1.287912	1.312088	1.307692
00:00:00.712	1.221978	1.327473	1.323810
00:00:00.745	1.329670	1.322344	1.308425
00:00:00.745	1.356044	1.318681	1.315751
00:00:00.745	1.334066	1.330403	1.314286
