timestamp	ch1	ch2	ch3
00:00:00.000	1.310623	1.310623	1.315018
00:00:00.001	1.300366	1.309890	1.317216
00:00:00.001	1.331136	1.324542	1.326007
00:00:00.001	1.346520	1.321612	1.325275
00:00:00.002	1.326740	1.317216	1.315018
00:00:00.002	1.316484	1.304029	1.311355
00:00:00.002	1.339927	1.320147	1.318681
00:00:00.003	1.327473	1.320147	1.320879
00:00:00.004	1.284249	1.314286	1.300366
00:00:00.004	1.286447	1.316484	1.304029
00:00:00.004	1.287179	1.312088	1.317216
00:00:00.004	1.317216	1.325275	1.330403
00:00:00.004	1.310623	1.318681	1.316484
00:00:00.005	1.308425	1.306960	1.314286
00:00:00.005	1.329670	1.323810	1.330403
00:00:00.006	1.339194	1.323077	1.323810
00:00:00.006	1.335531	1.326007	1.323810
00:00:00.006	1.296703	1.314286	1.300366
00:00:00.007	1.243223	1.317949	1.315018
00:00:00.007	1.284249	1.320147	1.319414
00:00:00.007	1.300366	1.315751	1.316484
00:00:00.008	1.307692	1.319414	1.320879
00:00:00.008	1.309158	1.309890	1.310623
00:00:00.008	1.318681	1.316484	1.312088
00:00:00.009	1.322344	1.321612	1.323077
00:00:00.042	1.325275	1.318681	1.316484
00:00:00.042	1.315751	1.311355	1.317216
00:00:00.044	1.315018	1.323077	1.323810
00:00:00.044	1.312821	1.317949	1.316484
00:00:00.044	1.311355	1.318681	1.314286
00:00:00.044	1.298901	1.310623	1.315751
00:00:00.044	1.292308	1.313553	1.315018
00:00:00.044	1.325275	1.327473	1.333333
00:00:00.044	1.317949	1.320147	1.312821
00:00:00.045	1.315751	1.319414	1.319414
00:00:00.045	1.304029	1.323077	1.325275
00:00:00.045	1.308425	1.319414	1.320879
00:00:00.045	1.302564	1.318681	1.326007
00:00:00.050	1.298168	1.317949	1.304029
00:00:00.050	1.328938	1.321612	1.306960
00:00:00.050	1.336996	1.317216	1.320879
00:00:00.050	1.315751	1.325275	1.333333
00:00:00.050	1.291575	1.325275	1.323077
00:00:00.050	1.279121	1.316484	1.320879
00:00:00.050	1.291575	1.315751	1.317949
00:00:00.050	1.328938	1.329670	1.330403
00:00:00.050	1.374359	1.309158	1.315751
00:00:00.050	1.391209	1.321612	1.323810
00:00:00.050	1.332601	1.318681	1.317216
00:00:00.050	1.300366	1.318681	1.318681
00:00:00.050	1.307692	1.328205	1.323810
00:00:00.050	1.315018	1.317949	1.333333
00:00:00.051	1.325275	1.312088	1.328205
00:00:00.051	1.317216	1.313553	1.309158
00:00:00.051	1.339194	1.328205	1.326740
00:00:00.052	1.332601	1.319414	1.312821
00:00:00.052	1.296703	1.305495	1.315018
00:00:00.052	1.276923	1.319414	1.314286
00:00:00.053	1.244689	1.325275	1.320879
00:00:00.053	1.293773	1.331136	1.338462
00:00:00.054	1.356044	1.315751	1.327473
00:00:00.054	1.337729	1.315018	1.307692
00:00:00.054	1.317216	1.316484	1.312088
00:00:00.055	1.321612	1.309158	1.309158
00:00:00.055	1.314286	1.308425	1.317216
00:00:00.056	1.291575	1.317949	1.318681
00:00:00.056	1.298168	1.324542	1.323810
00:00:00.056	1.286447	1.312088	1.312088
00:00:00.056	1.304762	1.323810	1.328938
00:00:00.057	1.314286	1.323810	1.330403
00:00:00.057	1.304762	1.323077	1.327473
00:00:00.057	1.344322	1.293773	1.321612
00:00:00.058	1.394139	1.255678	1.320879
00:00:00.058	1.367033	1.257875	1.312088
00:00:00.059	1.267399	1.289377	1.300366
00:00:00.091	1.200733	1.311355	1.304029
00:00:00.091	1.267399	1.329670	1.300366
00:00:00.091	1.306960	1.362637	1.326740
00:00:00.092	1.269597	1.397070	1.323810
00:00:00.092	1.301832	1.427106	1.316484
00:00:00.093	1.317949	1.421245	1.316484
00:00:00.093	1.350916	1.345055	1.319414
00:00:00.093	1.353846	1.306960	1.330403
00:00:00.094	1.303297	1.293040	1.322344
00:00:00.094	1.310623	1.287179	1.310623
00:00:00.094	1.312821	1.276923	1.314286
00:00:00.095	1.312088	1.286447	1.323810
00:00:00.095	1.317949	1.281319	1.321612
00:00:00.095	1.346520	1.305495	1.322344
00:00:00.096	1.341392	1.312088	1.332601
00:00:00.096	1.319414	1.317216	1.326007
00:00:00.096	1.249084	1.312821	1.312821
00:00:00.097	1.246886	1.309158	1.299634
00:00:00.097	1.293040	1.310623	1.300366
00:00:00.098	1.315018	1.325275	1.312821
00:00:00.098	1.321612	1.318681	1.306960
00:00:00.098	1.317216	1.323810	1.307692
00:00:00.099	1.323810	1.328205	1.319414
00:00:00.099	1.331868	1.323810	1.329670
00:00:00.099	1.323810	1.318681	1.353114
00:00:00.100	1.304029	1.314286	1.354579
00:00:00.100	1.306960	1.315018	1.323810
00:00:00.100	1.316484	1.320147	1.323810
00:00:00.101	1.335531	1.326007	1.315751
00:00:00.101	1.316484	1.311355	1.307692
00:00:00.101	1.352381	1.313553	1.313553
00:00:00.102	1.321612	1.328938	1.326007
00:00:00.102	1.298168	1.326007	1.323810
00:00:00.103	1.299634	1.314286	1.315751
00:00:00.103	1.329670	1.323810	1.321612
00:00:00.103	1.310623	1.321612	1.314286
00:00:00.104	1.260806	1.312088	1.307692
00:00:00.104	1.286447	1.325275	1.320147
00:00:00.104	1.302564	1.309890	1.313553
00:00:00.109	1.350183	1.317949	1.326007
00:00:00.109	1.374359	1.311355	1.304762
00:00:00.109	1.372161	1.313553	1.315018
00:00:00.109	1.310623	1.315751	1.313553
00:00:00.109	1.287179	1.324542	1.318681
00:00:00.109	1.302564	1.322344	1.323810
00:00:00.109	1.304762	1.319414	1.322344
00:00:00.109	1.291575	1.306960	1.311355
00:00:00.109	1.301099	1.324542	1.326007
00:00:00.109	1.286447	1.320147	1.331868
00:00:00.109	1.276923	1.315751	1.315751
00:00:00.142	1.292308	1.323810	1.320879
00:00:00.142	1.299634	1.325275	1.306960
00:00:00.142	1.316484	1.326007	1.313553
00:00:00.142	1.352381	1.312088	1.350183
00:00:00.142	1.355311	1.320879	1.345788
00:00:00.142	1.323810	1.324542	1.304029
00:00:00.146	1.298168	1.327473	1.310623
00:00:00.146	1.300366	1.305495	1.323077
00:00:00.146	1.316484	1.317216	1.321612
00:00:00.146	1.344322	1.327473	1.317949
00:00:00.146	1.382418	1.323077	1.322344
00:00:00.146	1.373626	1.319414	1.317949
00:00:00.146	1.332601	1.312088	1.321612
00:00:00.146	1.329670	1.322344	1.323810
00:00:00.146	1.268132	1.322344	1.316484
00:00:00.146	1.247619	1.320147	1.314286
00:00:00.146	1.230037	1.310623	1.314286
00:00:00.147	1.279853	1.322344	1.308425
00:00:00.147	1.298901	1.318681	1.292308
00:00:00.147	1.306227	1.322344	1.290110
00:00:00.148	1.304029	1.321612	1.288645
00:00:00.148	1.290842	1.316484	1.289377
00:00:00.148	1.306960	1.326740	1.318681
00:00:00.149	1.323810	1.321612	1.347253
00:00:00.149	1.329670	1.320879	1.321612
00:00:00.149	1.326007	1.317949	1.398535
00:00:00.150	1.350183	1.331136	1.453480
00:00:00.150	1.333333	1.328205	1.382418
00:00:00.151	1.308425	1.320147	1.320147
00:00:00.151	1.306227	1.312088	1.273993
00:00:00.151	1.317949	1.323077	1.284982
00:00:00.152	1.331868	1.326740	1.303297
00:00:00.152	1.377289	1.321612	1.314286
00:00:00.152	1.375092	1.308425	1.315018
00:00:00.153	1.334066	1.316484	1.319414
00:00:00.153	1.306227	1.323077	1.317216
00:00:00.153	1.276190	1.312821	1.304762
00:00:00.154	1.345055	1.293773	1.303297
00:00:00.154	1.161905	1.292308	1.303297
00:00:00.154	1.217582	1.312821	1.299634
00:00:00.155	1.347253	1.331136	1.311355
00:00:00.155	1.334799	1.349451	1.316484
00:00:00.156	1.324542	1.353846	1.320147
00:00:00.156	1.309158	1.327473	1.319414
00:00:00.156	1.274725	1.316484	1.318681
00:00:00.157	1.278388	1.310623	1.323077
00:00:00.157	1.309158	1.327473	1.323810
00:00:00.157	1.333333	1.323810	1.323810
00:00:00.158	1.359707	1.274725	1.320147
00:00:00.158	1.301099	1.236630	1.308425
00:00:00.190	1.347253	1.272527	1.312821
00:00:00.191	1.320147	1.316484	1.323077
00:00:00.191	1.273993	1.323810	1.309890
00:00:00.191	1.230037	1.332601	1.311355
00:00:00.192	1.268864	1.332601	1.334066
00:00:00.192	1.243223	1.356044	1.326740
00:00:00.192	1.335531	1.382418	1.336264
00:00:00.193	1.442491	1.366300	1.347253
00:00:00.193	1.498168	1.299634	1.337729
00:00:00.194	1.387546	1.260073	1.318681
00:00:00.194	1.273260	1.267399	1.306960
00:00:00.194	1.271062	1.345055	1.305495
00:00:00.195	1.440293	1.397802	1.307692
00:00:00.195	1.347253	1.413919	1.291575
00:00:00.195	1.246154	1.398535	1.306227
00:00:00.196	1.326740	1.356777	1.323810
00:00:00.196	1.358242	1.296703	1.335531
00:00:00.196	1.312088	1.242491	1.347253
00:00:00.197	1.279853	1.298168	1.320147
00:00:00.197	1.298168	1.315018	1.319414
00:00:00.197	1.268864	1.300366	1.312821
00:00:00.198	1.244689	1.311355	1.323810
00:00:00.198	1.265201	1.303297	1.312821
00:00:00.199	1.306960	1.311355	1.321612
00:00:00.199	1.312088	1.303297	1.314286
00:00:00.199	1.316484	1.306960	1.315018
00:00:00.200	1.315018	1.315751	1.329670
00:00:00.200	1.323810	1.326007	1.333333
00:00:00.200	1.340659	1.326740	1.332601
00:00:00.202	1.306227	1.314286	1.322344
00:00:00.202	1.276923	1.317949	1.324542
00:00:00.202	1.249084	1.315751	1.321612
00:00:00.202	1.287179	1.320147	1.323810
00:00:00.202	1.391209	1.314286	1.326740
00:00:00.202	1.350916	1.310623	1.309890
00:00:00.203	1.310623	1.327473	1.312821
00:00:00.203	1.294505	1.316484	1.294505
00:00:00.204	1.259341	1.312088	1.284982
00:00:00.204	1.262271	1.318681	1.312088
00:00:00.204	1.350916	1.315751	1.317949
00:00:00.206	1.413919	1.321612	1.323810
00:00:00.206	1.375824	1.307692	1.316484
00:00:00.206	1.282784	1.314286	1.315751
00:00:00.206	1.241026	1.318681	1.309890
00:00:00.206	1.316484	1.324542	1.326740
00:00:00.206	1.322344	1.328205	1.350183
00:00:00.210	1.373626	1.324542	1.359707
00:00:00.210	1.276923	1.314286	1.331868
00:00:00.210	1.317216	1.287179	1.342125
00:00:00.210	1.416117	1.258608	1.323077
00:00:00.242	1.252015	1.274725	1.284982
00:00:00.242	1.250549	1.301832	1.272527
00:00:00.242	1.432967	1.317216	1.300366
00:00:00.242	1.285714	1.345055	1.309890
00:00:00.242	1.225641	1.375824	1.299634
00:00:00.242	1.337729	1.410256	1.321612
00:00:00.242	1.332601	1.418315	1.339194
00:00:00.243	1.275458	1.364835	1.332601
00:00:00.243	1.370696	1.313553	1.336264
00:00:00.243	1.417582	1.295238	1.350916
00:00:00.245	1.245421	1.303297	1.323810
00:00:00.245	1.180952	1.297436	1.300366
00:00:00.245	1.258608	1.297436	1.300366
00:00:00.245	1.360440	1.306227	1.302564
00:00:00.245	1.402198	1.299634	1.306960
00:00:00.245	1.323077	1.311355	1.323810
00:00:00.246	1.168498	1.298901	1.300366
00:00:00.246	1.106960	1.317216	1.336996
00:00:00.247	1.151648	1.323077	1.353846
00:00:00.247	1.332601	1.320879	1.342857
00:00:00.247	1.483516	1.303297	1.321612
00:00:00.248	1.549451	1.324542	1.318681
00:00:00.248	1.544322	1.321612	1.316484
00:00:00.248	1.382418	1.322344	1.298901
00:00:00.249	1.232234	1.326007	1.291575
00:00:00.249	1.200733	1.320147	1.304762
00:00:00.249	1.269597	1.321612	1.320147
00:00:00.250	1.319414	1.320147	1.320147
00:00:00.250	1.330403	1.324542	1.327473
00:00:00.250	1.341392	1.317949	1.323810
00:00:00.251	1.353846	1.321612	1.326007
00:00:00.251	1.301832	1.324542	1.334799
00:00:00.252	1.287912	1.328938	1.334799
00:00:00.252	1.263004	1.326740	1.334799
00:00:00.252	1.206593	1.323077	1.323810
00:00:00.253	1.334799	1.320879	1.326740
00:00:00.253	1.511355	1.332601	1.325275
00:00:00.253	1.355311	1.322344	1.321612
00:00:00.254	1.317216	1.312088	1.309890
00:00:00.254	1.306960	1.323810	1.325275
00:00:00.254	1.218315	1.311355	1.304029
00:00:00.255	1.276923	1.315751	1.309890
00:00:00.255	1.334799	1.314286	1.309890
00:00:00.255	1.306960	1.326740	1.323810
00:00:00.256	1.294505	1.317949	1.320147
00:00:00.256	1.276923	1.321612	1.309158
00:00:00.257	1.202198	1.313553	1.293773
00:00:00.257	1.199267	1.313553	1.294505
00:00:00.257	1.203663	1.326007	1.326007
00:00:00.258	1.249084	1.331868	1.370696
00:00:00.290	1.476190	1.320879	1.380952
00:00:00.290	1.608059	1.328205	1.339927
00:00:00.291	1.487912	1.312821	1.283516
00:00:00.291	1.353114	1.335531	1.278388
00:00:00.291	1.318681	1.326740	1.328205
00:00:00.292	1.246154	1.303297	1.328205
00:00:00.292	1.103297	1.254212	1.303297
00:00:00.292	1.227106	1.263736	1.309158
00:00:00.293	1.435897	1.295971	1.321612
00:00:00.293	1.451282	1.336996	1.323077
00:00:00.293	1.418315	1.351648	1.326740
00:00:00.294	1.380220	1.341392	1.329670
00:00:00.294	1.295971	1.358242	1.319414
00:00:00.294	1.191209	1.358974	1.306960
00:00:00.295	1.260806	1.362637	1.319414
00:00:00.295	1.279853	1.344322	1.314286
00:00:00.296	1.180220	1.315751	1.304029
00:00:00.297	1.262271	1.302564	1.301832
00:00:00.297	1.333333	1.309890	1.325275
00:00:00.297	1.325275	1.320147	1.296703
00:00:00.297	1.367033	1.328205	1.313553
00:00:00.297	1.328205	1.315751	1.292308
00:00:00.299	1.298168	1.306227	1.273993
00:00:00.299	1.285714	1.316484	1.358242
00:00:00.299	1.104762	1.309158	1.353114
00:00:00.301	0.960440	1.314286	1.297436
00:00:00.301	1.097436	1.324542	1.353114
00:00:00.302	1.298168	1.327473	1.413919
00:00:00.302	1.804396	1.335531	1.490842
00:00:00.302	2.032234	1.323810	1.410989
00:00:00.302	1.884249	1.317949	1.366300
00:00:00.302	1.686447	1.326007	1.304029
00:00:00.302	1.287912	1.310623	1.270330
00:00:00.302	1.120147	1.318681	1.269597
00:00:00.302	0.837363	1.303297	1.239560
00:00:00.302	1.033700	1.276923	1.287912
00:00:00.306	1.264469	1.252747	1.297436
00:00:00.306	1.197802	1.273260	1.267399
00:00:00.306	1.179487	1.306960	1.271795
00:00:00.306	1.218315	1.318681	1.295971
00:00:00.306	1.258608	1.357509	1.321612
00:00:00.306	1.295238	1.388278	1.326007
00:00:00.306	1.320879	1.410256	1.328205
00:00:00.306	1.329670	1.397070	1.317949
00:00:00.306	1.335531	1.350183	1.329670
00:00:00.306	1.332601	1.301099	1.316484
00:00:00.306	1.290842	1.292308	1.326740
00:00:00.308	1.320147	1.301832	1.345055
00:00:00.308	1.376557	1.309890	1.338462
00:00:00.308	1.356777	1.309890	1.322344
00:00:00.341	1.339194	1.311355	1.305495
00:00:00.341	1.379487	1.318681	1.323077
00:00:00.341	1.323077	1.303297	1.335531
00:00:00.341	1.332601	1.312088	1.346520
00:00:00.341	1.317949	1.318681	1.345788
00:00:00.341	1.242491	1.323810	1.350916
00:00:00.342	1.172894	1.327473	1.300366
00:00:00.342	1.169231	1.330403	1.305495
00:00:00.342	1.574359	1.343590	1.320147
00:00:00.343	1.414652	1.314286	1.279121
00:00:00.343	1.363370	1.297436	1.259341
00:00:00.344	1.424176	1.286447	1.276923
00:00:00.344	1.291575	1.309158	1.305495
00:00:00.344	1.167766	1.307692	1.306227
00:00:00.345	1.155311	1.320147	1.308425
00:00:00.345	1.263736	1.313553	1.330403
00:00:00.345	1.320147	1.312088	1.347253
00:00:00.346	1.284982	1.307692	1.326007
00:00:00.346	1.330403	1.309890	1.315018
00:00:00.346	1.333333	1.324542	1.334799
00:00:00.347	1.335531	1.326740	1.328205
00:00:00.347	1.334066	1.328205	1.325275
00:00:00.347	1.328205	1.320147	1.317216
00:00:00.348	1.317949	1.330403	1.335531
00:00:00.349	1.311355	1.331136	1.332601
00:00:00.349	1.320879	1.317216	1.320147
00:00:00.349	1.320147	1.318681	1.329670
00:00:00.349	1.356044	1.326740	1.334799
00:00:00.350	1.353114	1.324542	1.326007
00:00:00.350	1.320879	1.313553	1.321612
00:00:00.350	1.287179	1.323077	1.329670
00:00:00.351	1.335531	1.331868	1.326007
00:00:00.351	1.390476	1.333333	1.336264
00:00:00.351	1.273993	1.309158	1.309890
00:00:00.352	1.379487	1.314286	1.299634
00:00:00.352	1.203663	1.323077	1.296703
00:00:00.353	1.328938	1.320147	1.311355
00:00:00.353	1.388278	1.312821	1.318681
00:00:00.353	1.467399	1.328938	1.337729
00:00:00.354	1.441026	1.312821	1.327473
00:00:00.354	1.167766	1.300366	1.309890
00:00:00.354	1.215385	1.312088	1.313553
00:00:00.355	1.227106	1.320147	1.313553
00:00:00.355	1.249817	1.320147	1.306227
00:00:00.355	1.232967	1.320879	1.317216
00:00:00.356	1.356777	1.336996	1.327473
00:00:00.356	1.381685	1.330403	1.333333
00:00:00.356	1.441026	1.318681	1.336264
00:00:00.358	1.526007	1.324542	1.346520
00:00:00.358	1.519414	1.340659	1.329670
00:00:00.390	1.437363	1.319414	1.316484
00:00:00.390	1.098901	1.306960	1.292308
00:00:00.390	0.641758	1.313553	1.306960
00:00:00.390	0.990476	1.317949	1.309158
00:00:00.391	1.331868	1.328938	1.326007
00:00:00.391	1.400000	1.323810	1.340659
00:00:00.392	1.481319	1.324542	1.328205
00:00:00.392	1.447619	1.306960	1.289377
00:00:00.392	1.399267	1.306227	1.317216
00:00:00.394	1.312821	1.303297	1.328205
00:00:00.394	1.244689	1.323810	1.357509
00:00:00.394	1.343590	1.320879	1.331868
00:00:00.395	1.518681	1.318681	1.332601
00:00:00.395	1.438095	1.241026	1.309890
00:00:00.395	1.200733	1.242491	1.271795
00:00:00.395	1.284249	1.290110	1.308425
00:00:00.395	1.393407	1.320879	1.331868
00:00:00.397	1.349451	1.346520	1.320147
00:00:00.397	1.271795	1.391209	1.315018
00:00:00.397	1.275458	1.422711	1.323810
00:00:00.397	1.209524	1.423443	1.326007
00:00:00.397	1.342857	1.387546	1.336264
00:00:00.397	1.556777	1.339194	1.347253
00:00:00.398	1.372161	1.296703	1.303297
00:00:00.398	1.082051	1.298168	1.293040
00:00:00.398	1.276923	1.306227	1.314286
00:00:00.402	1.467399	1.305495	1.323810
00:00:00.402	1.286447	1.309890	1.320879
00:00:00.402	1.076190	1.301099	1.306227
00:00:00.402	1.188278	1.312821	1.310623
00:00:00.402	1.338462	1.305495	1.306227
00:00:00.402	1.476190	1.312821	1.317216
00:00:00.402	1.374359	1.304029	1.317216
00:00:00.402	1.331136	1.318681	1.329670
00:00:00.402	1.363370	1.317216	1.334799
00:00:00.402	1.331136	1.318681	1.329670
00:00:00.402	1.328205	1.320879	1.334799
00:00:00.403	1.334799	1.319414	1.334799
00:00:00.403	1.289377	1.314286	1.329670
00:00:00.403	1.241758	1.278388	1.321612
00:00:00.404	1.315751	1.288645	1.339194
00:00:00.404	1.443956	1.297436	1.335531
00:00:00.404	1.413919	1.314286	1.330403
00:00:00.405	1.289377	1.332601	1.323810
00:00:00.405	1.195604	1.334799	1.306227
00:00:00.405	1.222711	1.329670	1.284982
00:00:00.406	1.247619	1.364103	1.289377
00:00:00.406	1.241026	1.369963	1.286447
00:00:00.407	1.216117	1.362637	1.302564
00:00:00.407	1.290110	1.316484	1.309158
00:00:00.439	1.330403	1.292308	1.320147
00:00:00.440	1.343590	1.306227	1.330403
00:00:00.440	1.391209	1.333333	1.336264
00:00:00.440	1.392674	1.326740	1.337729
00:00:00.441	1.357509	1.306960	1.334066
00:00:00.441	1.330403	1.295238	1.323077
00:00:00.441	1.282051	1.322344	1.323810
00:00:00.442	1.177289	1.322344	1.300366
00:00:00.442	1.291575	1.315751	1.315018
00:00:00.442	1.341392	1.312821	1.331136
00:00:00.443	1.395604	1.318681	1.328938
00:00:00.443	1.325275	1.320147	1.323810
00:00:00.443	1.190476	1.320147	1.315751
00:00:00.444	1.136264	1.324542	1.316484
00:00:00.444	1.203663	1.326740	1.329670
00:00:00.445	1.420513	1.336996	1.365568
00:00:00.445	1.767766	1.334066	1.363370
00:00:00.445	1.890110	1.333333	1.362637
00:00:00.446	1.592674	1.320879	1.313553
00:00:00.446	0.806593	1.283516	1.242491
00:00:00.446	0.909890	1.307692	1.268132
00:00:00.447	1.338462	1.304029	1.284982
00:00:00.447	1.328205	1.323077	1.306227
00:00:00.447	1.372894	1.325275	1.328205
00:00:00.448	1.277656	1.318681	1.323810
00:00:00.448	1.083516	1.336264	1.330403
00:00:00.448	1.082784	1.327473	1.323077
00:00:00.449	1.257875	1.322344	1.327473
00:00:00.449	1.394139	1.320147	1.314286
00:00:00.450	1.469597	1.318681	1.316484
00:00:00.450	1.446886	1.325275	1.329670
00:00:00.450	1.398535	1.320879	1.320879
00:00:00.451	1.416850	1.311355	1.319414
00:00:00.451	1.284982	1.322344	1.320879
00:00:00.451	1.344322	1.321612	1.335531
00:00:00.452	1.360440	1.316484	1.328205
00:00:00.452	1.253480	1.313553	1.319414
00:00:00.452	1.304762	1.314286	1.300366
00:00:00.454	1.355311	1.315018	1.317216
00:00:00.454	1.333333	1.309890	1.303297
00:00:00.454	1.188278	1.328938	1.309890
00:00:00.454	1.181685	1.327473	1.311355
00:00:00.454	1.230037	1.320879	1.309158
00:00:00.455	1.481319	1.325275	1.330403
00:00:00.455	1.348718	1.323810	1.339927
00:00:00.455	1.326740	1.323810	1.341392
00:00:00.456	1.282784	1.316484	1.370696
00:00:00.456	1.254945	1.323810	1.353846
00:00:00.456	1.442491	1.297436	1.321612
00:00:00.459	1.573626	1.311355	1.300366
00:00:00.490	1.114286	1.315751	1.274725
00:00:00.490	1.210256	1.335531	1.306227
00:00:00.490	1.263004	1.319414	1.299634
00:00:00.490	1.369231	1.320879	1.306227
00:00:00.490	1.435897	1.323077	1.314286
00:00:00.492	1.314286	1.317216	1.328938
00:00:00.492	1.268132	1.306227	1.306227
00:00:00.492	1.274725	1.304029	1.317216
00:00:00.492	1.287912	1.315018	1.323810
00:00:00.492	1.281319	1.316484	1.307692
00:00:00.494	1.315751	1.333333	1.327473
00:00:00.494	1.298168	1.316484	1.307692
00:00:00.494	1.309890	1.326740	1.321612
00:00:00.494	1.340659	1.328938	1.332601
00:00:00.494	1.309890	1.324542	1.323810
00:00:00.494	1.309158	1.321612	1.323077
00:00:00.498	1.335531	1.324542	1.319414
00:00:00.498	1.350916	1.323810	1.317949
00:00:00.498	1.315018	1.326740	1.314286
00:00:00.498	1.323810	1.324542	1.315018
00:00:00.498	1.231502	1.310623	1.320147
00:00:00.498	1.269597	1.329670	1.337729
00:00:00.498	1.482051	1.325275	1.346520
00:00:00.498	1.428571	1.288645	1.312088
00:00:00.498	1.181685	1.254945	1.315751
00:00:00.498	1.058608	1.270330	1.312821
00:00:00.498	1.226374	1.296703	1.318681
00:00:00.499	1.397070	1.312088	1.299634
00:00:00.499	1.565568	1.347985	1.295971
00:00:00.499	1.542125	1.380952	1.321612
00:00:00.500	1.412454	1.403663	1.328938
00:00:00.500	1.224176	1.394139	1.305495
00:00:00.500	1.148718	1.370696	1.323810
00:00:00.501	1.236630	1.310623	1.330403
00:00:00.501	1.252747	1.303297	1.323810
00:00:00.501	1.321612	1.298168	1.313553
00:00:00.502	1.266667	1.302564	1.319414
00:00:00.502	1.266667	1.312821	1.331136
00:00:00.503	1.319414	1.309158	1.318681
00:00:00.503	1.311355	1.304762	1.312088
00:00:00.503	1.321612	1.314286	1.319414
00:00:00.504	1.347253	1.323077	1.323810
00:00:00.504	1.326007	1.320147	1.311355
00:00:00.504	1.273993	1.320147	1.313553
00:00:00.505	1.345055	1.328205	1.322344
00:00:00.506	1.337729	1.320879	1.310623
00:00:00.506	1.323077	1.306960	1.303297
00:00:00.506	1.329670	1.301832	1.327473
00:00:00.506	1.288645	1.309890	1.337729
00:00:00.506	1.204396	1.304029	1.308425
00:00:00.539	1.214652	1.315018	1.316484
00:00:00.539	1.279853	1.308425	1.300366
00:00:00.539	1.508425	1.334066	1.320147
00:00:00.540	1.523810	1.343590	1.339194
00:00:00.540	1.386813	1.323810	1.328205
00:00:00.540	1.290110	1.325275	1.322344
00:00:00.541	1.268132	1.311355	1.322344
00:00:00.541	1.259341	1.325275	1.320879
00:00:00.542	1.273260	1.326740	1.315751
00:00:00.542	1.235897	1.309890	1.306227
00:00:00.542	1.268132	1.322344	1.313553
00:00:00.543	1.318681	1.326740	1.322344
00:00:00.543	1.299634	1.326007	1.315751
00:00:00.543	1.206593	1.324542	1.311355
00:00:00.544	1.324542	1.334066	1.330403
00:00:00.544	1.459341	1.331868	1.328938
00:00:00.544	1.282051	1.317949	1.308425
00:00:00.545	1.323810	1.306227	1.323810
00:00:00.545	1.331868	1.299634	1.333333
00:00:00.546	1.371429	1.301832	1.334066
00:00:00.546	1.410989	1.299634	1.320879
00:00:00.546	1.329670	1.319414	1.312821
00:00:00.547	1.206593	1.315018	1.300366
00:00:00.547	1.376557	1.316484	1.331136
00:00:00.547	1.446886	1.315018	1.332601
00:00:00.548	1.447619	1.317216	1.320879
00:00:00.548	1.347985	1.327473	1.318681
00:00:00.548	1.062271	1.326007	1.299634
00:00:00.549	1.167766	1.328938	1.305495
00:00:00.549	1.374359	1.324542	1.318681
00:00:00.549	1.260073	1.327473	1.309890
00:00:00.550	1.317216	1.326740	1.317216
00:00:00.550	1.408791	1.317216	1.315018
00:00:00.551	1.415385	1.318681	1.323077
00:00:00.551	1.320147	1.319414	1.316484
00:00:00.551	1.219780	1.286447	1.315751
00:00:00.553	1.173626	1.281319	1.308425
00:00:00.553	1.253480	1.309890	1.331868
00:00:00.553	1.346520	1.322344	1.321612
00:00:00.553	1.384615	1.331136	1.323810
00:00:00.553	1.337729	1.320147	1.319414
00:00:00.553	1.273993	1.346520	1.312821
00:00:00.555	1.171429	1.361172	1.318681
00:00:00.555	1.224176	1.343590	1.313553
00:00:00.555	1.282784	1.336264	1.334799
00:00:00.555	1.328205	1.319414	1.335531
00:00:00.555	1.304029	1.305495	1.303297
00:00:00.556	1.430769	1.300366	1.312088
00:00:00.556	1.413187	1.306960	1.323810
00:00:00.556	1.358242	1.307692	1.312821
00:00:00.589	1.424908	1.305495	1.292308
00:00:00.590	1.369963	1.317216	1.293773
00:00:00.590	1.302564	1.336264	1.304029
00:00:00.590	1.299634	1.320879	1.294505
00:00:00.590	1.151648	1.315018	1.334799
00:00:00.590	1.278388	1.312088	1.304762
00:00:00.595	1.376557	1.318681	1.296703
00:00:00.595	1.370696	1.314286	1.334066
00:00:00.595	1.272527	1.320879	1.353846
00:00:00.595	1.293040	1.317216	1.309158
00:00:00.595	1.304762	1.306227	1.346520
00:00:00.595	1.308425	1.318681	1.369231
00:00:00.595	1.302564	1.326007	1.336264
00:00:00.595	1.306960	1.313553	1.319414
00:00:00.595	1.302564	1.306960	1.314286
00:00:00.595	1.317949	1.310623	1.311355
00:00:00.595	1.323810	1.317216	1.322344
00:00:00.595	1.364835	1.323810	1.336996
00:00:00.595	1.260806	1.326007	1.315018
00:00:00.595	1.230769	1.319414	1.306227
00:00:00.596	1.216117	1.327473	1.311355
00:00:00.596	1.293040	1.333333	1.316484
00:00:00.597	1.437363	1.320147	1.312821
00:00:00.597	1.425641	1.301099	1.320147
00:00:00.597	1.442491	1.262271	1.333333
00:00:00.597	1.471062	1.264469	1.337729
00:00:00.598	1.311355	1.295971	1.334799
00:00:00.598	1.292308	1.309890	1.313553
00:00:00.599	1.115018	1.341392	1.289377
00:00:00.599	1.125275	1.364835	1.284982
00:00:00.599	1.293040	1.400000	1.298168
00:00:00.600	1.358974	1.406593	1.322344
00:00:00.600	1.386813	1.378022	1.340659
00:00:00.600	1.297436	1.299634	1.322344
00:00:00.601	1.331136	1.287179	1.309890
00:00:00.601	1.368498	1.293773	1.308425
00:00:00.601	1.355311	1.294505	1.308425
00:00:00.602	1.247619	1.302564	1.310623
00:00:00.602	1.197070	1.311355	1.317216
00:00:00.602	1.276190	1.317216	1.326740
00:00:00.603	1.325275	1.315018	1.326740
00:00:00.603	1.310623	1.314286	1.316484
00:00:00.604	1.331136	1.315751	1.314286
00:00:00.604	1.343590	1.317949	1.306960
00:00:00.604	1.351648	1.316484	1.320879
00:00:00.605	1.311355	1.315751	1.323810
00:00:00.605	1.216850	1.305495	1.314286
00:00:00.605	1.304762	1.310623	1.312088
00:00:00.606	1.339927	1.318681	1.331868
00:00:00.606	1.346520	1.323810	1.327473
00:00:00.638	1.276923	1.312088	1.313553
00:00:00.639	1.338462	1.312088	1.319414
00:00:00.639	1.372894	1.312821	1.315751
00:00:00.639	1.386813	1.321612	1.322344
00:00:00.640	1.312821	1.317949	1.320147
00:00:00.640	1.224908	1.312821	1.306960
00:00:00.640	1.206593	1.311355	1.295971
00:00:00.641	1.250549	1.323810	1.312088
00:00:00.641	1.278388	1.325275	1.320147
00:00:00.642	1.295971	1.326007	1.323077
00:00:00.642	1.305495	1.314286	1.318681
00:00:00.642	1.380952	1.317216	1.329670
00:00:00.643	1.353114	1.323810	1.328205
00:00:00.643	1.400733	1.323077	1.329670
00:00:00.643	1.375092	1.309890	1.320147
00:00:00.644	1.257875	1.312821	1.312088
00:00:00.644	1.290110	1.322344	1.313553
00:00:00.644	1.476190	1.317949	1.313553
00:00:00.645	1.426374	1.323810	1.336264
00:00:00.645	1.309890	1.315751	1.317216
00:00:00.645	1.179487	1.326740	1.323810
00:00:00.646	1.158974	1.321612	1.311355
00:00:00.646	1.339194	1.315018	1.321612
00:00:00.646	1.408791	1.310623	1.337729
00:00:00.647	1.422711	1.325275	1.326740
00:00:00.647	1.328938	1.315751	1.311355
00:00:00.648	1.171429	1.323077	1.308425
00:00:00.648	1.110623	1.331136	1.317216
00:00:00.648	1.268132	1.338462	1.320147
00:00:00.650	1.430037	1.322344	1.336996
00:00:00.650	1.361172	1.326007	1.328938
00:00:00.650	1.262271	1.316484	1.312821
00:00:00.650	1.370696	1.317216	1.313553
00:00:00.650	1.439560	1.310623	1.313553
00:00:00.650	1.391941	1.314286	1.311355
00:00:00.651	1.351648	1.315751	1.313553
00:00:00.651	1.260806	1.324542	1.334066
00:00:00.653	1.306227	1.325275	1.333333
00:00:00.653	1.366300	1.326740	1.329670
00:00:00.653	1.298901	1.318681	1.323077
00:00:00.654	1.185348	1.322344	1.317216
00:00:00.654	1.238828	1.316484	1.317216
00:00:00.654	1.311355	1.310623	1.313553
00:00:00.654	1.310623	1.317949	1.316484
00:00:00.654	1.317949	1.315018	1.294505
00:00:00.654	1.329670	1.326740	1.319414
00:00:00.659	1.309158	1.325275	1.339927
00:00:00.659	1.304762	1.313553	1.331136
00:00:00.659	1.289377	1.321612	1.328938
00:00:00.659	1.215385	1.307692	1.323810
00:00:00.690	1.344322	1.326007	1.343590
00:00:00.690	1.447619	1.323077	1.323077
00:00:00.690	1.541392	1.343590	1.320147
00:00:00.690	1.396337	1.321612	1.314286
00:00:00.690	1.178022	1.307692	1.287179
00:00:00.690	1.194139	1.306227	1.307692
00:00:00.690	1.231502	1.315018	1.315751
00:00:00.691	1.262271	1.301832	1.313553
00:00:00.691	1.369231	1.301832	1.328938
00:00:00.691	1.350916	1.320147	1.342125
00:00:00.692	1.213919	1.317949	1.319414
00:00:00.692	1.216117	1.309890	1.293773
00:00:00.692	1.282051	1.320879	1.302564
00:00:00.693	1.470330	1.330403	1.317216
00:00:00.693	1.550183	1.334066	1.297436
00:00:00.693	1.354579	1.320879	1.283516
00:00:00.694	1.212454	1.310623	1.270330
00:00:00.694	1.064469	1.323077	1.306960
00:00:00.694	1.213919	1.324542	1.353114
00:00:00.695	1.302564	1.315751	1.342125
00:00:00.695	1.276923	1.312821	1.328205
00:00:00.696	1.322344	1.328205	1.339194
00:00:00.696	1.439560	1.326007	1.339194
00:00:00.696	1.441026	1.310623	1.320879
00:00:00.697	1.312088	1.314286	1.313553
00:00:00.697	1.295971	1.319414	1.317216
00:00:00.697	1.305495	1.321612	1.308425
00:00:00.698	1.300366	1.312821	1.298168
00:00:00.698	1.328938	1.320879	1.318681
00:00:00.698	1.320147	1.306960	1.321612
00:00:00.699	1.317216	1.308425	1.312821
00:00:00.699	1.306227	1.306227	1.318681
00:00:00.699	1.309158	1.323077	1.323810
00:00:00.700	1.297436	1.320879	1.317949
00:00:00.700	1.311355	1.328938	1.317216
00:00:00.701	1.315018	1.323810	1.317949
00:00:00.701	1.313553	1.323810	1.320879
00:00:00.701	1.313553	1.320147	1.311355
00:00:00.702	1.319414	1.320879	1.311355
00:00:00.702	1.321612	1.315018	1.313553
00:00:00.702	1.315751	1.315751	1.315018
00:00:00.703	1.298168	1.312821	1.313553
00:00:00.703	1.309890	1.321612	1.318681
00:00:00.703	1.313553	1.324542	1.330403
00:00:00.704	1.304029	1.313553	1.312821
00:00:00.704	1.317949	1.310623	1.309158
00:00:00.705	1.309158	1.319414	1.323077
00:00:00.705	1.287912	1.310623	1.303297
00:00:00.705	1.267399	1.318681	1.336996
00:00:00.706	1.259341	1.254945	1.328938
00:00:00.738	1.306227	1.259341	1.330403
00:00:00.738	1.354579	1.293773	1.334799
00:00:00.739	1.463004	1.317216	1.317949
00:00:00.739	1.343590	1.339927	1.306227
00:00:00.739	1.273993	1.338462	1.307692
00:00:00.740	1.343590	1.367033	1.327473
00:00:00.740	1.288645	1.402198	1.330403
00:00:00.740	1.344322	1.399267	1.317949
00:00:00.741	1.284982	1.345055	1.315751
00:00:00.741	1.279121	1.317216	1.306227
00:00:00.741	1.438095	1.328938	1.323810
00:00:00.742	1.429304	1.334066	1.311355
00:00:00.742	1.309158	1.315751	1.297436
00:00:00.742	1.165568	1.328205	1.312821
00:00:00.743	1.165568	1.317949	1.317216
00:00:00.743	1.162637	1.304762	1.310623
00:00:00.744	1.378755	1.303297	1.322344
00:00:00.744	1.417582	1.303297	1.323810
00:00:00.744	1.463736	1.301832	1.315751
00:00:00.746	1.353114	1.306960	1.315018
00:00:00.746	1.276923	1.311355	1.328205
00:00:00.746	1.208791	1.303297	1.316484
00:00:00.747	1.187546	1.306227	1.322344
00:00:00.747	1.332601	1.312088	1.320147
00:00:00.747	1.358242	1.315751	1.322344
