timestamp	ch1	ch2	ch3
00:00:00.000	1.309890	1.313553	1.308425
00:00:00.001	1.304762	1.309890	1.299634
00:00:00.001	1.336996	1.329670	1.329670
00:00:00.001	1.310623	1.318681	1.318681
00:00:00.002	1.306227	1.323810	1.327473
00:00:00.002	1.306227	1.316484	1.317949
00:00:00.003	1.312088	1.320879	1.323077
00:00:00.003	1.312088	1.318681	1.317949
00:00:00.003	1.304762	1.317949	1.325275
00:00:00.004	1.311355	1.321612	1.319414
00:00:00.004	1.310623	1.319414	1.320879
00:00:00.004	1.311355	1.316484	1.306227
00:00:00.005	1.313553	1.322344	1.310623
00:00:00.005	1.315751	1.317949	1.320147
00:00:00.006	1.306960	1.320879	1.317949
00:00:00.006	1.307692	1.320879	1.296703
00:00:00.006	1.314286	1.321612	1.303297
00:00:00.007	1.310623	1.320147	1.300366
00:00:00.007	1.304029	1.316484	1.304762
00:00:00.007	1.307692	1.313553	1.309158
00:00:00.008	1.293040	1.306227	1.305495
00:00:00.008	1.298168	1.316484	1.328938
00:00:00.008	1.306227	1.320879	1.373626
00:00:00.009	1.320879	1.320147	1.349451
00:00:00.009	1.334066	1.321612	1.317949
00:00:00.009	1.326740	1.318681	1.296703
00:00:00.010	1.328205	1.316484	1.310623
00:00:00.010	1.345055	1.324542	1.334066
00:00:00.010	1.339927	1.322344	1.349451
00:00:00.011	1.339927	1.324542	1.364103
00:00:00.011	1.306227	1.312821	1.337729
00:00:00.012	1.276923	1.309890	1.317949
00:00:00.012	1.316484	1.325275	1.332601
00:00:00.012	1.316484	1.321612	1.312821
00:00:00.013	1.303297	1.323810	1.309158
00:00:00.013	1.300366	1.320879	1.309890
00:00:00.013	1.295971	1.313553	1.306227
00:00:00.014	1.298901	1.308425	1.303297
00:00:00.014	1.273260	1.316484	1.312088
00:00:00.014	1.279853	1.316484	1.311355
00:00:00.015	1.287912	1.321612	1.298168
00:00:00.015	1.312088	1.321612	1.292308
00:00:00.015	1.323077	1.317216	1.297436
00:00:00.016	1.332601	1.318681	1.311355
00:00:00.016	1.345788	1.319414	1.336996
00:00:00.017	1.377289	1.323810	1.356777
00:00:00.017	1.368498	1.325275	1.353846
00:00:00.017	1.316484	1.323077	1.328205
00:00:00.018	1.265201	1.315018	1.331136
00:00:00.018	1.293040	1.317949	1.334799
00:00:00.050	1.312821	1.323810	1.326740
00:00:00.051	1.315018	1.313553	1.304762
00:00:00.051	1.306227	1.315751	1.297436
00:00:00.051	1.320879	1.328205	1.317216
00:00:00.053	1.323077	1.325275	1.316484
00:00:00.053	1.298901	1.315751	1.313553
00:00:00.053	1.306960	1.318681	1.309890
00:00:00.053	1.306960	1.321612	1.321612
00:00:00.053	1.306227	1.317216	1.315751
00:00:00.053	1.299634	1.320147	1.313553
00:00:00.054	1.306960	1.319414	1.317949
00:00:00.054	1.295238	1.312821	1.312088
00:00:00.054	1.306227	1.320879	1.314286
00:00:00.055	1.326007	1.321612	1.320147
00:00:00.055	1.332601	1.321612	1.322344
00:00:00.056	1.322344	1.312821	1.308425
00:00:00.056	1.317949	1.321612	1.309890
00:00:00.057	1.306227	1.308425	1.313553
00:00:00.057	1.317216	1.323810	1.334066
00:00:00.057	1.316484	1.317216	1.328938
00:00:00.057	1.314286	1.321612	1.335531
00:00:00.060	1.303297	1.315751	1.320147
00:00:00.060	1.317216	1.322344	1.319414
00:00:00.060	1.317949	1.322344	1.321612
00:00:00.060	1.310623	1.314286	1.314286
00:00:00.060	1.300366	1.309158	1.310623
00:00:00.060	1.306227	1.321612	1.326007
00:00:00.060	1.315018	1.322344	1.333333
00:00:00.060	1.309158	1.317216	1.314286
00:00:00.064	1.304029	1.316484	1.319414
00:00:00.064	1.304029	1.312088	1.299634
00:00:00.064	1.320147	1.321612	1.325275
00:00:00.064	1.320147	1.322344	1.323810
00:00:00.064	1.298168	1.310623	1.309158
00:00:00.064	1.306960	1.317216	1.317216
00:00:00.064	1.312821	1.312821	1.307692
00:00:00.064	1.305495	1.318681	1.323077
00:00:00.064	1.312821	1.325275	1.326007
00:00:00.064	1.307692	1.323810	1.315751
00:00:00.064	1.307692	1.317216	1.304029
00:00:00.065	1.308425	1.306960	1.311355
00:00:00.066	1.327473	1.319414	1.331136
00:00:00.066	1.339927	1.331136	1.328938
00:00:00.066	1.311355	1.320879	1.306227
00:00:00.066	1.273260	1.319414	1.301832
00:00:00.066	1.276923	1.311355	1.306227
00:00:00.067	1.295971	1.305495	1.309890
00:00:00.067	1.325275	1.326007	1.333333
00:00:00.067	1.328205	1.321612	1.328205
00:00:00.068	1.331136	1.325275	1.342125
00:00:00.100	1.345788	1.323810	1.339194
00:00:00.100	1.345788	1.312088	1.315751
00:00:00.101	1.336996	1.320879	1.330403
00:00:00.101	1.316484	1.314286	1.312821
00:00:00.101	1.321612	1.328205	1.322344
00:00:00.102	1.309158	1.323077	1.304029
00:00:00.102	1.292308	1.317216	1.320147
00:00:00.102	1.300366	1.324542	1.342857
00:00:00.103	1.256410	1.323077	1.328938
00:00:00.103	1.234432	1.310623	1.315018
00:00:00.104	1.261538	1.315751	1.316484
00:00:00.104	1.317216	1.324542	1.335531
00:00:00.104	1.331868	1.326007	1.314286
00:00:00.105	1.326007	1.319414	1.286447
00:00:00.105	1.349451	1.322344	1.306960
00:00:00.105	1.394139	1.314286	1.353846
00:00:00.106	1.392674	1.314286	1.398535
00:00:00.106	1.348718	1.327473	1.336264
00:00:00.106	1.295238	1.325275	1.276923
00:00:00.107	1.276923	1.316484	1.284982
00:00:00.107	1.297436	1.327473	1.300366
00:00:00.107	1.291575	1.327473	1.286447
00:00:00.108	1.296703	1.306227	1.287179
00:00:00.108	1.352381	1.318681	1.312821
00:00:00.109	1.358242	1.308425	1.332601
00:00:00.109	1.345788	1.314286	1.328205
00:00:00.109	1.295238	1.315751	1.315018
00:00:00.110	1.273260	1.315751	1.323810
00:00:00.111	1.300366	1.317216	1.333333
00:00:00.111	1.326007	1.322344	1.359707
00:00:00.111	1.323810	1.333333	1.356044
00:00:00.111	1.306960	1.333333	1.334799
00:00:00.111	1.298168	1.328938	1.328938
00:00:00.112	1.307692	1.323077	1.322344
00:00:00.112	1.300366	1.310623	1.306227
00:00:00.112	1.300366	1.319414	1.317216
00:00:00.113	1.309158	1.326740	1.306960
00:00:00.113	1.289377	1.312821	1.296703
00:00:00.114	1.303297	1.319414	1.308425
00:00:00.114	1.297436	1.309890	1.299634
00:00:00.114	1.300366	1.319414	1.317216
00:00:00.115	1.328205	1.326740	1.323810
00:00:00.115	1.326007	1.311355	1.306227
00:00:00.115	1.330403	1.309890	1.320147
00:00:00.116	1.317216	1.310623	1.313553
00:00:00.116	1.316484	1.317949	1.306227
00:00:00.116	1.308425	1.312821	1.314286
00:00:00.117	1.312088	1.328205	1.323077
00:00:00.117	1.301832	1.317216	1.320879
00:00:00.117	1.310623	1.320879	1.320879
00:00:00.150	1.302564	1.323077	1.322344
00:00:00.150	1.301832	1.312821	1.313553
00:00:00.150	1.316484	1.324542	1.321612
00:00:00.151	1.312821	1.319414	1.313553
00:00:00.151	1.306227	1.307692	1.309158
00:00:00.151	1.308425	1.309158	1.315751
00:00:00.154	1.309158	1.320147	1.323810
00:00:00.154	1.320147	1.328205	1.329670
00:00:00.154	1.314286	1.319414	1.309890
00:00:00.154	1.302564	1.314286	1.320147
00:00:00.154	1.307692	1.313553	1.315018
00:00:00.154	1.318681	1.324542	1.326007
00:00:00.154	1.316484	1.317949	1.317949
00:00:00.154	1.312821	1.309158	1.312821
00:00:00.156	1.300366	1.310623	1.315751
00:00:00.156	1.325275	1.329670	1.336264
00:00:00.156	1.320879	1.320147	1.326007
00:00:00.156	1.315751	1.307692	1.308425
00:00:00.156	1.310623	1.311355	1.307692
00:00:00.157	1.308425	1.316484	1.317949
00:00:00.157	1.320879	1.325275	1.326007
00:00:00.157	1.312088	1.323810	1.325275
00:00:00.160	1.312088	1.322344	1.321612
00:00:00.160	1.312088	1.323077	1.320147
00:00:00.160	1.309158	1.318681	1.312821
00:00:00.160	1.318681	1.326007	1.328938
00:00:00.160	1.316484	1.322344	1.330403
00:00:00.160	1.306960	1.316484	1.319414
00:00:00.160	1.300366	1.311355	1.328205
00:00:00.160	1.309158	1.307692	1.328205
00:00:00.160	1.309890	1.323810	1.315751
00:00:00.161	1.316484	1.323810	1.302564
00:00:00.161	1.323077	1.315018	1.276923
00:00:00.162	1.307692	1.312088	1.274725
00:00:00.162	1.323810	1.323077	1.309158
00:00:00.163	1.336996	1.319414	1.327473
00:00:00.163	1.321612	1.317216	1.339927
00:00:00.163	1.317216	1.315751	1.353846
00:00:00.163	1.310623	1.326007	1.342857
00:00:00.164	1.317949	1.328205	1.326740
00:00:00.164	1.294505	1.309158	1.309890
00:00:00.164	1.301099	1.322344	1.312821
00:00:00.165	1.304762	1.323810	1.312821
00:00:00.165	1.309158	1.316484	1.305495
00:00:00.165	1.306960	1.311355	1.306960
00:00:00.166	1.310623	1.310623	1.318681
00:00:00.166	1.306227	1.314286	1.329670
00:00:00.167	1.310623	1.321612	1.323810
00:00:00.167	1.306227	1.316484	1.320147
00:00:00.167	1.313553	1.322344	1.332601
00:00:00.199	1.323810	1.327473	1.323810
00:00:00.200	1.331136	1.322344	1.314286
00:00:00.200	1.332601	1.321612	1.323810
00:00:00.201	1.310623	1.312088	1.300366
00:00:00.201	1.303297	1.320879	1.312088
00:00:00.201	1.298901	1.323810	1.306227
00:00:00.202	1.287912	1.317216	1.303297
00:00:00.202	1.290110	1.312088	1.306227
00:00:00.202	1.289377	1.312088	1.315751
00:00:00.203	1.315751	1.323810	1.333333
00:00:00.203	1.344322	1.323077	1.336264
00:00:00.203	1.360440	1.326007	1.352381
00:00:00.204	1.338462	1.309158	1.308425
00:00:00.204	1.331868	1.323077	1.308425
00:00:00.204	1.312821	1.323077	1.304029
00:00:00.205	1.296703	1.317949	1.320879
00:00:00.205	1.307692	1.315751	1.340659
00:00:00.206	1.311355	1.317949	1.343590
00:00:00.206	1.304029	1.328938	1.334066
00:00:00.206	1.289377	1.317949	1.325275
00:00:00.207	1.272527	1.320147	1.326740
00:00:00.207	1.290110	1.316484	1.305495
00:00:00.207	1.317949	1.311355	1.297436
00:00:00.208	1.312088	1.309890	1.288645
00:00:00.208	1.354579	1.328205	1.311355
00:00:00.208	1.374359	1.323077	1.354579
00:00:00.209	1.364835	1.328205	1.328938
00:00:00.209	1.333333	1.309890	1.312821
00:00:00.209	1.283516	1.318681	1.312821
00:00:00.210	1.281319	1.327473	1.335531
00:00:00.210	1.259341	1.321612	1.331868
00:00:00.211	1.290110	1.318681	1.321612
00:00:00.211	1.300366	1.321612	1.301832
00:00:00.211	1.306960	1.317216	1.302564
00:00:00.212	1.318681	1.318681	1.309890
00:00:00.212	1.316484	1.316484	1.326740
00:00:00.212	1.313553	1.315751	1.340659
00:00:00.213	1.312821	1.317216	1.342857
00:00:00.213	1.316484	1.320147	1.330403
00:00:00.213	1.340659	1.322344	1.328205
00:00:00.214	1.326007	1.312821	1.304029
00:00:00.215	1.338462	1.326740	1.300366
00:00:00.215	1.329670	1.308425	1.295238
00:00:00.215	1.326007	1.319414	1.317216
00:00:00.215	1.304762	1.326007	1.320147
00:00:00.217	1.301099	1.318681	1.302564
00:00:00.217	1.309890	1.323077	1.323077
00:00:00.217	1.308425	1.323077	1.315751
00:00:00.219	1.308425	1.320879	1.323810
00:00:00.219	1.304029	1.317216	1.314286
00:00:00.250	1.320879	1.321612	1.331868
00:00:00.250	1.328205	1.323077	1.334066
00:00:00.250	1.320147	1.321612	1.323810
00:00:00.250	1.309890	1.321612	1.328205
00:00:00.252	1.293040	1.311355	1.314286
00:00:00.252	1.306227	1.315018	1.311355
00:00:00.252	1.304762	1.321612	1.325275
00:00:00.252	1.298901	1.315018	1.306960
00:00:00.252	1.307692	1.321612	1.329670
00:00:00.252	1.317216	1.323810	1.330403
00:00:00.256	1.315751	1.320147	1.317949
00:00:00.256	1.306227	1.322344	1.309158
00:00:00.256	1.299634	1.309158	1.304762
00:00:00.256	1.317216	1.317949	1.334066
00:00:00.256	1.329670	1.328205	1.331136
00:00:00.256	1.320879	1.324542	1.315751
00:00:00.256	1.317949	1.315018	1.303297
00:00:00.256	1.323810	1.317216	1.333333
00:00:00.256	1.304762	1.317216	1.327473
00:00:00.256	1.313553	1.321612	1.323810
00:00:00.256	1.314286	1.324542	1.323077
00:00:00.257	1.309890	1.318681	1.318681
00:00:00.257	1.297436	1.308425	1.320147
00:00:00.257	1.315018	1.321612	1.326007
00:00:00.258	1.320879	1.325275	1.328205
00:00:00.258	1.326007	1.326007	1.322344
00:00:00.259	1.321612	1.321612	1.304762
00:00:00.259	1.301832	1.312088	1.308425
00:00:00.259	1.302564	1.315018	1.317216
00:00:00.260	1.312088	1.326007	1.299634
00:00:00.260	1.323077	1.317216	1.282784
00:00:00.260	1.317949	1.312821	1.306960
00:00:00.261	1.307692	1.312821	1.319414
00:00:00.261	1.311355	1.330403	1.330403
00:00:00.261	1.317949	1.317949	1.327473
00:00:00.262	1.315018	1.314286	1.317216
00:00:00.262	1.294505	1.308425	1.293773
00:00:00.262	1.307692	1.317949	1.340659
00:00:00.263	1.322344	1.326007	1.363370
00:00:00.263	1.313553	1.324542	1.335531
00:00:00.264	1.295971	1.315751	1.300366
00:00:00.264	1.297436	1.314286	1.304762
00:00:00.264	1.302564	1.317949	1.294505
00:00:00.265	1.314286	1.318681	1.295971
00:00:00.265	1.328205	1.318681	1.325275
00:00:00.265	1.309158	1.312821	1.320879
00:00:00.266	1.304029	1.322344	1.312821
00:00:00.266	1.300366	1.309158	1.303297
00:00:00.266	1.350183	1.332601	1.378022
00:00:00.268	1.330403	1.325275	1.369231
00:00:00.299	1.309158	1.318681	1.356777
00:00:00.299	1.324542	1.326007	1.311355
00:00:00.300	1.331868	1.326007	1.311355
00:00:00.300	1.311355	1.315751	1.315751
00:00:00.300	1.298168	1.316484	1.298168
00:00:00.301	1.300366	1.321612	1.299634
00:00:00.301	1.269597	1.305495	1.279853
00:00:00.301	1.325275	1.334799	1.336996
00:00:00.302	1.314286	1.323810	1.312088
00:00:00.302	1.300366	1.323810	1.286447
00:00:00.303	1.309158	1.324542	1.290110
00:00:00.303	1.306227	1.316484	1.302564
00:00:00.303	1.303297	1.307692	1.326007
00:00:00.304	1.339194	1.318681	1.357509
00:00:00.304	1.347253	1.311355	1.341392
00:00:00.304	1.298901	1.324542	1.364103
00:00:00.305	1.287179	1.313553	1.368498
00:00:00.305	1.297436	1.312821	1.340659
00:00:00.305	1.326007	1.326007	1.298901
00:00:00.306	1.353114	1.326740	1.285714
00:00:00.306	1.334066	1.327473	1.323810
00:00:00.307	1.323077	1.317949	1.310623
00:00:00.307	1.353846	1.317949	1.334066
00:00:00.307	1.339927	1.312088	1.322344
00:00:00.308	1.314286	1.309890	1.290842
00:00:00.308	1.307692	1.315018	1.309890
00:00:00.308	1.296703	1.316484	1.317949
00:00:00.309	1.303297	1.323810	1.331136
00:00:00.309	1.302564	1.321612	1.306227
00:00:00.309	1.294505	1.309890	1.297436
00:00:00.310	1.295238	1.317216	1.314286
00:00:00.310	1.310623	1.323077	1.328205
00:00:00.310	1.294505	1.309890	1.319414
00:00:00.311	1.302564	1.321612	1.325275
00:00:00.311	1.317216	1.321612	1.316484
00:00:00.313	1.295238	1.304762	1.303297
00:00:00.313	1.316484	1.323810	1.321612
00:00:00.313	1.318681	1.325275	1.320147
00:00:00.314	1.290842	1.312821	1.293773
00:00:00.314	1.280586	1.323810	1.315018
00:00:00.314	1.297436	1.314286	1.309158
00:00:00.314	1.315751	1.326007	1.327473
00:00:00.314	1.319414	1.317949	1.322344
00:00:00.314	1.308425	1.312821	1.315751
00:00:00.316	1.315751	1.316484	1.333333
00:00:00.316	1.305495	1.317216	1.325275
00:00:00.316	1.306960	1.331868	1.331868
00:00:00.316	1.288645	1.317216	1.306227
00:00:00.316	1.295971	1.309158	1.314286
00:00:00.320	1.324542	1.320147	1.323077
00:00:00.351	1.340659	1.321612	1.317216
00:00:00.351	1.340659	1.322344	1.322344
00:00:00.351	1.329670	1.305495	1.300366
00:00:00.351	1.336996	1.317949	1.307692
00:00:00.351	1.340659	1.315751	1.318681
00:00:00.351	1.310623	1.312088	1.321612
00:00:00.352	1.309158	1.322344	1.336996
00:00:00.352	1.300366	1.317216	1.322344
00:00:00.352	1.306227	1.319414	1.321612
00:00:00.352	1.306227	1.323077	1.334066
00:00:00.352	1.317216	1.323810	1.331136
00:00:00.353	1.308425	1.326740	1.323810
00:00:00.353	1.302564	1.321612	1.313553
00:00:00.353	1.293773	1.314286	1.314286
00:00:00.354	1.301832	1.311355	1.312821
00:00:00.354	1.318681	1.322344	1.326740
00:00:00.354	1.319414	1.324542	1.333333
00:00:00.355	1.312088	1.321612	1.322344
00:00:00.355	1.294505	1.313553	1.317949
00:00:00.356	1.310623	1.323810	1.323810
00:00:00.356	1.313553	1.321612	1.317949
00:00:00.356	1.304762	1.312821	1.308425
00:00:00.357	1.310623	1.322344	1.315018
00:00:00.357	1.301832	1.308425	1.293040
00:00:00.357	1.315018	1.317216	1.314286
00:00:00.358	1.318681	1.318681	1.326740
00:00:00.358	1.319414	1.322344	1.320879
00:00:00.358	1.313553	1.315751	1.304762
00:00:00.359	1.305495	1.321612	1.307692
00:00:00.359	1.322344	1.321612	1.323810
00:00:00.359	1.312088	1.326007	1.332601
00:00:00.360	1.301832	1.324542	1.315018
00:00:00.360	1.291575	1.320879	1.304029
00:00:00.361	1.309158	1.317216	1.344322
00:00:00.361	1.328205	1.328205	1.354579
00:00:00.361	1.347253	1.328205	1.386081
00:00:00.362	1.342857	1.326007	1.349451
00:00:00.362	1.329670	1.309158	1.323810
00:00:00.362	1.334066	1.323810	1.311355
00:00:00.363	1.351648	1.324542	1.310623
00:00:00.363	1.330403	1.320879	1.308425
00:00:00.363	1.295971	1.320147	1.294505
00:00:00.364	1.298168	1.322344	1.302564
00:00:00.364	1.304029	1.323810	1.308425
00:00:00.365	1.306960	1.320879	1.313553
00:00:00.365	1.297436	1.312088	1.300366
00:00:00.365	1.309158	1.324542	1.312088
00:00:00.366	1.306227	1.317949	1.326740
00:00:00.366	1.320147	1.320879	1.372894
00:00:00.366	1.325275	1.315751	1.345788
00:00:00.399	1.334066	1.321612	1.352381
00:00:00.399	1.323810	1.326007	1.326740
00:00:00.399	1.312088	1.325275	1.300366
00:00:00.400	1.279853	1.315018	1.295238
00:00:00.400	1.286447	1.324542	1.307692
00:00:00.400	1.295238	1.321612	1.297436
00:00:00.401	1.306960	1.323810	1.288645
00:00:00.401	1.299634	1.312088	1.290842
00:00:00.401	1.316484	1.319414	1.316484
00:00:00.402	1.306227	1.326007	1.339927
00:00:00.402	1.350183	1.317216	1.310623
00:00:00.402	1.362637	1.314286	1.322344
00:00:00.403	1.345788	1.321612	1.358242
00:00:00.404	1.301099	1.323810	1.327473
00:00:00.405	1.266667	1.322344	1.331136
00:00:00.405	1.267399	1.306960	1.312088
00:00:00.405	1.315751	1.318681	1.331136
00:00:00.405	1.344322	1.327473	1.356044
00:00:00.405	1.352381	1.325275	1.360440
00:00:00.405	1.333333	1.317949	1.335531
00:00:00.406	1.322344	1.322344	1.307692
00:00:00.406	1.318681	1.323810	1.308425
00:00:00.406	1.314286	1.322344	1.307692
00:00:00.407	1.304029	1.318681	1.317949
00:00:00.407	1.284249	1.311355	1.299634
00:00:00.407	1.271795	1.307692	1.292308
00:00:00.410	1.298168	1.317216	1.314286
00:00:00.410	1.323810	1.323077	1.331136
00:00:00.410	1.322344	1.323077	1.312821
00:00:00.410	1.303297	1.309158	1.298168
00:00:00.410	1.305495	1.313553	1.309158
00:00:00.411	1.329670	1.323077	1.334799
00:00:00.411	1.341392	1.325275	1.333333
00:00:00.411	1.326007	1.317949	1.312088
00:00:00.412	1.295238	1.312821	1.309158
00:00:00.412	1.298168	1.321612	1.313553
00:00:00.412	1.315751	1.323810	1.321612
00:00:00.412	1.308425	1.320147	1.316484
00:00:00.412	1.297436	1.310623	1.310623
00:00:00.412	1.304762	1.320147	1.323077
00:00:00.417	1.312088	1.322344	1.319414
00:00:00.417	1.310623	1.318681	1.312821
00:00:00.417	1.315018	1.321612	1.320147
00:00:00.417	1.321612	1.317949	1.319414
00:00:00.417	1.315751	1.317949	1.320147
00:00:00.417	1.317216	1.316484	1.320879
00:00:00.417	1.318681	1.315751	1.320879
00:00:00.417	1.315018	1.317949	1.319414
00:00:00.417	1.304762	1.318681	1.316484
00:00:00.417	1.302564	1.321612	1.313553
00:00:00.448	1.306960	1.316484	1.311355
00:00:00.449	1.317949	1.320879	1.319414
00:00:00.449	1.311355	1.313553	1.312821
00:00:00.449	1.302564	1.310623	1.310623
00:00:00.450	1.326740	1.326740	1.321612
00:00:00.450	1.330403	1.323077	1.323810
00:00:00.450	1.320879	1.313553	1.309158
00:00:00.451	1.315018	1.320147	1.314286
00:00:00.451	1.295971	1.312088	1.318681
00:00:00.451	1.315751	1.323077	1.326740
00:00:00.452	1.307692	1.319414	1.316484
00:00:00.452	1.298901	1.311355	1.312821
00:00:00.453	1.302564	1.317216	1.309890
00:00:00.453	1.300366	1.317216	1.318681
00:00:00.453	1.315018	1.326007	1.323810
00:00:00.454	1.321612	1.317949	1.317949
00:00:00.454	1.309890	1.314286	1.317949
00:00:00.454	1.298901	1.324542	1.318681
00:00:00.455	1.298901	1.321612	1.320879
00:00:00.456	1.311355	1.328938	1.321612
00:00:00.456	1.312821	1.317216	1.294505
00:00:00.456	1.320147	1.321612	1.302564
00:00:00.456	1.312088	1.305495	1.283516
00:00:00.457	1.345055	1.323810	1.314286
00:00:00.457	1.337729	1.309890	1.327473
00:00:00.457	1.323810	1.323810	1.323077
00:00:00.458	1.297436	1.309890	1.334066
00:00:00.458	1.329670	1.313553	1.336264
00:00:00.458	1.322344	1.322344	1.346520
00:00:00.459	1.313553	1.330403	1.333333
00:00:00.459	1.315751	1.320147	1.339927
00:00:00.459	1.306227	1.328205	1.328938
00:00:00.460	1.287912	1.312821	1.293040
00:00:00.460	1.279121	1.320147	1.289377
00:00:00.460	1.278388	1.320147	1.272527
00:00:00.461	1.284982	1.323077	1.279121
00:00:00.461	1.261538	1.310623	1.263736
00:00:00.462	1.231502	1.306227	1.320147
00:00:00.462	1.271062	1.323077	1.373626
00:00:00.462	1.314286	1.323810	1.337729
00:00:00.463	1.381685	1.319414	1.355311
00:00:00.463	1.445421	1.315018	1.387546
00:00:00.463	1.430037	1.324542	1.391941
00:00:00.464	1.361905	1.318681	1.331868
00:00:00.464	1.400000	1.329670	1.389011
00:00:00.464	1.395604	1.322344	1.379487
00:00:00.465	1.304762	1.315018	1.295971
00:00:00.465	1.273260	1.316484	1.276923
00:00:00.465	1.276190	1.325275	1.284982
00:00:00.466	1.272527	1.320147	1.275458
00:00:00.498	1.292308	1.325275	1.291575
00:00:00.498	1.298168	1.325275	1.300366
00:00:00.499	1.295238	1.315751	1.307692
00:00:00.499	1.302564	1.320147	1.315018
00:00:00.499	1.306960	1.322344	1.311355
00:00:00.500	1.320147	1.328205	1.327473
00:00:00.500	1.323077	1.319414	1.349451
00:00:00.501	1.284982	1.319414	1.334799
00:00:00.501	1.278388	1.311355	1.304762
00:00:00.501	1.289377	1.314286	1.307692
00:00:00.502	1.306227	1.322344	1.312821
00:00:00.502	1.306227	1.318681	1.318681
00:00:00.503	1.304762	1.312821	1.311355
00:00:00.503	1.309158	1.309890	1.312088
00:00:00.503	1.321612	1.324542	1.323810
00:00:00.503	1.302564	1.310623	1.320147
00:00:00.505	1.314286	1.322344	1.323077
00:00:00.505	1.320879	1.322344	1.320879
00:00:00.505	1.315018	1.314286	1.317216
00:00:00.508	1.326740	1.323077	1.323810
00:00:00.508	1.326740	1.321612	1.317949
00:00:00.508	1.325275	1.316484	1.318681
00:00:00.508	1.317949	1.322344	1.320147
00:00:00.508	1.291575	1.309890	1.315018
00:00:00.508	1.299634	1.323077	1.320879
00:00:00.508	1.304029	1.312821	1.308425
00:00:00.508	1.300366	1.310623	1.321612
00:00:00.508	1.298168	1.323077	1.311355
00:00:00.508	1.323077	1.319414	1.319414
00:00:00.508	1.321612	1.314286	1.326007
00:00:00.509	1.320147	1.309890	1.320147
00:00:00.513	1.326740	1.318681	1.318681
00:00:00.513	1.312088	1.308425	1.313553
00:00:00.513	1.308425	1.310623	1.307692
00:00:00.513	1.307692	1.320147	1.323810
00:00:00.513	1.291575	1.310623	1.308425
00:00:00.513	1.295971	1.320879	1.313553
00:00:00.513	1.295971	1.312821	1.310623
00:00:00.513	1.303297	1.319414	1.308425
00:00:00.513	1.312088	1.326740	1.323810
00:00:00.513	1.310623	1.324542	1.331136
00:00:00.513	1.301099	1.311355	1.321612
00:00:00.513	1.305495	1.316484	1.315751
00:00:00.513	1.319414	1.320879	1.334066
00:00:00.514	1.328938	1.321612	1.320879
00:00:00.514	1.328938	1.322344	1.317216
00:00:00.515	1.320879	1.324542	1.307692
00:00:00.515	1.306227	1.318681	1.293040
00:00:00.515	1.308425	1.327473	1.310623
00:00:00.516	1.318681	1.323810	1.337729
00:00:00.548	1.322344	1.327473	1.344322
00:00:00.548	1.324542	1.322344	1.342857
00:00:00.549	1.320147	1.326740	1.334799
00:00:00.549	1.301099	1.311355	1.299634
00:00:00.549	1.315751	1.323077	1.304029
00:00:00.550	1.303297	1.312088	1.295971
00:00:00.550	1.298901	1.320879	1.310623
00:00:00.550	1.297436	1.323810	1.292308
00:00:00.551	1.321612	1.323810	1.308425
00:00:00.551	1.344322	1.323077	1.334799
00:00:00.551	1.328938	1.308425	1.292308
00:00:00.552	1.356777	1.314286	1.375824
00:00:00.552	1.339927	1.328938	1.391209
00:00:00.552	1.323810	1.326007	1.393407
00:00:00.553	1.316484	1.326740	1.347253
00:00:00.553	1.305495	1.320147	1.307692
00:00:00.554	1.292308	1.306960	1.290110
00:00:00.554	1.288645	1.316484	1.298168
00:00:00.554	1.304762	1.312088	1.292308
00:00:00.555	1.312088	1.323810	1.314286
00:00:00.555	1.312088	1.323077	1.311355
00:00:00.555	1.296703	1.314286	1.302564
00:00:00.556	1.307692	1.321612	1.317949
00:00:00.556	1.299634	1.314286	1.309158
00:00:00.556	1.305495	1.317216	1.309158
00:00:00.557	1.299634	1.312821	1.307692
00:00:00.557	1.301099	1.316484	1.300366
00:00:00.557	1.285714	1.306960	1.300366
00:00:00.558	1.290842	1.322344	1.312088
00:00:00.558	1.314286	1.322344	1.345055
00:00:00.559	1.323077	1.308425	1.323077
00:00:00.559	1.330403	1.316484	1.321612
00:00:00.559	1.336996	1.320147	1.314286
00:00:00.560	1.330403	1.326007	1.331868
00:00:00.560	1.336264	1.326007	1.351648
00:00:00.560	1.326740	1.306227	1.368498
00:00:00.561	1.321612	1.317949	1.334799
00:00:00.561	1.325275	1.329670	1.314286
00:00:00.561	1.324542	1.325275	1.307692
00:00:00.562	1.318681	1.323810	1.307692
00:00:00.562	1.306227	1.315018	1.297436
00:00:00.562	1.301832	1.324542	1.304762
00:00:00.563	1.290842	1.312088	1.306227
00:00:00.563	1.305495	1.323077	1.311355
00:00:00.564	1.304029	1.309158	1.318681
00:00:00.564	1.308425	1.309890	1.343590
00:00:00.564	1.315751	1.318681	1.330403
00:00:00.565	1.317216	1.325275	1.325275
00:00:00.565	1.296703	1.323077	1.323810
00:00:00.565	1.279121	1.320147	1.309158
