timestamp	ch1	ch2	ch3
00:00:00.000	1.300366	1.322344	1.289377
00:00:00.000	1.314286	1.308425	1.300366
00:00:00.000	1.324542	1.313553	1.323810
00:00:00.001	1.356044	1.322344	1.372894
00:00:00.001	1.402198	1.313553	1.331136
00:00:00.001	1.380952	1.313553	1.312821
00:00:00.002	1.216850	1.326740	1.314286
00:00:00.002	1.222711	1.323810	1.303297
00:00:00.003	1.301832	1.320147	1.298901
00:00:00.003	1.360440	1.312088	1.308425
00:00:00.003	1.349451	1.317949	1.306960
00:00:00.004	1.337729	1.328938	1.356044
00:00:00.004	1.342857	1.319414	1.330403
00:00:00.004	1.329670	1.323077	1.323077
00:00:00.005	1.350183	1.329670	1.342857
00:00:00.005	1.301099	1.313553	1.317949
00:00:00.005	1.321612	1.304762	1.332601
00:00:00.006	1.326007	1.326740	1.323810
00:00:00.006	1.262271	1.322344	1.305495
00:00:00.006	1.257875	1.314286	1.323810
00:00:00.007	1.290110	1.312088	1.312088
00:00:00.007	1.273260	1.320879	1.336264
00:00:00.008	1.295971	1.320147	1.323810
00:00:00.008	1.323810	1.318681	1.309890
00:00:00.040	1.333333	1.323810	1.314286
00:00:00.040	1.326007	1.328205	1.305495
00:00:00.042	1.312821	1.323077	1.299634
00:00:00.042	1.302564	1.317216	1.298901
00:00:00.042	1.312088	1.325275	1.328938
00:00:00.042	1.312088	1.319414	1.320147
00:00:00.042	1.328938	1.309158	1.321612
00:00:00.043	1.331136	1.314286	1.347253
00:00:00.043	1.314286	1.320879	1.358242
00:00:00.044	1.318681	1.326007	1.329670
00:00:00.044	1.313553	1.318681	1.309890
00:00:00.044	1.309890	1.310623	1.308425
00:00:00.044	1.317216	1.319414	1.312821
00:00:00.045	1.303297	1.312088	1.306227
00:00:00.045	1.312088	1.319414	1.309158
00:00:00.045	1.293040	1.306960	1.302564
00:00:00.046	1.315751	1.328205	1.317949
00:00:00.046	1.318681	1.325275	1.323810
00:00:00.051	1.312088	1.316484	1.302564
00:00:00.051	1.308425	1.304762	1.311355
00:00:00.051	1.322344	1.323077	1.330403
00:00:00.051	1.301099	1.311355	1.320879
00:00:00.051	1.298901	1.309890	1.300366
00:00:00.051	1.320147	1.326740	1.312088
00:00:00.051	1.316484	1.323077	1.317216
00:00:00.051	1.309158	1.309890	1.314286
00:00:00.051	1.307692	1.314286	1.317949
00:00:00.051	1.301832	1.306960	1.326007
00:00:00.051	1.314286	1.312821	1.317949
00:00:00.051	1.317216	1.317216	1.316484
00:00:00.051	1.322344	1.326007	1.325275
00:00:00.051	1.309158	1.320147	1.326007
00:00:00.055	1.315018	1.327473	1.321612
00:00:00.055	1.316484	1.331136	1.322344
00:00:00.055	1.317949	1.328205	1.318681
00:00:00.055	1.313553	1.317949	1.308425
00:00:00.055	1.323077	1.328938	1.327473
00:00:00.055	1.318681	1.325275	1.330403
00:00:00.055	1.315018	1.320147	1.313553
00:00:00.055	1.305495	1.312088	1.311355
00:00:00.055	1.309158	1.318681	1.324542
00:00:00.055	1.310623	1.314286	1.312088
00:00:00.055	1.327473	1.317949	1.321612
00:00:00.056	1.296703	1.316484	1.313553
00:00:00.056	1.318681	1.328205	1.332601
00:00:00.056	1.316484	1.323077	1.329670
00:00:00.057	1.295238	1.313553	1.288645
00:00:00.057	1.287179	1.311355	1.292308
00:00:00.057	1.312088	1.320879	1.332601
00:00:00.058	1.325275	1.320147	1.350183
00:00:00.090	1.323810	1.324542	1.341392
00:00:00.090	1.311355	1.317216	1.312088
00:00:00.091	1.311355	1.321612	1.309158
00:00:00.091	1.329670	1.318681	1.323810
00:00:00.091	1.319414	1.320147	1.330403
00:00:00.092	1.322344	1.316484	1.312821
00:00:00.092	1.324542	1.309890	1.286447
00:00:00.092	1.332601	1.314286	1.304029
00:00:00.093	1.312821	1.315018	1.306960
00:00:00.094	1.292308	1.320879	1.312088
00:00:00.094	1.286447	1.318681	1.298901
00:00:00.094	1.293040	1.313553	1.274725
00:00:00.094	1.309158	1.333333	1.328205
00:00:00.095	1.268864	1.322344	1.326007
00:00:00.095	1.298901	1.317949	1.343590
00:00:00.095	1.329670	1.317216	1.361172
00:00:00.096	1.326740	1.326007	1.355311
00:00:00.096	1.356777	1.326740	1.334066
00:00:00.096	1.438828	1.322344	1.329670
00:00:00.097	1.380220	1.309890	1.329670
00:00:00.097	1.315018	1.321612	1.355311
00:00:00.097	1.268864	1.327473	1.326007
00:00:00.098	1.254945	1.322344	1.280586
00:00:00.098	1.279853	1.312088	1.276923
00:00:00.098	1.293773	1.315751	1.286447
00:00:00.099	1.315751	1.322344	1.293773
00:00:00.099	1.306227	1.315018	1.294505
00:00:00.100	1.328938	1.325275	1.341392
00:00:00.100	1.345788	1.323077	1.347253
00:00:00.100	1.312088	1.313553	1.344322
00:00:00.101	1.344322	1.326740	1.365568
00:00:00.101	1.334066	1.314286	1.322344
00:00:00.101	1.317949	1.309890	1.308425
00:00:00.102	1.299634	1.321612	1.316484
00:00:00.102	1.290110	1.326007	1.317216
00:00:00.102	1.281319	1.318681	1.314286
00:00:00.103	1.292308	1.322344	1.319414
00:00:00.103	1.310623	1.323810	1.320879
00:00:00.104	1.305495	1.320147	1.306960
00:00:00.104	1.307692	1.315751	1.313553
00:00:00.104	1.376557	1.323810	1.327473
00:00:00.105	1.378022	1.317949	1.322344
00:00:00.105	1.249817	1.311355	1.312088
00:00:00.105	1.171429	1.307692	1.294505
00:00:00.106	1.246886	1.323077	1.306960
00:00:00.106	1.299634	1.325275	1.317216
00:00:00.106	1.301099	1.315018	1.305495
00:00:00.107	1.309890	1.314286	1.315018
00:00:00.107	1.330403	1.325275	1.302564
00:00:00.107	1.337729	1.325275	1.312088
00:00:00.140	1.331136	1.313553	1.332601
00:00:00.140	1.358974	1.326740	1.356044
00:00:00.140	1.353114	1.321612	1.336264
00:00:00.141	1.331136	1.311355	1.345788
00:00:00.141	1.314286	1.315018	1.334066
00:00:00.141	1.315018	1.322344	1.323810
00:00:00.142	1.307692	1.316484	1.314286
00:00:00.142	1.314286	1.315751	1.312821
00:00:00.145	1.305495	1.307692	1.304762
00:00:00.145	1.292308	1.310623	1.300366
00:00:00.145	1.303297	1.328205	1.306227
00:00:00.145	1.301832	1.324542	1.304762
00:00:00.145	1.290110	1.315018	1.284249
00:00:00.145	1.297436	1.312821	1.287912
00:00:00.145	1.320879	1.323810	1.338462
00:00:00.145	1.336264	1.324542	1.339194
00:00:00.146	1.342125	1.320879	1.350916
00:00:00.146	1.339927	1.313553	1.355311
00:00:00.146	1.332601	1.320879	1.337729
00:00:00.146	1.319414	1.318681	1.316484
00:00:00.147	1.312088	1.314286	1.320147
00:00:00.150	1.307692	1.316484	1.316484
00:00:00.150	1.273260	1.310623	1.306227
00:00:00.150	1.288645	1.326740	1.307692
00:00:00.150	1.298901	1.323810	1.314286
00:00:00.150	1.313553	1.310623	1.313553
00:00:00.150	1.320879	1.319414	1.334799
00:00:00.150	1.317216	1.326007	1.328205
00:00:00.150	1.325275	1.321612	1.309158
00:00:00.150	1.338462	1.323810	1.315751
00:00:00.150	1.320147	1.324542	1.328938
00:00:00.151	1.302564	1.309890	1.326007
00:00:00.151	1.304029	1.324542	1.320879
00:00:00.151	1.320147	1.323077	1.313553
00:00:00.152	1.342857	1.323077	1.327473
00:00:00.152	1.309158	1.315751	1.305495
00:00:00.153	1.293773	1.313553	1.309890
00:00:00.153	1.309158	1.320147	1.297436
00:00:00.153	1.312821	1.322344	1.289377
00:00:00.154	1.323810	1.312821	1.321612
00:00:00.154	1.306960	1.309890	1.326740
00:00:00.154	1.329670	1.320879	1.331136
00:00:00.155	1.331136	1.327473	1.328938
00:00:00.155	1.316484	1.317949	1.310623
00:00:00.155	1.297436	1.312088	1.311355
00:00:00.156	1.273260	1.318681	1.320147
00:00:00.156	1.283516	1.323810	1.313553
00:00:00.156	1.308425	1.328938	1.318681
00:00:00.157	1.316484	1.315751	1.319414
00:00:00.157	1.317216	1.309158	1.320147
00:00:00.189	1.297436	1.316484	1.323810
00:00:00.190	1.297436	1.326007	1.323810
00:00:00.190	1.286447	1.310623	1.319414
00:00:00.190	1.306227	1.315018	1.312088
00:00:00.191	1.319414	1.321612	1.315751
00:00:00.191	1.337729	1.315751	1.308425
00:00:00.192	1.349451	1.321612	1.334799
00:00:00.192	1.294505	1.317949	1.331868
00:00:00.192	1.298168	1.328205	1.314286
00:00:00.193	1.313553	1.319414	1.300366
00:00:00.193	1.332601	1.320147	1.330403
00:00:00.193	1.323077	1.315018	1.304762
00:00:00.194	1.367033	1.314286	1.313553
00:00:00.194	1.354579	1.318681	1.341392
00:00:00.194	1.303297	1.314286	1.328205
00:00:00.195	1.287179	1.318681	1.307692
00:00:00.195	1.281319	1.322344	1.300366
00:00:00.196	1.293773	1.317216	1.308425
00:00:00.196	1.309890	1.315751	1.346520
00:00:00.196	1.345055	1.328938	1.381685
00:00:00.197	1.341392	1.320147	1.350916
00:00:00.197	1.326740	1.314286	1.316484
00:00:00.197	1.307692	1.313553	1.306227
00:00:00.198	1.313553	1.318681	1.315751
00:00:00.198	1.323077	1.326007	1.317949
00:00:00.198	1.301832	1.320879	1.303297
00:00:00.199	1.291575	1.318681	1.304762
00:00:00.199	1.294505	1.316484	1.305495
00:00:00.199	1.305495	1.322344	1.304762
00:00:00.200	1.308425	1.323077	1.320147
00:00:00.200	1.295238	1.311355	1.314286
00:00:00.201	1.301832	1.321612	1.322344
00:00:00.201	1.323810	1.316484	1.312821
00:00:00.201	1.323077	1.312821	1.304029
00:00:00.202	1.312088	1.320147	1.318681
00:00:00.202	1.298901	1.326740	1.321612
00:00:00.202	1.283516	1.309890	1.310623
00:00:00.203	1.293040	1.314286	1.313553
00:00:00.203	1.312821	1.315751	1.314286
00:00:00.204	1.307692	1.323810	1.315018
00:00:00.204	1.293040	1.326740	1.309158
00:00:00.204	1.268864	1.317949	1.304762
00:00:00.204	1.312088	1.328938	1.326007
00:00:00.205	1.315751	1.323077	1.342125
00:00:00.206	1.345055	1.318681	1.325275
00:00:00.206	1.318681	1.308425	1.315751
00:00:00.206	1.312088	1.321612	1.338462
00:00:00.206	1.348718	1.326740	1.342125
00:00:00.208	1.361905	1.316484	1.349451
00:00:00.208	1.356044	1.312821	1.323810
00:00:00.240	1.360440	1.323077	1.318681
00:00:00.241	1.232234	1.321612	1.312821
00:00:00.241	1.243956	1.323810	1.306960
00:00:00.241	1.315018	1.317216	1.323810
00:00:00.241	1.326740	1.326007	1.340659
00:00:00.241	1.324542	1.326007	1.334799
00:00:00.241	1.325275	1.323077	1.320147
00:00:00.243	1.321612	1.323077	1.313553
00:00:00.243	1.293040	1.317949	1.295971
00:00:00.243	1.301832	1.323810	1.307692
00:00:00.243	1.303297	1.319414	1.308425
00:00:00.243	1.291575	1.305495	1.300366
00:00:00.243	1.303297	1.309890	1.293773
00:00:00.247	1.309158	1.315751	1.298168
00:00:00.247	1.325275	1.324542	1.339927
00:00:00.247	1.325275	1.320147	1.347253
00:00:00.247	1.317216	1.323810	1.338462
00:00:00.247	1.295971	1.315751	1.330403
00:00:00.247	1.318681	1.315018	1.349451
00:00:00.247	1.331868	1.326007	1.326007
00:00:00.247	1.321612	1.319414	1.299634
00:00:00.247	1.302564	1.306960	1.293773
00:00:00.247	1.317216	1.324542	1.309158
00:00:00.247	1.321612	1.323077	1.334799
00:00:00.249	1.323077	1.315018	1.339927
00:00:00.249	1.318681	1.323077	1.339194
00:00:00.249	1.293773	1.309158	1.304762
00:00:00.249	1.317949	1.312088	1.315751
00:00:00.249	1.323810	1.326007	1.318681
00:00:00.250	1.310623	1.315751	1.306227
00:00:00.251	1.300366	1.313553	1.298168
00:00:00.251	1.304762	1.324542	1.331136
00:00:00.251	1.305495	1.327473	1.319414
00:00:00.251	1.306227	1.325275	1.300366
00:00:00.251	1.299634	1.307692	1.290842
00:00:00.252	1.309158	1.312821	1.317216
00:00:00.252	1.320879	1.323077	1.330403
00:00:00.252	1.315018	1.310623	1.312821
00:00:00.253	1.316484	1.321612	1.328938
00:00:00.253	1.304029	1.312821	1.323810
00:00:00.254	1.306960	1.315751	1.316484
00:00:00.254	1.325275	1.327473	1.342125
00:00:00.254	1.327473	1.324542	1.331868
00:00:00.255	1.299634	1.321612	1.318681
00:00:00.255	1.282784	1.314286	1.304029
00:00:00.255	1.272527	1.314286	1.317216
00:00:00.256	1.268864	1.326007	1.319414
00:00:00.256	1.285714	1.317216	1.300366
00:00:00.256	1.284249	1.311355	1.295971
00:00:00.257	1.310623	1.311355	1.292308
00:00:00.289	1.373626	1.323810	1.328205
00:00:00.289	1.351648	1.321612	1.318681
00:00:00.290	1.341392	1.323810	1.320147
00:00:00.290	1.329670	1.315018	1.352381
00:00:00.290	1.351648	1.314286	1.368498
00:00:00.291	1.364103	1.304762	1.347253
00:00:00.291	1.344322	1.314286	1.306227
00:00:00.291	1.345055	1.315018	1.282051
00:00:00.292	1.354579	1.323077	1.296703
00:00:00.292	1.287912	1.317216	1.293773
00:00:00.293	1.266667	1.323810	1.314286
00:00:00.293	1.293040	1.331868	1.312088
00:00:00.293	1.303297	1.324542	1.342125
00:00:00.294	1.313553	1.326007	1.345055
00:00:00.294	1.294505	1.313553	1.308425
00:00:00.294	1.284982	1.319414	1.315018
00:00:00.295	1.293040	1.306227	1.306960
00:00:00.295	1.291575	1.312088	1.332601
00:00:00.295	1.300366	1.317949	1.317216
00:00:00.296	1.272527	1.323077	1.320879
00:00:00.296	1.263736	1.323810	1.333333
00:00:00.296	1.271795	1.314286	1.300366
00:00:00.297	1.292308	1.319414	1.296703
00:00:00.297	1.313553	1.326740	1.302564
00:00:00.298	1.342125	1.320879	1.304762
00:00:00.298	1.363370	1.309890	1.309158
00:00:00.298	1.375824	1.323077	1.299634
00:00:00.299	1.341392	1.310623	1.299634
00:00:00.299	1.335531	1.323077	1.357509
00:00:00.299	1.315751	1.315018	1.368498
00:00:00.300	1.301832	1.317216	1.338462
00:00:00.300	1.304762	1.321612	1.330403
00:00:00.300	1.332601	1.320879	1.347253
00:00:00.301	1.335531	1.310623	1.320147
00:00:00.301	1.301099	1.315018	1.307692
00:00:00.301	1.296703	1.327473	1.318681
00:00:00.304	1.309158	1.320879	1.317949
00:00:00.304	1.325275	1.320147	1.300366
00:00:00.304	1.353114	1.320147	1.306960
00:00:00.304	1.378022	1.323810	1.320147
00:00:00.304	1.266667	1.325275	1.309158
00:00:00.305	1.241026	1.315018	1.316484
00:00:00.305	1.232967	1.327473	1.333333
00:00:00.305	1.212454	1.309890	1.291575
00:00:00.305	1.301832	1.320147	1.323810
00:00:00.305	1.342857	1.320147	1.335531
00:00:00.305	1.354579	1.305495	1.301832
00:00:00.307	1.322344	1.327473	1.302564
00:00:00.307	1.287912	1.327473	1.296703
00:00:00.307	1.306227	1.322344	1.320147
00:00:00.339	1.325275	1.320879	1.336264
00:00:00.339	1.336264	1.320147	1.373626
00:00:00.339	1.320147	1.326740	1.342125
00:00:00.342	1.323077	1.315018	1.332601
00:00:00.342	1.344322	1.307692	1.313553
00:00:00.342	1.319414	1.320879	1.290842
00:00:00.342	1.317216	1.321612	1.294505
00:00:00.342	1.345788	1.320147	1.291575
00:00:00.342	1.314286	1.314286	1.289377
00:00:00.342	1.307692	1.324542	1.340659
00:00:00.342	1.326007	1.326740	1.370696
00:00:00.344	1.309890	1.328938	1.363370
00:00:00.344	1.301832	1.323077	1.328205
00:00:00.344	1.292308	1.314286	1.316484
00:00:00.344	1.297436	1.320879	1.310623
00:00:00.344	1.298901	1.322344	1.304762
00:00:00.344	1.309890	1.323810	1.306960
00:00:00.345	1.306227	1.312821	1.312821
00:00:00.345	1.292308	1.308425	1.301832
00:00:00.346	1.325275	1.322344	1.333333
00:00:00.346	1.331136	1.323077	1.332601
00:00:00.346	1.312088	1.315018	1.336996
00:00:00.347	1.321612	1.312821	1.336264
00:00:00.347	1.310623	1.322344	1.321612
00:00:00.347	1.311355	1.320147	1.320147
00:00:00.348	1.315018	1.314286	1.313553
00:00:00.348	1.312088	1.318681	1.321612
00:00:00.348	1.303297	1.312821	1.309890
00:00:00.349	1.303297	1.318681	1.320879
00:00:00.349	1.303297	1.321612	1.317216
00:00:00.349	1.307692	1.323810	1.310623
00:00:00.350	1.306960	1.318681	1.298168
00:00:00.350	1.307692	1.322344	1.323810
00:00:00.351	1.317949	1.323077	1.320147
00:00:00.351	1.331868	1.318681	1.306960
00:00:00.351	1.312821	1.310623	1.308425
00:00:00.352	1.320147	1.326007	1.322344
00:00:00.352	1.329670	1.320879	1.323077
00:00:00.352	1.325275	1.320147	1.317216
00:00:00.353	1.317216	1.309890	1.328205
00:00:00.353	1.306227	1.315751	1.342857
00:00:00.353	1.287912	1.326007	1.323810
00:00:00.354	1.286447	1.326007	1.313553
00:00:00.355	1.287912	1.309158	1.300366
00:00:00.355	1.319414	1.317949	1.314286
00:00:00.355	1.336996	1.325275	1.320147
00:00:00.355	1.367033	1.318681	1.312088
00:00:00.356	1.350183	1.317216	1.306960
00:00:00.356	1.338462	1.313553	1.339194
00:00:00.356	1.321612	1.323810	1.345055
00:00:00.388	1.298168	1.323810	1.311355
00:00:00.389	1.261538	1.313553	1.309158
00:00:00.389	1.276923	1.315018	1.309158
00:00:00.390	1.303297	1.319414	1.311355
00:00:00.390	1.287912	1.310623	1.295238
00:00:00.390	1.298168	1.320879	1.303297
00:00:00.391	1.321612	1.322344	1.318681
00:00:00.391	1.333333	1.319414	1.325275
00:00:00.391	1.327473	1.307692	1.341392
00:00:00.392	1.347253	1.327473	1.367033
00:00:00.392	1.339194	1.327473	1.354579
00:00:00.392	1.318681	1.322344	1.342125
00:00:00.393	1.308425	1.325275	1.323810
00:00:00.393	1.288645	1.317216	1.313553
00:00:00.394	1.306227	1.326740	1.308425
00:00:00.394	1.306960	1.321612	1.285714
00:00:00.394	1.310623	1.323810	1.306227
00:00:00.395	1.315751	1.317216	1.314286
00:00:00.395	1.317949	1.317216	1.309890
00:00:00.395	1.317216	1.317949	1.320147
00:00:00.396	1.298168	1.329670	1.320147
00:00:00.396	1.257875	1.328205	1.298901
00:00:00.396	1.263736	1.304029	1.286447
00:00:00.397	1.276923	1.326007	1.322344
00:00:00.397	1.282784	1.327473	1.317949
00:00:00.397	1.298901	1.318681	1.289377
00:00:00.398	1.343590	1.309890	1.323810
00:00:00.398	1.392674	1.322344	1.376557
00:00:00.400	1.394139	1.322344	1.364835
00:00:00.400	1.395604	1.309890	1.343590
00:00:00.400	1.394139	1.320879	1.303297
00:00:00.400	1.357509	1.336264	1.340659
00:00:00.400	1.290842	1.320879	1.323810
00:00:00.400	1.278388	1.309158	1.300366
00:00:00.401	1.308425	1.323810	1.317216
00:00:00.401	1.322344	1.316484	1.337729
00:00:00.401	1.312088	1.310623	1.333333
00:00:00.403	1.293040	1.315751	1.329670
00:00:00.403	1.257143	1.320147	1.312088
00:00:00.403	1.293773	1.323077	1.307692
00:00:00.403	1.335531	1.321612	1.308425
00:00:00.403	1.342857	1.318681	1.308425
00:00:00.407	1.320147	1.320879	1.310623
00:00:00.407	1.328938	1.323810	1.321612
00:00:00.407	1.298901	1.317949	1.317216
00:00:00.407	1.158974	1.323810	1.321612
00:00:00.407	1.177289	1.311355	1.291575
00:00:00.407	1.300366	1.315751	1.320147
00:00:00.407	1.386813	1.323810	1.328938
00:00:00.407	1.379487	1.319414	1.328205
00:00:00.439	1.358974	1.317216	1.323810
00:00:00.439	1.358974	1.325275	1.325275
00:00:00.439	1.300366	1.320147	1.306227
00:00:00.439	1.302564	1.326740	1.312821
00:00:00.440	1.317216	1.323810	1.312088
00:00:00.440	1.332601	1.324542	1.320879
00:00:00.440	1.294505	1.326740	1.323810
00:00:00.441	1.284982	1.321612	1.328205
00:00:00.441	1.305495	1.317216	1.323077
00:00:00.441	1.299634	1.312088	1.328938
00:00:00.442	1.352381	1.317949	1.323810
00:00:00.442	1.347253	1.313553	1.311355
00:00:00.443	1.370696	1.323077	1.317216
00:00:00.443	1.352381	1.312821	1.308425
00:00:00.443	1.328205	1.326007	1.323077
00:00:00.444	1.302564	1.320147	1.312088
00:00:00.444	1.296703	1.321612	1.318681
00:00:00.444	1.298168	1.315018	1.309890
00:00:00.445	1.295238	1.318681	1.317949
00:00:00.445	1.298901	1.326740	1.323810
00:00:00.445	1.311355	1.326007	1.321612
00:00:00.446	1.306227	1.323077	1.328205
00:00:00.446	1.316484	1.322344	1.322344
00:00:00.446	1.300366	1.308425	1.314286
00:00:00.447	1.286447	1.311355	1.315018
00:00:00.447	1.304762	1.323810	1.323077
00:00:00.448	1.311355	1.315018	1.314286
00:00:00.448	1.300366	1.312088	1.302564
00:00:00.448	1.325275	1.322344	1.304762
00:00:00.449	1.299634	1.315751	1.293040
00:00:00.449	1.292308	1.319414	1.289377
00:00:00.449	1.291575	1.314286	1.290110
00:00:00.450	1.320879	1.317216	1.351648
00:00:00.450	1.328938	1.321612	1.366300
00:00:00.450	1.340659	1.323810	1.345788
00:00:00.451	1.336264	1.317216	1.342125
00:00:00.451	1.339927	1.327473	1.326740
00:00:00.452	1.334799	1.325275	1.330403
00:00:00.452	1.326007	1.326007	1.323810
00:00:00.452	1.309890	1.322344	1.304029
00:00:00.453	1.294505	1.311355	1.297436
00:00:00.453	1.296703	1.320147	1.319414
00:00:00.453	1.296703	1.323810	1.320879
00:00:00.454	1.283516	1.314286	1.312821
00:00:00.454	1.268132	1.310623	1.314286
00:00:00.454	1.285714	1.321612	1.308425
00:00:00.455	1.293040	1.318681	1.300366
00:00:00.455	1.312821	1.310623	1.293773
00:00:00.455	1.333333	1.318681	1.309890
00:00:00.456	1.348718	1.311355	1.323810
00:00:00.488	1.372161	1.331868	1.362637
00:00:00.488	1.361905	1.326740	1.330403
00:00:00.489	1.336264	1.320879	1.351648
00:00:00.489	1.303297	1.315751	1.328205
00:00:00.489	1.273260	1.300366	1.295238
00:00:00.490	1.273260	1.315018	1.293040
00:00:00.490	1.285714	1.323810	1.308425
00:00:00.491	1.276923	1.327473	1.276923
00:00:00.491	1.307692	1.323077	1.307692
00:00:00.491	1.312821	1.310623	1.315018
00:00:00.492	1.344322	1.323810	1.315751
00:00:00.492	1.380220	1.312821	1.326740
00:00:00.492	1.372894	1.322344	1.366300
00:00:00.493	1.358974	1.318681	1.380220
00:00:00.493	1.336264	1.326740	1.336264
00:00:00.493	1.330403	1.324542	1.318681
00:00:00.494	1.259341	1.306960	1.311355
00:00:00.494	1.232967	1.309158	1.306227
00:00:00.494	1.272527	1.320147	1.329670
00:00:00.497	1.301832	1.314286	1.304762
00:00:00.497	1.308425	1.312821	1.292308
00:00:00.497	1.345055	1.323810	1.320147
00:00:00.497	1.333333	1.318681	1.304029
00:00:00.497	1.311355	1.322344	1.312088
00:00:00.497	1.297436	1.315751	1.303297
00:00:00.497	1.300366	1.323077	1.320147
