timestamp	ch1	ch2	ch3
00:00:00.000	1.326740	1.318681	1.296703
00:00:00.001	1.328205	1.316484	1.310623
00:00:00.001	1.345055	1.324542	1.334066
00:00:00.001	1.339927	1.322344	1.349451
00:00:00.002	1.339927	1.324542	1.364103
00:00:00.002	1.306227	1.312821	1.337729
00:00:00.003	1.276923	1.309890	1.317949
00:00:00.003	1.316484	1.325275	1.332601
00:00:00.003	1.316484	1.321612	1.312821
00:00:00.004	1.303297	1.323810	1.309158
00:00:00.004	1.300366	1.320879	1.309890
00:00:00.004	1.295971	1.313553	1.306227
00:00:00.005	1.298901	1.308425	1.303297
00:00:00.005	1.273260	1.316484	1.312088
00:00:00.005	1.279853	1.316484	1.311355
00:00:00.006	1.287912	1.321612	1.298168
00:00:00.006	1.312088	1.321612	1.292308
00:00:00.006	1.323077	1.317216	1.297436
00:00:00.007	1.332601	1.318681	1.311355
00:00:00.007	1.345788	1.319414	1.336996
00:00:00.008	1.377289	1.323810	1.356777
00:00:00.008	1.368498	1.325275	1.353846
00:00:00.008	1.316484	1.323077	1.328205
00:00:00.009	1.265201	1.315018	1.331136
00:00:00.009	1.293040	1.317949	1.334799
00:00:00.041	1.312821	1.323810	1.326740
00:00:00.042	1.315018	1.313553	1.304762
00:00:00.042	1.306227	1.315751	1.297436
00:00:00.042	1.320879	1.328205	1.317216
00:00:00.044	1.323077	1.325275	1.316484
00:00:00.044	1.298901	1.315751	1.313553
00:00:00.044	1.306960	1.318681	1.309890
00:00:00.044	1.306960	1.321612	1.321612
00:00:00.044	1.306227	1.317216	1.315751
00:00:00.044	1.299634	1.320147	1.313553
00:00:00.045	1.306960	1.319414	1.317949
00:00:00.045	1.295238	1.312821	1.312088
00:00:00.045	1.306227	1.320879	1.314286
00:00:00.046	1.326007	1.321612	1.320147
00:00:00.046	1.332601	1.321612	1.322344
00:00:00.047	1.322344	1.312821	1.308425
00:00:00.047	1.317949	1.321612	1.309890
00:00:00.048	1.306227	1.308425	1.313553
00:00:00.048	1.317216	1.323810	1.334066
00:00:00.048	1.316484	1.317216	1.328938
00:00:00.048	1.314286	1.321612	1.335531
00:00:00.051	1.303297	1.315751	1.320147
00:00:00.051	1.317216	1.322344	1.319414
00:00:00.051	1.317949	1.322344	1.321612
00:00:00.051	1.310623	1.314286	1.314286
00:00:00.051	1.300366	1.309158	1.310623
00:00:00.051	1.306227	1.321612	1.326007
00:00:00.051	1.315018	1.322344	1.333333
00:00:00.051	1.309158	1.317216	1.314286
00:00:00.055	1.304029	1.316484	1.319414
00:00:00.055	1.304029	1.312088	1.299634
00:00:00.055	1.320147	1.321612	1.325275
00:00:00.055	1.320147	1.322344	1.323810
00:00:00.055	1.298168	1.310623	1.309158
00:00:00.055	1.306960	1.317216	1.317216
00:00:00.055	1.312821	1.312821	1.307692
00:00:00.055	1.305495	1.318681	1.323077
00:00:00.055	1.312821	1.325275	1.326007
00:00:00.055	1.307692	1.323810	1.315751
00:00:00.055	1.307692	1.317216	1.304029
00:00:00.056	1.308425	1.306960	1.311355
00:00:00.056	1.327473	1.319414	1.331136
00:00:00.056	1.339927	1.331136	1.328938
00:00:00.057	1.311355	1.320879	1.306227
00:00:00.057	1.273260	1.319414	1.301832
00:00:00.057	1.276923	1.311355	1.306227
00:00:00.058	1.295971	1.305495	1.309890
00:00:00.058	1.325275	1.326007	1.333333
00:00:00.058	1.328205	1.321612	1.328205
00:00:00.059	1.331136	1.325275	1.342125
00:00:00.091	1.345788	1.323810	1.339194
00:00:00.091	1.345788	1.312088	1.315751
00:00:00.092	1.336996	1.320879	1.330403
00:00:00.092	1.316484	1.314286	1.312821
00:00:00.092	1.321612	1.328205	1.322344
00:00:00.093	1.309158	1.323077	1.304029
00:00:00.093	1.292308	1.317216	1.320147
00:00:00.093	1.300366	1.324542	1.342857
00:00:00.094	1.256410	1.323077	1.328938
00:00:00.094	1.234432	1.310623	1.315018
00:00:00.095	1.261538	1.315751	1.316484
00:00:00.095	1.317216	1.324542	1.335531
00:00:00.095	1.331868	1.326007	1.314286
00:00:00.096	1.326007	1.319414	1.286447
00:00:00.096	1.349451	1.322344	1.306960
00:00:00.096	1.394139	1.314286	1.353846
00:00:00.097	1.392674	1.314286	1.398535
00:00:00.097	1.348718	1.327473	1.336264
00:00:00.097	1.295238	1.325275	1.276923
00:00:00.098	1.276923	1.316484	1.284982
00:00:00.098	1.297436	1.327473	1.300366
00:00:00.098	1.291575	1.327473	1.286447
00:00:00.099	1.296703	1.306227	1.287179
00:00:00.099	1.352381	1.318681	1.312821
00:00:00.100	1.358242	1.308425	1.332601
00:00:00.100	1.345788	1.314286	1.328205
00:00:00.100	1.295238	1.315751	1.315018
00:00:00.101	1.273260	1.315751	1.323810
00:00:00.102	1.300366	1.317216	1.333333
00:00:00.102	1.326007	1.322344	1.359707
00:00:00.102	1.323810	1.333333	1.356044
00:00:00.102	1.306960	1.333333	1.334799
00:00:00.102	1.298168	1.328938	1.328938
00:00:00.103	1.307692	1.323077	1.322344
00:00:00.103	1.300366	1.310623	1.306227
00:00:00.103	1.300366	1.319414	1.317216
00:00:00.104	1.309158	1.326740	1.306960
00:00:00.104	1.289377	1.312821	1.296703
00:00:00.105	1.303297	1.319414	1.308425
00:00:00.105	1.297436	1.309890	1.299634
00:00:00.105	1.300366	1.319414	1.317216
00:00:00.106	1.328205	1.326740	1.323810
00:00:00.106	1.326007	1.311355	1.306227
00:00:00.106	1.330403	1.309890	1.320147
00:00:00.107	1.317216	1.310623	1.313553
00:00:00.107	1.316484	1.317949	1.306227
00:00:00.107	1.308425	1.312821	1.314286
00:00:00.108	1.312088	1.328205	1.323077
00:00:00.108	1.301832	1.317216	1.320879
00:00:00.108	1.310623	1.320879	1.320879
00:00:00.141	1.302564	1.323077	1.322344
00:00:00.141	1.301832	1.312821	1.313553
00:00:00.141	1.316484	1.324542	1.321612
00:00:00.142	1.312821	1.319414	1.313553
00:00:00.142	1.306227	1.307692	1.309158
00:00:00.142	1.308425	1.309158	1.315751
00:00:00.145	1.309158	1.320147	1.323810
00:00:00.145	1.320147	1.328205	1.329670
00:00:00.145	1.314286	1.319414	1.309890
00:00:00.145	1.302564	1.314286	1.320147
00:00:00.145	1.307692	1.313553	1.315018
00:00:00.145	1.318681	1.324542	1.326007
00:00:00.145	1.316484	1.317949	1.317949
00:00:00.145	1.312821	1.309158	1.312821
00:00:00.147	1.300366	1.310623	1.315751
00:00:00.147	1.325275	1.329670	1.336264
00:00:00.147	1.320879	1.320147	1.326007
00:00:00.147	1.315751	1.307692	1.308425
00:00:00.147	1.310623	1.311355	1.307692
00:00:00.148	1.308425	1.316484	1.317949
00:00:00.148	1.320879	1.325275	1.326007
00:00:00.148	1.312088	1.323810	1.325275
00:00:00.151	1.312088	1.322344	1.321612
00:00:00.151	1.312088	1.323077	1.320147
00:00:00.151	1.309158	1.318681	1.312821
00:00:00.151	1.318681	1.326007	1.328938
00:00:00.151	1.316484	1.322344	1.330403
00:00:00.151	1.306960	1.316484	1.319414
00:00:00.151	1.300366	1.311355	1.328205
00:00:00.151	1.309158	1.307692	1.328205
00:00:00.151	1.309890	1.323810	1.315751
00:00:00.152	1.316484	1.323810	1.302564
00:00:00.152	1.323077	1.315018	1.276923
00:00:00.153	1.307692	1.312088	1.274725
00:00:00.153	1.323810	1.323077	1.309158
00:00:00.154	1.336996	1.319414	1.327473
00:00:00.154	1.321612	1.317216	1.339927
00:00:00.154	1.317216	1.315751	1.353846
00:00:00.154	1.310623	1.326007	1.342857
00:00:00.155	1.317949	1.328205	1.326740
00:00:00.155	1.294505	1.309158	1.309890
00:00:00.155	1.301099	1.322344	1.312821
00:00:00.156	1.304762	1.323810	1.312821
00:00:00.156	1.309158	1.316484	1.305495
00:00:00.156	1.306960	1.311355	1.306960
00:00:00.157	1.310623	1.310623	1.318681
00:00:00.157	1.306227	1.314286	1.329670
00:00:00.158	1.310623	1.321612	1.323810
00:00:00.158	1.306227	1.316484	1.320147
00:00:00.158	1.313553	1.322344	1.332601
00:00:00.190	1.323810	1.327473	1.323810
00:00:00.191	1.331136	1.322344	1.314286
00:00:00.191	1.332601	1.321612	1.323810
00:00:00.192	1.310623	1.312088	1.300366
00:00:00.192	1.303297	1.320879	1.312088
00:00:00.192	1.298901	1.323810	1.306227
00:00:00.193	1.287912	1.317216	1.303297
00:00:00.193	1.290110	1.312088	1.306227
00:00:00.193	1.289377	1.312088	1.315751
00:00:00.194	1.315751	1.323810	1.333333
00:00:00.194	1.344322	1.323077	1.336264
00:00:00.194	1.360440	1.326007	1.352381
00:00:00.195	1.338462	1.309158	1.308425
00:00:00.195	1.331868	1.323077	1.308425
00:00:00.195	1.312821	1.323077	1.304029
00:00:00.196	1.296703	1.317949	1.320879
00:00:00.196	1.307692	1.315751	1.340659
00:00:00.197	1.311355	1.317949	1.343590
00:00:00.197	1.304029	1.328938	1.334066
00:00:00.197	1.289377	1.317949	1.325275
00:00:00.198	1.272527	1.320147	1.326740
00:00:00.198	1.290110	1.316484	1.305495
00:00:00.198	1.317949	1.311355	1.297436
00:00:00.199	1.312088	1.309890	1.288645
00:00:00.199	1.354579	1.328205	1.311355
00:00:00.199	1.374359	1.323077	1.354579
00:00:00.200	1.364835	1.328205	1.328938
00:00:00.200	1.333333	1.309890	1.312821
00:00:00.200	1.283516	1.318681	1.312821
00:00:00.201	1.281319	1.327473	1.335531
00:00:00.201	1.259341	1.321612	1.331868
00:00:00.202	1.290110	1.318681	1.321612
00:00:00.202	1.300366	1.321612	1.301832
00:00:00.202	1.306960	1.317216	1.302564
00:00:00.203	1.318681	1.318681	1.309890
00:00:00.203	1.316484	1.316484	1.326740
00:00:00.203	1.313553	1.315751	1.340659
00:00:00.204	1.312821	1.317216	1.342857
00:00:00.204	1.316484	1.320147	1.330403
00:00:00.204	1.340659	1.322344	1.328205
00:00:00.205	1.326007	1.312821	1.304029
00:00:00.206	1.338462	1.326740	1.300366
00:00:00.206	1.329670	1.308425	1.295238
00:00:00.206	1.326007	1.319414	1.317216
00:00:00.206	1.304762	1.326007	1.320147
00:00:00.208	1.301099	1.318681	1.302564
00:00:00.208	1.309890	1.323077	1.323077
00:00:00.208	1.308425	1.323077	1.315751
00:00:00.210	1.308425	1.320879	1.323810
00:00:00.210	1.304029	1.317216	1.314286
00:00:00.241	1.320879	1.321612	1.331868
00:00:00.241	1.328205	1.323077	1.334066
00:00:00.241	1.320147	1.321612	1.323810
00:00:00.241	1.309890	1.321612	1.328205
00:00:00.243	1.293040	1.311355	1.314286
00:00:00.243	1.306227	1.315018	1.311355
00:00:00.243	1.304762	1.321612	1.325275
00:00:00.243	1.298901	1.315018	1.306960
00:00:00.243	1.307692	1.321612	1.329670
00:00:00.243	1.317216	1.323810	1.330403
00:00:00.247	1.315751	1.320147	1.317949
00:00:00.247	1.306227	1.322344	1.309158
00:00:00.247	1.299634	1.309158	1.304762
00:00:00.247	1.317216	1.317949	1.334066
00:00:00.247	1.329670	1.328205	1.331136
00:00:00.247	1.320879	1.324542	1.315751
00:00:00.247	1.317949	1.315018	1.303297
00:00:00.247	1.323810	1.317216	1.333333
00:00:00.247	1.304762	1.317216	1.327473
00:00:00.247	1.313553	1.321612	1.323810
00:00:00.247	1.314286	1.324542	1.323077
00:00:00.248	1.309890	1.318681	1.318681
00:00:00.248	1.297436	1.308425	1.320147
00:00:00.248	1.315018	1.321612	1.326007
00:00:00.249	1.320879	1.325275	1.328205
00:00:00.249	1.326007	1.326007	1.322344
00:00:00.250	1.321612	1.321612	1.304762
00:00:00.250	1.301832	1.312088	1.308425
00:00:00.250	1.302564	1.315018	1.317216
00:00:00.251	1.312088	1.326007	1.299634
00:00:00.251	1.323077	1.317216	1.282784
00:00:00.251	1.317949	1.312821	1.306960
00:00:00.252	1.307692	1.312821	1.319414
00:00:00.252	1.311355	1.330403	1.330403
00:00:00.252	1.317949	1.317949	1.327473
00:00:00.253	1.315018	1.314286	1.317216
00:00:00.253	1.294505	1.308425	1.293773
00:00:00.253	1.307692	1.317949	1.340659
00:00:00.254	1.322344	1.326007	1.363370
00:00:00.254	1.313553	1.324542	1.335531
00:00:00.255	1.295971	1.315751	1.300366
00:00:00.255	1.297436	1.314286	1.304762
00:00:00.255	1.302564	1.317949	1.294505
00:00:00.256	1.314286	1.318681	1.295971
00:00:00.256	1.328205	1.318681	1.325275
00:00:00.256	1.309158	1.312821	1.320879
00:00:00.257	1.304029	1.322344	1.312821
00:00:00.257	1.300366	1.309158	1.303297
00:00:00.257	1.350183	1.332601	1.378022
00:00:00.259	1.330403	1.325275	1.369231
00:00:00.290	1.309158	1.318681	1.356777
00:00:00.290	1.324542	1.326007	1.311355
00:00:00.291	1.331868	1.326007	1.311355
00:00:00.291	1.311355	1.315751	1.315751
00:00:00.291	1.298168	1.316484	1.298168
00:00:00.292	1.300366	1.321612	1.299634
00:00:00.292	1.269597	1.305495	1.279853
00:00:00.292	1.325275	1.334799	1.336996
00:00:00.293	1.314286	1.323810	1.312088
00:00:00.293	1.300366	1.323810	1.286447
00:00:00.294	1.309158	1.324542	1.290110
00:00:00.294	1.306227	1.316484	1.302564
00:00:00.294	1.303297	1.307692	1.326007
00:00:00.295	1.339194	1.318681	1.357509
00:00:00.295	1.347253	1.311355	1.341392
00:00:00.295	1.298901	1.324542	1.364103
00:00:00.296	1.287179	1.313553	1.368498
00:00:00.296	1.297436	1.312821	1.340659
00:00:00.296	1.326007	1.326007	1.298901
00:00:00.297	1.353114	1.326740	1.285714
00:00:00.297	1.334066	1.327473	1.323810
00:00:00.298	1.323077	1.317949	1.310623
00:00:00.298	1.353846	1.317949	1.334066
00:00:00.298	1.339927	1.312088	1.322344
00:00:00.299	1.314286	1.309890	1.290842
00:00:00.299	1.307692	1.315018	1.309890
00:00:00.299	1.296703	1.316484	1.317949
00:00:00.300	1.303297	1.323810	1.331136
00:00:00.300	1.302564	1.321612	1.306227
00:00:00.300	1.294505	1.309890	1.297436
00:00:00.301	1.295238	1.317216	1.314286
00:00:00.301	1.310623	1.323077	1.328205
00:00:00.301	1.294505	1.309890	1.319414
00:00:00.302	1.302564	1.321612	1.325275
00:00:00.302	1.317216	1.321612	1.316484
00:00:00.303	1.295238	1.304762	1.303297
00:00:00.303	1.316484	1.323810	1.321612
00:00:00.303	1.318681	1.325275	1.320147
00:00:00.305	1.290842	1.312821	1.293773
00:00:00.305	1.280586	1.323810	1.315018
00:00:00.305	1.297436	1.314286	1.309158
00:00:00.305	1.315751	1.326007	1.327473
00:00:00.305	1.319414	1.317949	1.322344
00:00:00.305	1.308425	1.312821	1.315751
00:00:00.307	1.315751	1.316484	1.333333
00:00:00.307	1.305495	1.317216	1.325275
00:00:00.307	1.306960	1.331868	1.331868
00:00:00.307	1.288645	1.317216	1.306227
00:00:00.307	1.295971	1.309158	1.314286
00:00:00.311	1.324542	1.320147	1.323077
00:00:00.342	1.340659	1.321612	1.317216
00:00:00.342	1.340659	1.322344	1.322344
00:00:00.342	1.329670	1.305495	1.300366
00:00:00.342	1.336996	1.317949	1.307692
00:00:00.342	1.340659	1.315751	1.318681
00:00:00.342	1.310623	1.312088	1.321612
00:00:00.343	1.309158	1.322344	1.336996
00:00:00.343	1.300366	1.317216	1.322344
00:00:00.343	1.306227	1.319414	1.321612
00:00:00.343	1.306227	1.323077	1.334066
00:00:00.343	1.317216	1.323810	1.331136
00:00:00.344	1.308425	1.326740	1.323810
00:00:00.344	1.302564	1.321612	1.313553
00:00:00.344	1.293773	1.314286	1.314286
00:00:00.345	1.301832	1.311355	1.312821
00:00:00.345	1.318681	1.322344	1.326740
00:00:00.345	1.319414	1.324542	1.333333
00:00:00.346	1.312088	1.321612	1.322344
00:00:00.346	1.294505	1.313553	1.317949
00:00:00.347	1.310623	1.323810	1.323810
00:00:00.347	1.313553	1.321612	1.317949
00:00:00.347	1.304762	1.312821	1.308425
00:00:00.348	1.310623	1.322344	1.315018
00:00:00.348	1.301832	1.308425	1.293040
00:00:00.348	1.315018	1.317216	1.314286
00:00:00.349	1.318681	1.318681	1.326740
00:00:00.349	1.319414	1.322344	1.320879
00:00:00.349	1.313553	1.315751	1.304762
00:00:00.350	1.305495	1.321612	1.307692
00:00:00.350	1.322344	1.321612	1.323810
00:00:00.350	1.312088	1.326007	1.332601
00:00:00.351	1.301832	1.324542	1.315018
00:00:00.351	1.291575	1.320879	1.304029
00:00:00.352	1.309158	1.317216	1.344322
00:00:00.352	1.328205	1.328205	1.354579
00:00:00.352	1.347253	1.328205	1.386081
00:00:00.353	1.342857	1.326007	1.349451
00:00:00.353	1.329670	1.309158	1.323810
00:00:00.353	1.334066	1.323810	1.311355
00:00:00.354	1.351648	1.324542	1.310623
00:00:00.354	1.330403	1.320879	1.308425
00:00:00.354	1.295971	1.320147	1.294505
00:00:00.355	1.298168	1.322344	1.302564
00:00:00.355	1.304029	1.323810	1.308425
00:00:00.356	1.306960	1.320879	1.313553
00:00:00.356	1.297436	1.312088	1.300366
00:00:00.356	1.309158	1.324542	1.312088
00:00:00.357	1.306227	1.317949	1.326740
00:00:00.357	1.320147	1.320879	1.372894
00:00:00.357	1.325275	1.315751	1.345788
00:00:00.390	1.334066	1.321612	1.352381
00:00:00.390	1.323810	1.326007	1.326740
00:00:00.390	1.312088	1.325275	1.300366
00:00:00.391	1.279853	1.315018	1.295238
00:00:00.391	1.286447	1.324542	1.307692
00:00:00.391	1.295238	1.321612	1.297436
00:00:00.392	1.306960	1.323810	1.288645
00:00:00.392	1.299634	1.312088	1.290842
00:00:00.392	1.316484	1.319414	1.316484
00:00:00.393	1.306227	1.326007	1.339927
00:00:00.393	1.350183	1.317216	1.310623
00:00:00.393	1.362637	1.314286	1.322344
00:00:00.394	1.345788	1.321612	1.358242
00:00:00.395	1.301099	1.323810	1.327473
00:00:00.396	1.266667	1.322344	1.331136
00:00:00.396	1.267399	1.306960	1.312088
00:00:00.396	1.315751	1.318681	1.331136
00:00:00.396	1.344322	1.327473	1.356044
00:00:00.396	1.352381	1.325275	1.360440
00:00:00.396	1.333333	1.317949	1.335531
00:00:00.397	1.322344	1.322344	1.307692
00:00:00.397	1.318681	1.323810	1.308425
00:00:00.397	1.314286	1.322344	1.307692
00:00:00.398	1.304029	1.318681	1.317949
00:00:00.398	1.284249	1.311355	1.299634
00:00:00.398	1.271795	1.307692	1.292308
00:00:00.401	1.298168	1.317216	1.314286
00:00:00.401	1.323810	1.323077	1.331136
00:00:00.401	1.322344	1.323077	1.312821
00:00:00.401	1.303297	1.309158	1.298168
00:00:00.401	1.305495	1.313553	1.309158
00:00:00.402	1.329670	1.323077	1.334799
00:00:00.402	1.341392	1.325275	1.333333
00:00:00.402	1.326007	1.317949	1.312088
00:00:00.403	1.295238	1.312821	1.309158
00:00:00.403	1.298168	1.321612	1.313553
00:00:00.403	1.315751	1.323810	1.321612
00:00:00.403	1.308425	1.320147	1.316484
00:00:00.403	1.297436	1.310623	1.310623
00:00:00.403	1.304762	1.320147	1.323077
00:00:00.408	1.312088	1.322344	1.319414
00:00:00.408	1.310623	1.318681	1.312821
00:00:00.408	1.315018	1.321612	1.320147
00:00:00.408	1.321612	1.317949	1.319414
00:00:00.408	1.315751	1.317949	1.320147
00:00:00.408	1.317216	1.316484	1.320879
00:00:00.408	1.318681	1.315751	1.320879
00:00:00.408	1.315018	1.317949	1.319414
00:00:00.408	1.304762	1.318681	1.316484
00:00:00.408	1.302564	1.321612	1.313553
00:00:00.439	1.306960	1.316484	1.311355
00:00:00.440	1.317949	1.320879	1.319414
00:00:00.440	1.311355	1.313553	1.312821
00:00:00.440	1.302564	1.310623	1.310623
00:00:00.441	1.326740	1.326740	1.321612
00:00:00.441	1.330403	1.323077	1.323810
00:00:00.441	1.320879	1.313553	1.309158
00:00:00.442	1.315018	1.320147	1.314286
00:00:00.442	1.295971	1.312088	1.318681
00:00:00.442	1.315751	1.323077	1.326740
00:00:00.443	1.307692	1.319414	1.316484
00:00:00.443	1.298901	1.311355	1.312821
00:00:00.444	1.302564	1.317216	1.309890
00:00:00.444	1.300366	1.317216	1.318681
00:00:00.444	1.315018	1.326007	1.323810
00:00:00.445	1.321612	1.317949	1.317949
00:00:00.445	1.309890	1.314286	1.317949
00:00:00.445	1.298901	1.324542	1.318681
00:00:00.446	1.298901	1.321612	1.320879
00:00:00.447	1.311355	1.328938	1.321612
00:00:00.447	1.312821	1.317216	1.294505
00:00:00.447	1.320147	1.321612	1.302564
00:00:00.447	1.312088	1.305495	1.283516
00:00:00.448	1.345055	1.323810	1.314286
00:00:00.448	1.337729	1.309890	1.327473
00:00:00.448	1.323810	1.323810	1.323077
00:00:00.449	1.297436	1.309890	1.334066
00:00:00.449	1.329670	1.313553	1.336264
00:00:00.449	1.322344	1.322344	1.346520
00:00:00.450	1.313553	1.330403	1.333333
00:00:00.450	1.315751	1.320147	1.339927
00:00:00.450	1.306227	1.328205	1.328938
00:00:00.451	1.287912	1.312821	1.293040
00:00:00.451	1.279121	1.320147	1.289377
00:00:00.451	1.278388	1.320147	1.272527
00:00:00.452	1.284982	1.323077	1.279121
00:00:00.452	1.261538	1.310623	1.263736
00:00:00.453	1.231502	1.306227	1.320147
00:00:00.453	1.271062	1.323077	1.373626
00:00:00.453	1.314286	1.323810	1.337729
00:00:00.454	1.381685	1.319414	1.355311
00:00:00.454	1.445421	1.315018	1.387546
00:00:00.454	1.430037	1.324542	1.391941
00:00:00.455	1.361905	1.318681	1.331868
00:00:00.455	1.400000	1.329670	1.389011
00:00:00.455	1.395604	1.322344	1.379487
00:00:00.456	1.304762	1.315018	1.295971
00:00:00.456	1.273260	1.316484	1.276923
00:00:00.456	1.276190	1.325275	1.284982
00:00:00.457	1.272527	1.320147	1.275458
00:00:00.489	1.292308	1.325275	1.291575
00:00:00.489	1.298168	1.325275	1.300366
00:00:00.490	1.295238	1.315751	1.307692
00:00:00.490	1.302564	1.320147	1.315018
00:00:00.490	1.306960	1.322344	1.311355
00:00:00.491	1.320147	1.328205	1.327473
00:00:00.491	1.323077	1.319414	1.349451
00:00:00.492	1.284982	1.319414	1.334799
00:00:00.492	1.278388	1.311355	1.304762
00:00:00.492	1.289377	1.314286	1.307692
00:00:00.493	1.306227	1.322344	1.312821
00:00:00.493	1.306227	1.318681	1.318681
00:00:00.494	1.304762	1.312821	1.311355
00:00:00.494	1.309158	1.309890	1.312088
00:00:00.494	1.321612	1.324542	1.323810
00:00:00.494	1.302564	1.310623	1.320147
00:00:00.496	1.314286	1.322344	1.323077
00:00:00.496	1.320879	1.322344	1.320879
00:00:00.496	1.315018	1.314286	1.317216
00:00:00.499	1.326740	1.323077	1.323810
00:00:00.499	1.326740	1.321612	1.317949
00:00:00.499	1.325275	1.316484	1.318681
00:00:00.499	1.317949	1.322344	1.320147
00:00:00.499	1.291575	1.309890	1.315018
00:00:00.499	1.299634	1.323077	1.320879
00:00:00.499	1.304029	1.312821	1.308425
00:00:00.499	1.300366	1.310623	1.321612
00:00:00.499	1.298168	1.323077	1.311355
00:00:00.499	1.323077	1.319414	1.319414
00:00:00.499	1.321612	1.314286	1.326007
00:00:00.500	1.320147	1.309890	1.320147
00:00:00.504	1.326740	1.318681	1.318681
00:00:00.504	1.312088	1.308425	1.313553
00:00:00.504	1.308425	1.310623	1.307692
00:00:00.504	1.307692	1.320147	1.323810
00:00:00.504	1.291575	1.310623	1.308425
00:00:00.504	1.295971	1.320879	1.313553
00:00:00.504	1.295971	1.312821	1.310623
00:00:00.504	1.303297	1.319414	1.308425
00:00:00.504	1.312088	1.326740	1.323810
00:00:00.504	1.310623	1.324542	1.331136
00:00:00.504	1.301099	1.311355	1.321612
00:00:00.504	1.305495	1.316484	1.315751
00:00:00.504	1.319414	1.320879	1.334066
00:00:00.505	1.328938	1.321612	1.320879
00:00:00.505	1.328938	1.322344	1.317216
00:00:00.506	1.320879	1.324542	1.307692
00:00:00.506	1.306227	1.318681	1.293040
00:00:00.506	1.308425	1.327473	1.310623
00:00:00.507	1.318681	1.323810	1.337729
00:00:00.539	1.322344	1.327473	1.344322
00:00:00.539	1.324542	1.322344	1.342857
00:00:00.540	1.320147	1.326740	1.334799
00:00:00.540	1.301099	1.311355	1.299634
00:00:00.540	1.315751	1.323077	1.304029
00:00:00.541	1.303297	1.312088	1.295971
00:00:00.541	1.298901	1.320879	1.310623
00:00:00.541	1.297436	1.323810	1.292308
00:00:00.542	1.321612	1.323810	1.308425
00:00:00.542	1.344322	1.323077	1.334799
00:00:00.542	1.328938	1.308425	1.292308
00:00:00.543	1.356777	1.314286	1.375824
00:00:00.543	1.339927	1.328938	1.391209
00:00:00.543	1.323810	1.326007	1.393407
00:00:00.544	1.316484	1.326740	1.347253
00:00:00.544	1.305495	1.320147	1.307692
00:00:00.545	1.292308	1.306960	1.290110
00:00:00.545	1.288645	1.316484	1.298168
00:00:00.545	1.304762	1.312088	1.292308
00:00:00.546	1.312088	1.323810	1.314286
00:00:00.546	1.312088	1.323077	1.311355
00:00:00.546	1.296703	1.314286	1.302564
00:00:00.547	1.307692	1.321612	1.317949
00:00:00.547	1.299634	1.314286	1.309158
00:00:00.547	1.305495	1.317216	1.309158
