timestamp	ch1	ch2	ch3
00:00:00.000	1.394139	1.312821	1.325275
00:00:00.000	1.219780	1.323077	1.320147
00:00:00.001	1.192674	1.317949	1.306227
00:00:00.001	1.260806	1.314286	1.320147
00:00:00.002	1.317949	1.323077	1.323810
00:00:00.002	1.328938	1.326740	1.326740
00:00:00.002	1.328938	1.317949	1.328205
00:00:00.002	1.334066	1.327473	1.329670
00:00:00.003	1.307692	1.323810	1.317949
00:00:00.003	1.271062	1.316484	1.298168
00:00:00.003	1.287912	1.316484	1.293773
00:00:00.004	1.304029	1.313553	1.293773
00:00:00.004	1.298168	1.320879	1.313553
00:00:00.004	1.299634	1.323810	1.315018
00:00:00.005	1.325275	1.320879	1.336996
00:00:00.005	1.339927	1.317216	1.357509
00:00:00.006	1.330403	1.322344	1.332601
00:00:00.006	1.324542	1.314286	1.330403
00:00:00.006	1.339927	1.327473	1.336996
00:00:00.007	1.345788	1.326007	1.331868
00:00:00.007	1.357509	1.323077	1.320879
00:00:00.007	1.323077	1.314286	1.312821
00:00:00.008	1.300366	1.315751	1.310623
00:00:00.008	1.293040	1.320147	1.315751
00:00:00.008	1.300366	1.321612	1.319414
00:00:00.009	1.292308	1.320879	1.306227
00:00:00.009	1.304762	1.321612	1.306227
00:00:00.009	1.314286	1.317216	1.318681
00:00:00.010	1.306960	1.307692	1.318681
00:00:00.010	1.313553	1.320147	1.323810
00:00:00.011	1.315018	1.322344	1.336264
00:00:00.011	1.302564	1.315018	1.306227
00:00:00.011	1.290842	1.312088	1.293773
00:00:00.043	1.293773	1.317949	1.284982
00:00:00.044	1.308425	1.321612	1.304029
00:00:00.044	1.310623	1.318681	1.298168
00:00:00.045	1.299634	1.316484	1.263004
00:00:00.045	1.293773	1.309890	1.276923
00:00:00.045	1.303297	1.315751	1.366300
00:00:00.046	1.337729	1.324542	1.383883
00:00:00.046	1.374359	1.327473	1.386813
00:00:00.046	1.393407	1.322344	1.343590
00:00:00.047	1.347253	1.309890	1.295971
00:00:00.047	1.356044	1.320879	1.353114
00:00:00.047	1.334799	1.318681	1.366300
00:00:00.048	1.274725	1.317216	1.315018
00:00:00.048	1.274725	1.325275	1.323077
00:00:00.048	1.265201	1.320879	1.309890
00:00:00.049	1.297436	1.326007	1.308425
00:00:00.049	1.293773	1.321612	1.311355
00:00:00.050	1.301832	1.320147	1.312821
00:00:00.050	1.302564	1.315018	1.311355
00:00:00.050	1.276923	1.311355	1.306227
00:00:00.051	1.286447	1.322344	1.300366
00:00:00.051	1.284249	1.309890	1.295971
00:00:00.051	1.289377	1.319414	1.298168
00:00:00.052	1.298168	1.323077	1.306227
00:00:00.052	1.341392	1.320147	1.316484
00:00:00.052	1.369231	1.312821	1.336264
00:00:00.054	1.386813	1.312088	1.335531
00:00:00.054	1.368498	1.325275	1.352381
00:00:00.055	1.363370	1.327473	1.326740
00:00:00.055	1.331868	1.323810	1.321612
00:00:00.055	1.303297	1.319414	1.314286
00:00:00.057	1.262271	1.318681	1.316484
00:00:00.057	1.280586	1.320879	1.315018
00:00:00.057	1.290110	1.318681	1.323077
00:00:00.057	1.276923	1.318681	1.318681
00:00:00.057	1.288645	1.318681	1.315018
00:00:00.057	1.304762	1.317949	1.306227
00:00:00.057	1.311355	1.314286	1.303297
00:00:00.057	1.325275	1.324542	1.323810
00:00:00.057	1.334799	1.328205	1.328205
00:00:00.060	1.334066	1.323810	1.323810
00:00:00.060	1.323810	1.315018	1.315751
00:00:00.060	1.298168	1.311355	1.312088
00:00:00.060	1.290110	1.313553	1.309890
00:00:00.060	1.295971	1.325275	1.314286
00:00:00.060	1.314286	1.328205	1.330403
00:00:00.060	1.299634	1.313553	1.305495
00:00:00.060	1.299634	1.312821	1.323077
00:00:00.061	1.327473	1.313553	1.328938
00:00:00.061	1.325275	1.325275	1.323810
00:00:00.093	1.310623	1.319414	1.315018
00:00:00.094	1.321612	1.326007	1.323077
00:00:00.094	1.315751	1.323810	1.323810
00:00:00.094	1.316484	1.318681	1.323810
00:00:00.095	1.310623	1.319414	1.323077
00:00:00.095	1.315018	1.324542	1.320879
00:00:00.095	1.323810	1.322344	1.318681
00:00:00.096	1.309890	1.321612	1.322344
00:00:00.096	1.313553	1.308425	1.302564
00:00:00.096	1.323810	1.319414	1.323810
00:00:00.097	1.323810	1.325275	1.320147
00:00:00.097	1.325275	1.320879	1.315018
00:00:00.098	1.332601	1.326007	1.321612
00:00:00.098	1.315018	1.312088	1.323077
00:00:00.098	1.320147	1.326740	1.326007
00:00:00.099	1.298168	1.320147	1.327473
00:00:00.099	1.306960	1.323810	1.327473
00:00:00.099	1.311355	1.318681	1.316484
00:00:00.100	1.340659	1.321612	1.320879
00:00:00.100	1.366300	1.312088	1.319414
00:00:00.100	1.356777	1.315751	1.317949
00:00:00.101	1.184615	1.311355	1.314286
00:00:00.101	1.248352	1.323077	1.322344
00:00:00.101	1.328938	1.318681	1.320879
00:00:00.102	1.338462	1.318681	1.311355
00:00:00.102	1.344322	1.321612	1.315751
00:00:00.103	1.348718	1.305495	1.300366
00:00:00.103	1.347253	1.324542	1.306960
00:00:00.103	1.288645	1.323810	1.317216
00:00:00.104	1.227839	1.323077	1.315018
00:00:00.104	1.244689	1.310623	1.304029
00:00:00.104	1.317949	1.317216	1.307692
00:00:00.105	1.341392	1.322344	1.344322
00:00:00.105	1.323077	1.323077	1.350916
00:00:00.105	1.330403	1.323810	1.354579
00:00:00.106	1.349451	1.324542	1.358242
00:00:00.106	1.341392	1.325275	1.329670
00:00:00.106	1.324542	1.318681	1.306960
00:00:00.107	1.317949	1.326007	1.294505
00:00:00.107	1.297436	1.326740	1.299634
00:00:00.108	1.288645	1.323810	1.300366
00:00:00.108	1.264469	1.316484	1.323077
00:00:00.108	1.267399	1.319414	1.336264
00:00:00.109	1.341392	1.320879	1.323077
00:00:00.109	1.372894	1.317949	1.300366
00:00:00.109	1.352381	1.317949	1.342857
00:00:00.110	1.338462	1.318681	1.349451
00:00:00.110	1.330403	1.323077	1.330403
00:00:00.110	1.306227	1.326007	1.310623
00:00:00.111	1.273993	1.317949	1.279853
00:00:00.143	1.251282	1.313553	1.279121
00:00:00.143	1.252747	1.323810	1.271795
00:00:00.144	1.273260	1.318681	1.271062
00:00:00.144	1.276923	1.312088	1.290110
00:00:00.144	1.353846	1.320147	1.347253
00:00:00.145	1.345788	1.325275	1.383883
00:00:00.145	1.336264	1.317949	1.400733
00:00:00.145	1.336996	1.312821	1.384615
00:00:00.146	1.372161	1.320147	1.388278
00:00:00.146	1.381685	1.325275	1.361172
00:00:00.147	1.365568	1.322344	1.331136
00:00:00.147	1.344322	1.309890	1.298168
00:00:00.147	1.341392	1.318681	1.293040
00:00:00.148	1.338462	1.327473	1.308425
00:00:00.148	1.286447	1.326007	1.303297
00:00:00.149	1.259341	1.320879	1.306960
00:00:00.149	1.257875	1.314286	1.304762
00:00:00.149	1.320879	1.309158	1.304762
00:00:00.149	1.346520	1.317216	1.311355
00:00:00.151	1.302564	1.308425	1.303297
00:00:00.151	1.316484	1.327473	1.326007
00:00:00.151	1.306960	1.320147	1.317216
00:00:00.151	1.284982	1.322344	1.321612
00:00:00.151	1.276923	1.317216	1.310623
00:00:00.152	1.271795	1.314286	1.318681
00:00:00.152	1.300366	1.328205	1.323810
00:00:00.152	1.296703	1.313553	1.306960
00:00:00.153	1.307692	1.320147	1.320147
00:00:00.153	1.334799	1.323810	1.323810
00:00:00.153	1.339927	1.327473	1.323810
00:00:00.154	1.323810	1.320147	1.321612
00:00:00.154	1.309158	1.318681	1.307692
00:00:00.154	1.304762	1.325275	1.319414
00:00:00.157	1.299634	1.315751	1.309158
00:00:00.157	1.316484	1.324542	1.326007
00:00:00.157	1.302564	1.314286	1.321612
00:00:00.157	1.315751	1.321612	1.326740
00:00:00.157	1.301099	1.313553	1.314286
00:00:00.157	1.312088	1.320879	1.315751
00:00:00.157	1.323077	1.320879	1.317216
00:00:00.157	1.314286	1.309890	1.305495
00:00:00.159	1.314286	1.323810	1.326740
00:00:00.159	1.304029	1.315018	1.314286
00:00:00.159	1.320879	1.323810	1.326007
00:00:00.159	1.306960	1.320879	1.320147
00:00:00.159	1.315751	1.336264	1.323810
00:00:00.159	1.315751	1.334799	1.327473
00:00:00.160	1.300366	1.320147	1.321612
00:00:00.160	1.304029	1.320147	1.323077
00:00:00.161	1.314286	1.312088	1.310623
00:00:00.193	1.314286	1.303297	1.314286
00:00:00.193	1.301099	1.288645	1.308425
00:00:00.193	1.328938	1.303297	1.334799
00:00:00.194	1.316484	1.304029	1.316484
00:00:00.194	1.306227	1.309890	1.315751
00:00:00.194	1.307692	1.322344	1.318681
00:00:00.195	1.294505	1.314286	1.321612
00:00:00.195	1.304762	1.326007	1.331136
00:00:00.196	1.306960	1.324542	1.315751
00:00:00.196	1.302564	1.334066	1.326007
00:00:00.196	1.296703	1.325275	1.320879
00:00:00.197	1.303297	1.318681	1.320879
00:00:00.197	1.305495	1.324542	1.320879
00:00:00.197	1.323810	1.328205	1.325275
00:00:00.198	1.355311	1.325275	1.313553
00:00:00.198	1.358242	1.318681	1.292308
00:00:00.198	1.323810	1.312821	1.308425
00:00:00.199	1.306227	1.318681	1.312088
00:00:00.199	1.300366	1.314286	1.314286
00:00:00.200	1.312088	1.324542	1.328205
00:00:00.200	1.301832	1.320147	1.321612
00:00:00.200	1.298901	1.314286	1.320147
00:00:00.201	1.315751	1.317949	1.321612
00:00:00.201	1.309158	1.310623	1.309158
00:00:00.201	1.354579	1.321612	1.322344
00:00:00.202	1.386081	1.315018	1.313553
00:00:00.202	1.356777	1.323810	1.339194
00:00:00.202	1.221978	1.318681	1.346520
00:00:00.203	1.268864	1.315018	1.339927
00:00:00.203	1.297436	1.327473	1.328938
00:00:00.203	1.285714	1.321612	1.301832
00:00:00.204	1.297436	1.315751	1.295238
00:00:00.204	1.305495	1.316484	1.289377
00:00:00.205	1.297436	1.313553	1.271795
00:00:00.205	1.295238	1.311355	1.295238
00:00:00.205	1.331868	1.327473	1.358242
00:00:00.206	1.347985	1.331868	1.375824
00:00:00.206	1.322344	1.312821	1.320147
00:00:00.206	1.326740	1.312821	1.303297
00:00:00.207	1.308425	1.317949	1.331136
00:00:00.207	1.329670	1.326740	1.300366
00:00:00.207	1.326740	1.318681	1.270330
00:00:00.208	1.351648	1.328938	1.284982
00:00:00.208	1.352381	1.323077	1.320147
00:00:00.208	1.335531	1.313553	1.309890
00:00:00.209	1.317949	1.310623	1.330403
00:00:00.209	1.292308	1.321612	1.347253
00:00:00.210	1.221245	1.323077	1.327473
00:00:00.211	1.238828	1.326007	1.334799
00:00:00.211	1.298901	1.310623	1.344322
00:00:00.242	1.303297	1.316484	1.329670
00:00:00.243	1.320147	1.325275	1.321612
00:00:00.243	1.361172	1.312088	1.303297
00:00:00.244	1.391209	1.316484	1.328205
00:00:00.244	1.357509	1.317949	1.336996
00:00:00.244	1.309890	1.314286	1.360440
00:00:00.245	1.312821	1.326740	1.368498
00:00:00.245	1.359707	1.322344	1.330403
00:00:00.245	1.325275	1.320879	1.290110
00:00:00.246	1.320147	1.315751	1.281319
00:00:00.246	1.312088	1.315751	1.307692
00:00:00.246	1.320147	1.319414	1.334066
00:00:00.248	1.279853	1.320147	1.323810
00:00:00.248	1.243223	1.323810	1.301832
00:00:00.248	1.242491	1.318681	1.301832
00:00:00.251	1.313553	1.323810	1.315018
00:00:00.251	1.314286	1.319414	1.312821
00:00:00.251	1.312821	1.321612	1.319414
00:00:00.251	1.319414	1.315018	1.312088
00:00:00.251	1.323810	1.311355	1.315018
00:00:00.251	1.333333	1.312821	1.304762
00:00:00.251	1.328205	1.319414	1.313553
00:00:00.251	1.307692	1.320147	1.321612
00:00:00.251	1.270330	1.323810	1.320147
00:00:00.251	1.269597	1.320879	1.318681
00:00:00.251	1.295238	1.317216	1.315018
00:00:00.255	1.313553	1.311355	1.312088
00:00:00.255	1.322344	1.319414	1.311355
00:00:00.255	1.326740	1.323077	1.317949
00:00:00.255	1.336996	1.323077	1.327473
00:00:00.255	1.328205	1.318681	1.323810
00:00:00.255	1.319414	1.317949	1.328938
00:00:00.255	1.312088	1.320879	1.323810
00:00:00.255	1.309158	1.320147	1.318681
00:00:00.255	1.313553	1.320879	1.320147
00:00:00.255	1.313553	1.315018	1.320147
00:00:00.255	1.306960	1.320879	1.323810
00:00:00.256	1.320147	1.319414	1.319414
00:00:00.256	1.326007	1.315751	1.317949
00:00:00.256	1.325275	1.320879	1.319414
00:00:00.257	1.318681	1.323810	1.319414
00:00:00.257	1.330403	1.325275	1.323810
00:00:00.257	1.338462	1.320147	1.315751
00:00:00.258	1.296703	1.323810	1.317216
00:00:00.258	1.273260	1.320147	1.318681
00:00:00.259	1.282784	1.317216	1.307692
00:00:00.259	1.330403	1.327473	1.327473
00:00:00.259	1.330403	1.323810	1.323077
00:00:00.260	1.335531	1.326740	1.334799
00:00:00.260	1.309158	1.314286	1.322344
00:00:00.292	1.301832	1.321612	1.327473
00:00:00.293	1.306227	1.325275	1.334799
00:00:00.293	1.312821	1.328938	1.322344
00:00:00.293	1.311355	1.319414	1.315751
00:00:00.294	1.331136	1.313553	1.322344
00:00:00.295	1.309890	1.317949	1.320879
00:00:00.295	1.301832	1.313553	1.298168
00:00:00.295	1.320147	1.325275	1.315751
00:00:00.295	1.321612	1.316484	1.306960
00:00:00.295	1.309158	1.319414	1.305495
00:00:00.296	1.315018	1.318681	1.315018
00:00:00.296	1.317216	1.326007	1.332601
00:00:00.297	1.317949	1.323077	1.323810
00:00:00.297	1.313553	1.315018	1.325275
00:00:00.297	1.310623	1.315018	1.320147
00:00:00.298	1.317949	1.323810	1.341392
00:00:00.298	1.305495	1.323077	1.330403
00:00:00.298	1.314286	1.323077	1.332601
00:00:00.299	1.323077	1.324542	1.300366
00:00:00.299	1.309890	1.311355	1.273260
00:00:00.299	1.310623	1.318681	1.312088
00:00:00.300	1.302564	1.321612	1.329670
00:00:00.300	1.313553	1.321612	1.332601
00:00:00.300	1.312088	1.315751	1.312821
00:00:00.301	1.293040	1.312088	1.282784
00:00:00.301	1.326007	1.320879	1.315751
00:00:00.302	1.350183	1.330403	1.361172
00:00:00.302	1.356044	1.316484	1.362637
00:00:00.302	1.337729	1.326740	1.301832
00:00:00.303	1.297436	1.323810	1.310623
00:00:00.303	1.271062	1.315018	1.298901
00:00:00.303	1.270330	1.323810	1.287912
00:00:00.304	1.248352	1.306960	1.259341
00:00:00.304	1.271062	1.320879	1.276923
00:00:00.304	1.299634	1.308425	1.306227
00:00:00.305	1.309890	1.310623	1.320879
00:00:00.305	1.320147	1.309890	1.312088
00:00:00.305	1.391209	1.321612	1.433700
00:00:00.306	1.448352	1.333333	1.449817
00:00:00.306	1.387546	1.325275	1.405128
00:00:00.307	1.315018	1.316484	1.320147
00:00:00.307	1.303297	1.321612	1.297436
00:00:00.307	1.313553	1.317216	1.292308
00:00:00.308	1.348718	1.323810	1.300366
00:00:00.308	1.298901	1.316484	1.295971
00:00:00.308	1.270330	1.315018	1.300366
00:00:00.309	1.248352	1.317949	1.308425
00:00:00.309	1.238828	1.313553	1.293773
00:00:00.309	1.263736	1.309890	1.294505
00:00:00.310	1.272527	1.312821	1.295971
00:00:00.342	1.350183	1.309158	1.295971
00:00:00.342	1.415385	1.310623	1.319414
00:00:00.343	1.334799	1.326740	1.350916
00:00:00.343	1.281319	1.321612	1.349451
00:00:00.343	1.283516	1.319414	1.315018
00:00:00.348	1.249084	1.320147	1.310623
00:00:00.348	1.326740	1.313553	1.306960
00:00:00.348	1.344322	1.326740	1.344322
00:00:00.348	1.304029	1.312821	1.342857
00:00:00.348	1.311355	1.321612	1.331868
00:00:00.348	1.315018	1.323077	1.310623
00:00:00.348	1.308425	1.318681	1.312088
00:00:00.348	1.315751	1.322344	1.314286
00:00:00.348	1.312088	1.319414	1.308425
00:00:00.348	1.309158	1.318681	1.316484
00:00:00.348	1.315018	1.312821	1.309890
00:00:00.348	1.319414	1.322344	1.319414
00:00:00.348	1.310623	1.314286	1.308425
00:00:00.348	1.312088	1.324542	1.321612
00:00:00.351	1.300366	1.312088	1.312821
00:00:00.351	1.315018	1.323810	1.323810
00:00:00.351	1.307692	1.317216	1.314286
00:00:00.351	1.315018	1.323810	1.326740
00:00:00.351	1.323810	1.324542	1.320879
00:00:00.351	1.322344	1.323077	1.318681
00:00:00.351	1.317949	1.326007	1.322344
00:00:00.351	1.309890	1.317216	1.320879
00:00:00.352	1.308425	1.321612	1.321612
00:00:00.352	1.301832	1.312821	1.312088
00:00:00.352	1.317216	1.323077	1.327473
00:00:00.353	1.298901	1.316484	1.320879
00:00:00.353	1.294505	1.312821	1.315018
00:00:00.353	1.317216	1.326007	1.326007
00:00:00.354	1.308425	1.308425	1.315751
00:00:00.354	1.323810	1.326740	1.323810
00:00:00.354	1.319414	1.321612	1.317216
00:00:00.355	1.321612	1.323077	1.321612
00:00:00.355	1.319414	1.314286	1.316484
00:00:00.356	1.315751	1.322344	1.323810
00:00:00.356	1.312088	1.326007	1.323077
00:00:00.356	1.304029	1.322344	1.319414
00:00:00.357	1.304029	1.323810	1.320147
00:00:00.357	1.281319	1.309158	1.310623
00:00:00.357	1.290842	1.318681	1.316484
00:00:00.358	1.345055	1.337729	1.345788
00:00:00.358	1.329670	1.326007	1.337729
00:00:00.358	1.332601	1.323810	1.330403
00:00:00.359	1.315018	1.317216	1.318681
00:00:00.359	1.326740	1.312088	1.312821
00:00:00.360	1.326007	1.316484	1.315751
00:00:00.392	1.315751	1.321612	1.305495
00:00:00.392	1.312088	1.317216	1.307692
00:00:00.392	1.301099	1.317949	1.309158
00:00:00.393	1.290110	1.309158	1.306227
00:00:00.393	1.294505	1.322344	1.326007
00:00:00.394	1.309890	1.325275	1.328938
00:00:00.394	1.305495	1.324542	1.319414
00:00:00.394	1.282784	1.321612	1.315751
00:00:00.395	1.279121	1.321612	1.323810
00:00:00.395	1.305495	1.315018	1.326007
00:00:00.395	1.322344	1.324542	1.329670
00:00:00.396	1.331868	1.320879	1.306227
00:00:00.396	1.349451	1.304029	1.327473
00:00:00.396	1.354579	1.312088	1.323077
00:00:00.397	1.343590	1.320147	1.315751
00:00:00.397	1.343590	1.326740	1.321612
00:00:00.397	1.339927	1.321612	1.292308
00:00:00.398	1.298901	1.312821	1.285714
00:00:00.398	1.273993	1.315018	1.334799
00:00:00.399	1.303297	1.318681	1.346520
00:00:00.399	1.336996	1.327473	1.345055
00:00:00.399	1.334799	1.313553	1.320879
00:00:00.400	1.312821	1.318681	1.304029
00:00:00.400	1.298901	1.316484	1.287179
00:00:00.400	1.273993	1.316484	1.281319
00:00:00.401	1.250549	1.317949	1.328938
00:00:00.401	1.235897	1.323077	1.323810
00:00:00.401	1.282051	1.318681	1.306227
00:00:00.402	1.372894	1.325275	1.381685
00:00:00.402	1.401465	1.329670	1.402198
00:00:00.402	1.349451	1.323810	1.317949
00:00:00.403	1.328205	1.313553	1.263736
00:00:00.403	1.328205	1.309158	1.310623
00:00:00.404	1.341392	1.328938	1.353846
00:00:00.404	1.313553	1.317949	1.346520
00:00:00.404	1.314286	1.328205	1.359707
00:00:00.405	1.302564	1.322344	1.323077
00:00:00.405	1.269597	1.306960	1.276923
00:00:00.405	1.307692	1.313553	1.290110
00:00:00.406	1.342857	1.318681	1.299634
00:00:00.406	1.362637	1.324542	1.312821
00:00:00.406	1.380220	1.320147	1.316484
00:00:00.408	1.347253	1.319414	1.306227
00:00:00.408	1.284249	1.321612	1.326007
00:00:00.408	1.220513	1.323810	1.358974
00:00:00.408	1.196337	1.327473	1.358974
00:00:00.408	1.284249	1.323810	1.327473
00:00:00.409	1.301832	1.309890	1.298168
00:00:00.410	1.320147	1.314286	1.315018
00:00:00.410	1.321612	1.324542	1.317949
00:00:00.443	1.314286	1.323077	1.310623
00:00:00.443	1.312088	1.322344	1.309890
00:00:00.443	1.327473	1.312821	1.303297
00:00:00.443	1.342857	1.325275	1.315751
00:00:00.443	1.335531	1.317216	1.309158
00:00:00.443	1.309158	1.313553	1.305495
00:00:00.444	1.299634	1.312088	1.316484
00:00:00.444	1.291575	1.315018	1.320879
00:00:00.444	1.320879	1.321612	1.323810
00:00:00.448	1.333333	1.312088	1.312088
00:00:00.448	1.380952	1.316484	1.306960
00:00:00.448	1.392674	1.320147	1.317949
00:00:00.448	1.377289	1.315751	1.312088
00:00:00.448	1.237363	1.323810	1.315751
00:00:00.448	1.211722	1.317216	1.312088
00:00:00.448	1.242491	1.326007	1.320147
00:00:00.448	1.298901	1.320147	1.315751
00:00:00.448	1.317216	1.317949	1.314286
00:00:00.448	1.318681	1.319414	1.320879
00:00:00.448	1.318681	1.320147	1.323077
00:00:00.450	1.317216	1.318681	1.317949
00:00:00.450	1.320147	1.316484	1.310623
00:00:00.450	1.310623	1.310623	1.314286
00:00:00.450	1.314286	1.318681	1.323077
00:00:00.450	1.322344	1.326007	1.323810
00:00:00.450	1.322344	1.326740	1.318681
00:00:00.452	1.317949	1.318681	1.317216
00:00:00.452	1.311355	1.307692	1.315018
00:00:00.452	1.312088	1.318681	1.323810
00:00:00.452	1.320879	1.322344	1.326740
00:00:00.452	1.319414	1.321612	1.326740
00:00:00.453	1.314286	1.313553	1.313553
00:00:00.453	1.306227	1.312821	1.318681
00:00:00.453	1.314286	1.321612	1.325275
00:00:00.454	1.306227	1.315751	1.310623
00:00:00.454	1.312821	1.313553	1.313553
00:00:00.454	1.312088	1.320879	1.312088
00:00:00.455	1.326740	1.319414	1.315018
00:00:00.455	1.329670	1.320147	1.334066
00:00:00.455	1.312088	1.315751	1.322344
00:00:00.456	1.304029	1.315751	1.317949
00:00:00.456	1.300366	1.323810	1.309890
00:00:00.457	1.298901	1.323810	1.318681
00:00:00.457	1.309158	1.322344	1.320147
00:00:00.457	1.310623	1.312821	1.308425
00:00:00.458	1.333333	1.311355	1.323810
00:00:00.458	1.331868	1.315018	1.336264
00:00:00.458	1.332601	1.327473	1.338462
00:00:00.459	1.320879	1.314286	1.323810
00:00:00.459	1.309158	1.304029	1.312821
00:00:00.491	1.304029	1.314286	1.300366
00:00:00.492	1.280586	1.321612	1.300366
00:00:00.492	1.267399	1.326740	1.309158
00:00:00.492	1.267399	1.311355	1.292308
00:00:00.493	1.293040	1.314286	1.298168
00:00:00.493	1.318681	1.320879	1.287179
00:00:00.493	1.361172	1.307692	1.304029
00:00:00.494	1.364835	1.316484	1.353846
00:00:00.494	1.352381	1.310623	1.361905
00:00:00.494	1.281319	1.327473	1.329670
00:00:00.495	1.280586	1.328205	1.321612
00:00:00.495	1.333333	1.324542	1.321612
00:00:00.496	1.331868	1.327473	1.331868
00:00:00.496	1.298168	1.316484	1.290110
00:00:00.496	1.317949	1.318681	1.289377
00:00:00.497	1.326007	1.320879	1.293773
00:00:00.497	1.312088	1.320879	1.333333
00:00:00.497	1.336264	1.306227	1.343590
00:00:00.498	1.342857	1.315751	1.333333
00:00:00.498	1.344322	1.319414	1.323810
00:00:00.498	1.352381	1.324542	1.361905
00:00:00.499	1.315018	1.317949	1.375092
00:00:00.499	1.297436	1.326740	1.308425
00:00:00.499	1.277656	1.317949	1.290110
00:00:00.500	1.279853	1.309158	1.293040
00:00:00.500	1.306960	1.319414	1.298168
00:00:00.501	1.311355	1.324542	1.338462
00:00:00.501	1.306227	1.331136	1.405861
00:00:00.501	1.297436	1.315751	1.347253
00:00:00.502	1.306227	1.306960	1.285714
00:00:00.502	1.331868	1.331868	1.328938
00:00:00.502	1.296703	1.318681	1.322344
00:00:00.503	1.298168	1.323810	1.317216
00:00:00.504	1.296703	1.316484	1.317216
00:00:00.504	1.306960	1.314286	1.307692
00:00:00.504	1.345788	1.324542	1.312088
00:00:00.504	1.386813	1.312821	1.304029
00:00:00.504	1.306227	1.306227	1.298901
00:00:00.505	1.295238	1.319414	1.314286
00:00:00.505	1.341392	1.323077	1.323810
00:00:00.506	1.320147	1.315751	1.313553
00:00:00.506	1.301832	1.323077	1.304762
00:00:00.506	1.231502	1.315751	1.295238
00:00:00.508	1.219048	1.308425	1.301832
00:00:00.508	1.247619	1.318681	1.315751
00:00:00.508	1.308425	1.315751	1.317216
00:00:00.508	1.338462	1.321612	1.320147
00:00:00.508	1.329670	1.314286	1.336996
00:00:00.508	1.332601	1.318681	1.354579
00:00:00.512	1.320147	1.315018	1.332601
00:00:00.543	1.317949	1.318681	1.317216
00:00:00.543	1.323077	1.323810	1.317949
00:00:00.543	1.333333	1.323810	1.314286
00:00:00.543	1.335531	1.315751	1.306960
00:00:00.543	1.329670	1.317949	1.313553
00:00:00.543	1.328205	1.319414	1.320879
00:00:00.543	1.335531	1.320147	1.317949
00:00:00.543	1.317949	1.311355	1.309158
00:00:00.544	1.323810	1.328205	1.322344
00:00:00.544	1.305495	1.323810	1.320147
00:00:00.545	1.295238	1.315751	1.316484
00:00:00.545	1.308425	1.324542	1.321612
00:00:00.545	1.306227	1.316484	1.312821
00:00:00.546	1.317949	1.323077	1.323810
00:00:00.546	1.320879	1.323077	1.323077
00:00:00.546	1.309158	1.320147	1.311355
00:00:00.547	1.309890	1.317216	1.312088
