timestamp	ch1	ch2	ch3
00:00:00.000	1.300366	1.309890	1.313553
00:00:00.000	1.303297	1.318681	1.315018
00:00:00.000	1.281319	1.317949	1.320879
00:00:00.000	1.290110	1.317216	1.317216
00:00:00.001	1.301099	1.315751	1.306227
00:00:00.002	1.323810	1.317216	1.323810
00:00:00.002	1.347253	1.319414	1.320879
00:00:00.002	1.341392	1.316484	1.319414
00:00:00.002	1.317216	1.317216	1.318681
00:00:00.003	1.312088	1.317949	1.312821
00:00:00.003	1.306227	1.317949	1.309890
00:00:00.003	1.297436	1.321612	1.309158
00:00:00.003	1.298168	1.320879	1.304029
00:00:00.004	1.304029	1.320879	1.320147
00:00:00.005	1.316484	1.322344	1.328938
00:00:00.005	1.336264	1.323810	1.351648
00:00:00.005	1.332601	1.320147	1.347253
00:00:00.005	1.318681	1.312821	1.338462
00:00:00.006	1.306227	1.315018	1.309890
00:00:00.006	1.296703	1.328938	1.320147
00:00:00.007	1.290842	1.320879	1.311355
00:00:00.007	1.308425	1.319414	1.327473
00:00:00.007	1.310623	1.314286	1.318681
00:00:00.007	1.306227	1.321612	1.298168
00:00:00.008	1.299634	1.328205	1.290842
00:00:00.008	1.300366	1.322344	1.289377
00:00:00.008	1.314286	1.308425	1.300366
00:00:00.009	1.324542	1.313553	1.323810
00:00:00.009	1.356044	1.322344	1.372894
00:00:00.009	1.402198	1.313553	1.331136
00:00:00.010	1.380952	1.313553	1.312821
00:00:00.010	1.216850	1.326740	1.314286
00:00:00.011	1.222711	1.323810	1.303297
00:00:00.011	1.301832	1.320147	1.298901
00:00:00.011	1.360440	1.312088	1.308425
00:00:00.012	1.349451	1.317949	1.306960
00:00:00.012	1.337729	1.328938	1.356044
00:00:00.012	1.342857	1.319414	1.330403
00:00:00.013	1.329670	1.323077	1.323077
00:00:00.013	1.350183	1.329670	1.342857
00:00:00.013	1.301099	1.313553	1.317949
00:00:00.014	1.321612	1.304762	1.332601
00:00:00.014	1.326007	1.326740	1.323810
00:00:00.014	1.262271	1.322344	1.305495
00:00:00.015	1.257875	1.314286	1.323810
00:00:00.016	1.290110	1.312088	1.312088
00:00:00.016	1.273260	1.320879	1.336264
00:00:00.016	1.295971	1.320147	1.323810
00:00:00.016	1.323810	1.318681	1.309890
00:00:00.048	1.333333	1.323810	1.314286
00:00:00.048	1.326007	1.328205	1.305495
00:00:00.051	1.312821	1.323077	1.299634
00:00:00.051	1.302564	1.317216	1.298901
00:00:00.051	1.312088	1.325275	1.328938
00:00:00.051	1.312088	1.319414	1.320147
00:00:00.051	1.328938	1.309158	1.321612
00:00:00.052	1.331136	1.314286	1.347253
00:00:00.052	1.314286	1.320879	1.358242
00:00:00.052	1.318681	1.326007	1.329670
00:00:00.052	1.313553	1.318681	1.309890
00:00:00.052	1.309890	1.310623	1.308425
00:00:00.053	1.317216	1.319414	1.312821
00:00:00.054	1.303297	1.312088	1.306227
00:00:00.054	1.312088	1.319414	1.309158
00:00:00.054	1.293040	1.306960	1.302564
00:00:00.054	1.315751	1.328205	1.317949
00:00:00.055	1.318681	1.325275	1.323810
00:00:00.059	1.312088	1.316484	1.302564
00:00:00.059	1.308425	1.304762	1.311355
00:00:00.059	1.322344	1.323077	1.330403
00:00:00.059	1.301099	1.311355	1.320879
00:00:00.059	1.298901	1.309890	1.300366
00:00:00.059	1.320147	1.326740	1.312088
00:00:00.059	1.316484	1.323077	1.317216
00:00:00.059	1.309158	1.309890	1.314286
00:00:00.059	1.307692	1.314286	1.317949
00:00:00.059	1.301832	1.306960	1.326007
00:00:00.059	1.314286	1.312821	1.317949
00:00:00.059	1.317216	1.317216	1.316484
00:00:00.060	1.322344	1.326007	1.325275
00:00:00.060	1.309158	1.320147	1.326007
00:00:00.063	1.315018	1.327473	1.321612
00:00:00.063	1.316484	1.331136	1.322344
00:00:00.063	1.317949	1.328205	1.318681
00:00:00.063	1.313553	1.317949	1.308425
00:00:00.063	1.323077	1.328938	1.327473
00:00:00.063	1.318681	1.325275	1.330403
00:00:00.063	1.315018	1.320147	1.313553
00:00:00.063	1.305495	1.312088	1.311355
00:00:00.063	1.309158	1.318681	1.324542
00:00:00.063	1.310623	1.314286	1.312088
00:00:00.064	1.327473	1.317949	1.321612
00:00:00.065	1.296703	1.316484	1.313553
00:00:00.065	1.318681	1.328205	1.332601
00:00:00.065	1.316484	1.323077	1.329670
00:00:00.065	1.295238	1.313553	1.288645
00:00:00.066	1.287179	1.311355	1.292308
00:00:00.066	1.312088	1.320879	1.332601
00:00:00.066	1.325275	1.320147	1.350183
00:00:00.099	1.323810	1.324542	1.341392
00:00:00.099	1.311355	1.317216	1.312088
00:00:00.099	1.311355	1.321612	1.309158
00:00:00.099	1.329670	1.318681	1.323810
00:00:00.100	1.319414	1.320147	1.330403
00:00:00.101	1.322344	1.316484	1.312821
00:00:00.101	1.324542	1.309890	1.286447
00:00:00.101	1.332601	1.314286	1.304029
00:00:00.102	1.312821	1.315018	1.306960
00:00:00.102	1.292308	1.320879	1.312088
00:00:00.103	1.286447	1.318681	1.298901
00:00:00.103	1.293040	1.313553	1.274725
00:00:00.103	1.309158	1.333333	1.328205
00:00:00.103	1.268864	1.322344	1.326007
00:00:00.104	1.298901	1.317949	1.343590
00:00:00.104	1.329670	1.317216	1.361172
00:00:00.104	1.326740	1.326007	1.355311
00:00:00.105	1.356777	1.326740	1.334066
00:00:00.105	1.438828	1.322344	1.329670
00:00:00.106	1.380220	1.309890	1.329670
00:00:00.106	1.315018	1.321612	1.355311
00:00:00.106	1.268864	1.327473	1.326007
00:00:00.106	1.254945	1.322344	1.280586
00:00:00.107	1.279853	1.312088	1.276923
00:00:00.107	1.293773	1.315751	1.286447
00:00:00.108	1.315751	1.322344	1.293773
00:00:00.108	1.306227	1.315018	1.294505
00:00:00.108	1.328938	1.325275	1.341392
00:00:00.109	1.345788	1.323077	1.347253
00:00:00.109	1.312088	1.313553	1.344322
00:00:00.109	1.344322	1.326740	1.365568
00:00:00.110	1.334066	1.314286	1.322344
00:00:00.110	1.317949	1.309890	1.308425
00:00:00.110	1.299634	1.321612	1.316484
00:00:00.111	1.290110	1.326007	1.317216
00:00:00.111	1.281319	1.318681	1.314286
00:00:00.111	1.292308	1.322344	1.319414
00:00:00.112	1.310623	1.323810	1.320879
00:00:00.112	1.305495	1.320147	1.306960
00:00:00.113	1.307692	1.315751	1.313553
00:00:00.113	1.376557	1.323810	1.327473
00:00:00.113	1.378022	1.317949	1.322344
00:00:00.114	1.249817	1.311355	1.312088
00:00:00.114	1.171429	1.307692	1.294505
00:00:00.115	1.246886	1.323077	1.306960
00:00:00.115	1.299634	1.325275	1.317216
00:00:00.115	1.301099	1.315018	1.305495
00:00:00.115	1.309890	1.314286	1.315018
00:00:00.116	1.330403	1.325275	1.302564
00:00:00.116	1.337729	1.325275	1.312088
00:00:00.148	1.331136	1.313553	1.332601
00:00:00.148	1.358974	1.326740	1.356044
00:00:00.149	1.353114	1.321612	1.336264
00:00:00.150	1.331136	1.311355	1.345788
00:00:00.150	1.314286	1.315018	1.334066
00:00:00.150	1.315018	1.322344	1.323810
00:00:00.150	1.307692	1.316484	1.314286
00:00:00.151	1.314286	1.315751	1.312821
00:00:00.154	1.305495	1.307692	1.304762
00:00:00.154	1.292308	1.310623	1.300366
00:00:00.154	1.303297	1.328205	1.306227
00:00:00.154	1.301832	1.324542	1.304762
00:00:00.154	1.290110	1.315018	1.284249
00:00:00.154	1.297436	1.312821	1.287912
00:00:00.154	1.320879	1.323810	1.338462
00:00:00.154	1.336264	1.324542	1.339194
00:00:00.155	1.342125	1.320879	1.350916
00:00:00.155	1.339927	1.313553	1.355311
00:00:00.155	1.332601	1.320879	1.337729
00:00:00.155	1.319414	1.318681	1.316484
00:00:00.155	1.312088	1.314286	1.320147
00:00:00.159	1.307692	1.316484	1.316484
00:00:00.159	1.273260	1.310623	1.306227
00:00:00.159	1.288645	1.326740	1.307692
00:00:00.159	1.298901	1.323810	1.314286
00:00:00.159	1.313553	1.310623	1.313553
00:00:00.159	1.320879	1.319414	1.334799
00:00:00.159	1.317216	1.326007	1.328205
00:00:00.159	1.325275	1.321612	1.309158
00:00:00.159	1.338462	1.323810	1.315751
00:00:00.159	1.320147	1.324542	1.328938
00:00:00.160	1.302564	1.309890	1.326007
00:00:00.160	1.304029	1.324542	1.320879
00:00:00.160	1.320147	1.323077	1.313553
00:00:00.161	1.342857	1.323077	1.327473
00:00:00.161	1.309158	1.315751	1.305495
00:00:00.162	1.293773	1.313553	1.309890
00:00:00.162	1.309158	1.320147	1.297436
00:00:00.162	1.312821	1.322344	1.289377
00:00:00.163	1.323810	1.312821	1.321612
00:00:00.163	1.306960	1.309890	1.326740
00:00:00.163	1.329670	1.320879	1.331136
00:00:00.164	1.331136	1.327473	1.328938
00:00:00.164	1.316484	1.317949	1.310623
00:00:00.164	1.297436	1.312088	1.311355
00:00:00.164	1.273260	1.318681	1.320147
00:00:00.164	1.283516	1.323810	1.313553
00:00:00.165	1.308425	1.328938	1.318681
00:00:00.165	1.316484	1.315751	1.319414
00:00:00.166	1.317216	1.309158	1.320147
00:00:00.198	1.297436	1.316484	1.323810
00:00:00.199	1.297436	1.326007	1.323810
00:00:00.199	1.286447	1.310623	1.319414
00:00:00.199	1.306227	1.315018	1.312088
00:00:00.200	1.319414	1.321612	1.315751
00:00:00.200	1.337729	1.315751	1.308425
00:00:00.200	1.349451	1.321612	1.334799
00:00:00.200	1.294505	1.317949	1.331868
00:00:00.201	1.298168	1.328205	1.314286
00:00:00.201	1.313553	1.319414	1.300366
00:00:00.201	1.332601	1.320147	1.330403
00:00:00.202	1.323077	1.315018	1.304762
00:00:00.203	1.367033	1.314286	1.313553
00:00:00.203	1.354579	1.318681	1.341392
00:00:00.203	1.303297	1.314286	1.328205
00:00:00.203	1.287179	1.318681	1.307692
00:00:00.204	1.281319	1.322344	1.300366
00:00:00.204	1.293773	1.317216	1.308425
00:00:00.204	1.309890	1.315751	1.346520
00:00:00.205	1.345055	1.328938	1.381685
00:00:00.205	1.341392	1.320147	1.350916
00:00:00.205	1.326740	1.314286	1.316484
00:00:00.206	1.307692	1.313553	1.306227
00:00:00.206	1.313553	1.318681	1.315751
00:00:00.207	1.323077	1.326007	1.317949
00:00:00.207	1.301832	1.320879	1.303297
00:00:00.207	1.291575	1.318681	1.304762
00:00:00.207	1.294505	1.316484	1.305495
00:00:00.208	1.305495	1.322344	1.304762
00:00:00.209	1.308425	1.323077	1.320147
00:00:00.209	1.295238	1.311355	1.314286
00:00:00.209	1.301832	1.321612	1.322344
00:00:00.209	1.323810	1.316484	1.312821
00:00:00.210	1.323077	1.312821	1.304029
00:00:00.210	1.312088	1.320147	1.318681
00:00:00.210	1.298901	1.326740	1.321612
00:00:00.211	1.283516	1.309890	1.310623
00:00:00.211	1.293040	1.314286	1.313553
00:00:00.211	1.312821	1.315751	1.314286
00:00:00.212	1.307692	1.323810	1.315018
00:00:00.212	1.293040	1.326740	1.309158
00:00:00.212	1.268864	1.317949	1.304762
00:00:00.213	1.312088	1.328938	1.326007
00:00:00.213	1.315751	1.323077	1.342125
00:00:00.214	1.345055	1.318681	1.325275
00:00:00.214	1.318681	1.308425	1.315751
00:00:00.215	1.312088	1.321612	1.338462
00:00:00.215	1.348718	1.326740	1.342125
00:00:00.216	1.361905	1.316484	1.349451
00:00:00.216	1.356044	1.312821	1.323810
00:00:00.248	1.360440	1.323077	1.318681
00:00:00.250	1.232234	1.321612	1.312821
00:00:00.250	1.243956	1.323810	1.306960
00:00:00.250	1.315018	1.317216	1.323810
00:00:00.250	1.326740	1.326007	1.340659
00:00:00.250	1.324542	1.326007	1.334799
00:00:00.250	1.325275	1.323077	1.320147
00:00:00.251	1.321612	1.323077	1.313553
00:00:00.251	1.293040	1.317949	1.295971
00:00:00.251	1.301832	1.323810	1.307692
00:00:00.251	1.303297	1.319414	1.308425
00:00:00.252	1.291575	1.305495	1.300366
00:00:00.252	1.303297	1.309890	1.293773
00:00:00.255	1.309158	1.315751	1.298168
00:00:00.255	1.325275	1.324542	1.339927
00:00:00.255	1.325275	1.320147	1.347253
00:00:00.255	1.317216	1.323810	1.338462
00:00:00.255	1.295971	1.315751	1.330403
00:00:00.255	1.318681	1.315018	1.349451
00:00:00.255	1.331868	1.326007	1.326007
00:00:00.255	1.321612	1.319414	1.299634
00:00:00.255	1.302564	1.306960	1.293773
00:00:00.255	1.317216	1.324542	1.309158
00:00:00.256	1.321612	1.323077	1.334799
00:00:00.257	1.323077	1.315018	1.339927
00:00:00.257	1.318681	1.323077	1.339194
00:00:00.257	1.293773	1.309158	1.304762
00:00:00.257	1.317949	1.312088	1.315751
00:00:00.258	1.323810	1.326007	1.318681
00:00:00.258	1.310623	1.315751	1.306227
00:00:00.259	1.300366	1.313553	1.298168
00:00:00.260	1.304762	1.324542	1.331136
00:00:00.260	1.305495	1.327473	1.319414
00:00:00.260	1.306227	1.325275	1.300366
00:00:00.260	1.299634	1.307692	1.290842
00:00:00.261	1.309158	1.312821	1.317216
00:00:00.261	1.320879	1.323077	1.330403
00:00:00.261	1.315018	1.310623	1.312821
00:00:00.261	1.316484	1.321612	1.328938
00:00:00.262	1.304029	1.312821	1.323810
00:00:00.262	1.306960	1.315751	1.316484
00:00:00.262	1.325275	1.327473	1.342125
00:00:00.263	1.327473	1.324542	1.331868
00:00:00.263	1.299634	1.321612	1.318681
00:00:00.263	1.282784	1.314286	1.304029
00:00:00.264	1.272527	1.314286	1.317216
00:00:00.264	1.268864	1.326007	1.319414
00:00:00.264	1.285714	1.317216	1.300366
00:00:00.265	1.284249	1.311355	1.295971
00:00:00.266	1.310623	1.311355	1.292308
00:00:00.298	1.373626	1.323810	1.328205
00:00:00.298	1.351648	1.321612	1.318681
00:00:00.298	1.341392	1.323810	1.320147
00:00:00.298	1.329670	1.315018	1.352381
00:00:00.299	1.351648	1.314286	1.368498
00:00:00.300	1.364103	1.304762	1.347253
00:00:00.300	1.344322	1.314286	1.306227
00:00:00.300	1.345055	1.315018	1.282051
00:00:00.300	1.354579	1.323077	1.296703
00:00:00.301	1.287912	1.317216	1.293773
00:00:00.302	1.266667	1.323810	1.314286
00:00:00.302	1.293040	1.331868	1.312088
00:00:00.302	1.303297	1.324542	1.342125
00:00:00.303	1.313553	1.326007	1.345055
00:00:00.303	1.294505	1.313553	1.308425
00:00:00.303	1.284982	1.319414	1.315018
00:00:00.303	1.293040	1.306227	1.306960
00:00:00.303	1.291575	1.312088	1.332601
00:00:00.304	1.300366	1.317949	1.317216
00:00:00.304	1.272527	1.323077	1.320879
00:00:00.304	1.263736	1.323810	1.333333
00:00:00.305	1.271795	1.314286	1.300366
00:00:00.305	1.292308	1.319414	1.296703
00:00:00.306	1.313553	1.326740	1.302564
00:00:00.307	1.342125	1.320879	1.304762
00:00:00.307	1.363370	1.309890	1.309158
00:00:00.307	1.375824	1.323077	1.299634
00:00:00.308	1.341392	1.310623	1.299634
00:00:00.308	1.335531	1.323077	1.357509
00:00:00.308	1.315751	1.315018	1.368498
00:00:00.308	1.301832	1.317216	1.338462
00:00:00.308	1.304762	1.321612	1.330403
00:00:00.309	1.332601	1.320879	1.347253
00:00:00.310	1.335531	1.310623	1.320147
00:00:00.310	1.301099	1.315018	1.307692
00:00:00.310	1.296703	1.327473	1.318681
00:00:00.312	1.309158	1.320879	1.317949
00:00:00.312	1.325275	1.320147	1.300366
00:00:00.312	1.353114	1.320147	1.306960
00:00:00.312	1.378022	1.323810	1.320147
00:00:00.312	1.266667	1.325275	1.309158
00:00:00.314	1.241026	1.315018	1.316484
00:00:00.314	1.232967	1.327473	1.333333
00:00:00.314	1.212454	1.309890	1.291575
00:00:00.314	1.301832	1.320147	1.323810
00:00:00.314	1.342857	1.320147	1.335531
00:00:00.314	1.354579	1.305495	1.301832
00:00:00.316	1.322344	1.327473	1.302564
00:00:00.316	1.287912	1.327473	1.296703
00:00:00.316	1.306227	1.322344	1.320147
00:00:00.347	1.325275	1.320879	1.336264
00:00:00.347	1.336264	1.320147	1.373626
00:00:00.348	1.320147	1.326740	1.342125
00:00:00.351	1.323077	1.315018	1.332601
00:00:00.351	1.344322	1.307692	1.313553
00:00:00.351	1.319414	1.320879	1.290842
00:00:00.351	1.317216	1.321612	1.294505
00:00:00.351	1.345788	1.320147	1.291575
00:00:00.351	1.314286	1.314286	1.289377
00:00:00.351	1.307692	1.324542	1.340659
00:00:00.351	1.326007	1.326740	1.370696
00:00:00.352	1.309890	1.328938	1.363370
00:00:00.352	1.301832	1.323077	1.328205
00:00:00.352	1.292308	1.314286	1.316484
00:00:00.353	1.297436	1.320879	1.310623
00:00:00.353	1.298901	1.322344	1.304762
00:00:00.353	1.309890	1.323810	1.306960
00:00:00.353	1.306227	1.312821	1.312821
00:00:00.354	1.292308	1.308425	1.301832
00:00:00.354	1.325275	1.322344	1.333333
00:00:00.355	1.331136	1.323077	1.332601
00:00:00.355	1.312088	1.315018	1.336996
00:00:00.355	1.321612	1.312821	1.336264
00:00:00.355	1.310623	1.322344	1.321612
00:00:00.356	1.311355	1.320147	1.320147
00:00:00.356	1.315018	1.314286	1.313553
00:00:00.356	1.312088	1.318681	1.321612
00:00:00.357	1.303297	1.312821	1.309890
00:00:00.357	1.303297	1.318681	1.320879
00:00:00.357	1.303297	1.321612	1.317216
00:00:00.358	1.307692	1.323810	1.310623
00:00:00.359	1.306960	1.318681	1.298168
00:00:00.359	1.307692	1.322344	1.323810
00:00:00.359	1.317949	1.323077	1.320147
00:00:00.359	1.331868	1.318681	1.306960
00:00:00.360	1.312821	1.310623	1.308425
00:00:00.360	1.320147	1.326007	1.322344
00:00:00.360	1.329670	1.320879	1.323077
00:00:00.361	1.325275	1.320147	1.317216
00:00:00.362	1.317216	1.309890	1.328205
00:00:00.362	1.306227	1.315751	1.342857
00:00:00.362	1.287912	1.326007	1.323810
00:00:00.362	1.286447	1.326007	1.313553
00:00:00.363	1.287912	1.309158	1.300366
00:00:00.363	1.319414	1.317949	1.314286
00:00:00.364	1.336996	1.325275	1.320147
00:00:00.364	1.367033	1.318681	1.312088
00:00:00.364	1.350183	1.317216	1.306960
00:00:00.364	1.338462	1.313553	1.339194
00:00:00.365	1.321612	1.323810	1.345055
00:00:00.397	1.298168	1.323810	1.311355
00:00:00.397	1.261538	1.313553	1.309158
00:00:00.398	1.276923	1.315018	1.309158
00:00:00.399	1.303297	1.319414	1.311355
00:00:00.399	1.287912	1.310623	1.295238
00:00:00.399	1.298168	1.320879	1.303297
00:00:00.399	1.321612	1.322344	1.318681
00:00:00.399	1.333333	1.319414	1.325275
00:00:00.400	1.327473	1.307692	1.341392
00:00:00.400	1.347253	1.327473	1.367033
00:00:00.400	1.339194	1.327473	1.354579
00:00:00.401	1.318681	1.322344	1.342125
00:00:00.401	1.308425	1.325275	1.323810
00:00:00.402	1.288645	1.317216	1.313553
00:00:00.402	1.306227	1.326740	1.308425
00:00:00.403	1.306960	1.321612	1.285714
00:00:00.403	1.310623	1.323810	1.306227
00:00:00.404	1.315751	1.317216	1.314286
00:00:00.404	1.317949	1.317216	1.309890
00:00:00.404	1.317216	1.317949	1.320147
00:00:00.404	1.298168	1.329670	1.320147
00:00:00.404	1.257875	1.328205	1.298901
00:00:00.405	1.263736	1.304029	1.286447
00:00:00.406	1.276923	1.326007	1.322344
00:00:00.406	1.282784	1.327473	1.317949
00:00:00.406	1.298901	1.318681	1.289377
00:00:00.406	1.343590	1.309890	1.323810
00:00:00.407	1.392674	1.322344	1.376557
00:00:00.409	1.394139	1.322344	1.364835
00:00:00.409	1.395604	1.309890	1.343590
00:00:00.409	1.394139	1.320879	1.303297
00:00:00.409	1.357509	1.336264	1.340659
00:00:00.409	1.290842	1.320879	1.323810
00:00:00.409	1.278388	1.309158	1.300366
00:00:00.410	1.308425	1.323810	1.317216
00:00:00.410	1.322344	1.316484	1.337729
00:00:00.410	1.312088	1.310623	1.333333
00:00:00.411	1.293040	1.315751	1.329670
00:00:00.411	1.257143	1.320147	1.312088
00:00:00.411	1.293773	1.323077	1.307692
00:00:00.411	1.335531	1.321612	1.308425
00:00:00.412	1.342857	1.318681	1.308425
00:00:00.415	1.320147	1.320879	1.310623
00:00:00.415	1.328938	1.323810	1.321612
00:00:00.415	1.298901	1.317949	1.317216
00:00:00.415	1.158974	1.323810	1.321612
00:00:00.415	1.177289	1.311355	1.291575
00:00:00.415	1.300366	1.315751	1.320147
00:00:00.415	1.386813	1.323810	1.328938
00:00:00.415	1.379487	1.319414	1.328205
00:00:00.447	1.358974	1.317216	1.323810
00:00:00.448	1.358974	1.325275	1.325275
00:00:00.448	1.300366	1.320147	1.306227
00:00:00.448	1.302564	1.326740	1.312821
00:00:00.449	1.317216	1.323810	1.312088
00:00:00.449	1.332601	1.324542	1.320879
00:00:00.449	1.294505	1.326740	1.323810
00:00:00.449	1.284982	1.321612	1.328205
00:00:00.449	1.305495	1.317216	1.323077
00:00:00.450	1.299634	1.312088	1.328938
00:00:00.450	1.352381	1.317949	1.323810
00:00:00.451	1.347253	1.313553	1.311355
00:00:00.452	1.370696	1.323077	1.317216
00:00:00.452	1.352381	1.312821	1.308425
00:00:00.452	1.328205	1.326007	1.323077
00:00:00.453	1.302564	1.320147	1.312088
00:00:00.453	1.296703	1.321612	1.318681
00:00:00.453	1.298168	1.315018	1.309890
00:00:00.453	1.295238	1.318681	1.317949
00:00:00.453	1.298901	1.326740	1.323810
00:00:00.454	1.311355	1.326007	1.321612
00:00:00.455	1.306227	1.323077	1.328205
00:00:00.455	1.316484	1.322344	1.322344
00:00:00.455	1.300366	1.308425	1.314286
00:00:00.455	1.286447	1.311355	1.315018
00:00:00.456	1.304762	1.323810	1.323077
00:00:00.456	1.311355	1.315018	1.314286
00:00:00.456	1.300366	1.312088	1.302564
00:00:00.457	1.325275	1.322344	1.304762
00:00:00.457	1.299634	1.315751	1.293040
00:00:00.457	1.292308	1.319414	1.289377
00:00:00.458	1.291575	1.314286	1.290110
00:00:00.458	1.320879	1.317216	1.351648
00:00:00.459	1.328938	1.321612	1.366300
00:00:00.459	1.340659	1.323810	1.345788
00:00:00.460	1.336264	1.317216	1.342125
00:00:00.460	1.339927	1.327473	1.326740
00:00:00.461	1.334799	1.325275	1.330403
00:00:00.461	1.326007	1.326007	1.323810
00:00:00.461	1.309890	1.322344	1.304029
00:00:00.461	1.294505	1.311355	1.297436
00:00:00.461	1.296703	1.320147	1.319414
00:00:00.462	1.296703	1.323810	1.320879
00:00:00.462	1.283516	1.314286	1.312821
00:00:00.462	1.268132	1.310623	1.314286
00:00:00.463	1.285714	1.321612	1.308425
00:00:00.463	1.293040	1.318681	1.300366
00:00:00.463	1.312821	1.310623	1.293773
00:00:00.464	1.333333	1.318681	1.309890
00:00:00.465	1.348718	1.311355	1.323810
00:00:00.497	1.372161	1.331868	1.362637
00:00:00.497	1.361905	1.326740	1.330403
00:00:00.498	1.336264	1.320879	1.351648
00:00:00.498	1.303297	1.315751	1.328205
00:00:00.498	1.273260	1.300366	1.295238
00:00:00.498	1.273260	1.315018	1.293040
00:00:00.499	1.285714	1.323810	1.308425
00:00:00.500	1.276923	1.327473	1.276923
00:00:00.500	1.307692	1.323077	1.307692
00:00:00.500	1.312821	1.310623	1.315018
00:00:00.500	1.344322	1.323810	1.315751
00:00:00.501	1.380220	1.312821	1.326740
00:00:00.501	1.372894	1.322344	1.366300
00:00:00.501	1.358974	1.318681	1.380220
00:00:00.502	1.336264	1.326740	1.336264
00:00:00.502	1.330403	1.324542	1.318681
00:00:00.502	1.259341	1.306960	1.311355
00:00:00.502	1.232967	1.309158	1.306227
00:00:00.503	1.272527	1.320147	1.329670
00:00:00.506	1.301832	1.314286	1.304762
00:00:00.506	1.308425	1.312821	1.292308
00:00:00.506	1.345055	1.323810	1.320147
00:00:00.506	1.333333	1.318681	1.304029
00:00:00.506	1.311355	1.322344	1.312088
00:00:00.506	1.297436	1.315751	1.303297
00:00:00.506	1.300366	1.323077	1.320147
00:00:00.506	1.314286	1.324542	1.322344
00:00:00.507	1.322344	1.323810	1.326007
00:00:00.507	1.331136	1.322344	1.328938
00:00:00.507	1.339927	1.313553	1.308425
00:00:00.507	1.341392	1.320879	1.317949
00:00:00.508	1.293773	1.310623	1.313553
00:00:00.508	1.262271	1.309890	1.314286
00:00:00.512	1.252015	1.326007	1.322344
00:00:00.512	1.290842	1.323810	1.323077
00:00:00.512	1.295971	1.311355	1.310623
00:00:00.512	1.323810	1.325275	1.323810
00:00:00.512	1.313553	1.315751	1.316484
00:00:00.512	1.313553	1.311355	1.313553
00:00:00.512	1.309158	1.315751	1.317949
00:00:00.512	1.328938	1.327473	1.336264
00:00:00.512	1.317949	1.317949	1.342857
00:00:00.512	1.308425	1.315751	1.326740
00:00:00.512	1.312088	1.315751	1.320147
00:00:00.512	1.323810	1.327473	1.320879
00:00:00.513	1.312088	1.313553	1.316484
00:00:00.514	1.306960	1.318681	1.322344
00:00:00.514	1.301099	1.312821	1.309158
00:00:00.514	1.271062	1.317949	1.320147
00:00:00.514	1.287179	1.320879	1.316484
00:00:00.547	1.293040	1.309890	1.307692
