timestamp	ch1	ch2	ch3
00:00:00.000	1.293773	1.320147	1.317949
00:00:00.000	1.307692	1.323810	1.323810
00:00:00.000	1.309890	1.325275	1.313553
00:00:00.000	1.318681	1.325275	1.295971
00:00:00.003	1.334799	1.323810	1.315751
00:00:00.003	1.324542	1.311355	1.313553
00:00:00.003	1.317216	1.320879	1.320147
00:00:00.003	1.314286	1.317216	1.317949
00:00:00.003	1.307692	1.313553	1.313553
00:00:00.003	1.312088	1.314286	1.319414
00:00:00.003	1.312088	1.324542	1.330403
00:00:00.003	1.317949	1.323810	1.326740
00:00:00.003	1.315751	1.318681	1.319414
00:00:00.004	1.302564	1.312821	1.317949
00:00:00.005	1.320879	1.327473	1.329670
00:00:00.005	1.306227	1.313553	1.313553
00:00:00.006	1.312821	1.317949	1.320879
00:00:00.006	1.291575	1.304762	1.306960
00:00:00.006	1.312088	1.328938	1.332601
00:00:00.006	1.312821	1.321612	1.315751
00:00:00.006	1.315018	1.316484	1.310623
00:00:00.007	1.317949	1.318681	1.318681
00:00:00.007	1.312821	1.309890	1.312821
00:00:00.007	1.315018	1.312821	1.315751
00:00:00.008	1.309158	1.326007	1.331136
00:00:00.008	1.269597	1.307692	1.297436
00:00:00.009	1.275458	1.309890	1.293773
00:00:00.009	1.319414	1.328205	1.341392
00:00:00.009	1.338462	1.327473	1.353846
00:00:00.010	1.309158	1.320879	1.306960
00:00:00.010	1.298901	1.317949	1.294505
00:00:00.010	1.323077	1.322344	1.293040
00:00:00.011	1.341392	1.319414	1.325275
00:00:00.043	1.340659	1.324542	1.337729
00:00:00.043	1.329670	1.317216	1.334799
00:00:00.044	1.309158	1.316484	1.350183
00:00:00.044	1.312088	1.323077	1.336996
00:00:00.044	1.310623	1.328205	1.308425
00:00:00.045	1.297436	1.318681	1.281319
00:00:00.045	1.266667	1.307692	1.261538
00:00:00.045	1.295238	1.320879	1.293773
00:00:00.046	1.330403	1.318681	1.319414
00:00:00.046	1.323810	1.325275	1.336996
00:00:00.046	1.334066	1.311355	1.358242
00:00:00.047	1.307692	1.317216	1.345788
00:00:00.047	1.298168	1.306960	1.349451
00:00:00.048	1.350183	1.323077	1.372894
00:00:00.048	1.354579	1.328205	1.336996
00:00:00.048	1.317216	1.323810	1.282784
00:00:00.049	1.318681	1.331136	1.312088
00:00:00.049	1.330403	1.323077	1.320147
00:00:00.049	1.330403	1.318681	1.336996
00:00:00.050	1.297436	1.317216	1.333333
00:00:00.050	1.301099	1.319414	1.289377
00:00:00.050	1.299634	1.315751	1.297436
00:00:00.051	1.296703	1.320147	1.315018
00:00:00.051	1.306960	1.320147	1.304762
00:00:00.051	1.326007	1.323077	1.306227
00:00:00.052	1.312821	1.312088	1.302564
00:00:00.052	1.306960	1.319414	1.318681
00:00:00.053	1.304029	1.315018	1.331136
00:00:00.053	1.287179	1.315018	1.300366
00:00:00.053	1.321612	1.321612	1.300366
00:00:00.054	1.320879	1.310623	1.285714
00:00:00.054	1.321612	1.315751	1.299634
00:00:00.054	1.306227	1.317216	1.312821
00:00:00.055	1.308425	1.312821	1.362637
00:00:00.055	1.332601	1.322344	1.425641
00:00:00.055	1.320147	1.327473	1.364103
00:00:00.056	1.308425	1.326740	1.323077
00:00:00.056	1.306960	1.316484	1.311355
00:00:00.056	1.320879	1.323077	1.315018
00:00:00.058	1.332601	1.329670	1.317216
00:00:00.058	1.321612	1.315018	1.300366
00:00:00.058	1.306227	1.320147	1.304762
00:00:00.058	1.282051	1.311355	1.303297
00:00:00.058	1.305495	1.315751	1.304762
00:00:00.059	1.308425	1.323077	1.309890
00:00:00.059	1.290110	1.312821	1.306227
00:00:00.059	1.301099	1.324542	1.318681
00:00:00.060	1.310623	1.308425	1.311355
00:00:00.060	1.326740	1.318681	1.313553
00:00:00.060	1.302564	1.313553	1.321612
00:00:00.094	1.315751	1.321612	1.318681
00:00:00.094	1.317216	1.323077	1.318681
00:00:00.094	1.310623	1.314286	1.312821
00:00:00.094	1.320879	1.323810	1.323077
00:00:00.094	1.315751	1.325275	1.321612
00:00:00.094	1.299634	1.312088	1.312088
00:00:00.098	1.306960	1.314286	1.315751
00:00:00.098	1.325275	1.324542	1.326007
00:00:00.098	1.330403	1.319414	1.325275
00:00:00.098	1.323810	1.320879	1.323077
00:00:00.098	1.306960	1.317949	1.309890
00:00:00.098	1.299634	1.312821	1.311355
00:00:00.098	1.301832	1.319414	1.312088
00:00:00.098	1.336264	1.336996	1.342857
00:00:00.099	1.325275	1.327473	1.328938
00:00:00.099	1.301832	1.312088	1.306960
00:00:00.099	1.301832	1.315018	1.318681
00:00:00.099	1.318681	1.326740	1.331136
00:00:00.099	1.321612	1.325275	1.327473
00:00:00.099	1.312088	1.319414	1.315751
00:00:00.100	1.307692	1.307692	1.309890
00:00:00.100	1.315751	1.289377	1.323810
00:00:00.101	1.307692	1.259341	1.319414
00:00:00.101	1.304029	1.273993	1.320879
00:00:00.101	1.309890	1.298168	1.320879
00:00:00.102	1.306227	1.310623	1.315751
00:00:00.102	1.310623	1.329670	1.317949
00:00:00.102	1.299634	1.357509	1.318681
00:00:00.103	1.314286	1.408059	1.323810
00:00:00.103	1.310623	1.413187	1.323810
00:00:00.103	1.320879	1.380952	1.320147
00:00:00.104	1.312821	1.314286	1.314286
00:00:00.104	1.306960	1.295238	1.320879
00:00:00.104	1.316484	1.304029	1.323810
00:00:00.105	1.315751	1.307692	1.312088
00:00:00.105	1.307692	1.295971	1.300366
00:00:00.106	1.309158	1.307692	1.316484
00:00:00.106	1.323810	1.318681	1.326007
00:00:00.106	1.298168	1.312088	1.313553
00:00:00.107	1.302564	1.307692	1.323810
00:00:00.107	1.313553	1.308425	1.331868
00:00:00.107	1.329670	1.317216	1.320879
00:00:00.108	1.332601	1.305495	1.307692
00:00:00.108	1.336264	1.308425	1.328938
00:00:00.108	1.317216	1.320879	1.323810
00:00:00.109	1.315018	1.323810	1.349451
00:00:00.110	1.308425	1.323077	1.326007
00:00:00.110	1.282051	1.312088	1.283516
00:00:00.110	1.298168	1.315018	1.332601
00:00:00.110	1.334066	1.320879	1.317949
00:00:00.142	1.341392	1.326007	1.334066
00:00:00.143	1.327473	1.315018	1.312821
00:00:00.143	1.326007	1.318681	1.304029
00:00:00.143	1.358974	1.319414	1.336996
00:00:00.144	1.353846	1.315751	1.330403
00:00:00.144	1.309890	1.323810	1.319414
00:00:00.145	1.273260	1.322344	1.306960
00:00:00.145	1.267399	1.321612	1.305495
00:00:00.145	1.284249	1.313553	1.322344
00:00:00.146	1.309890	1.317216	1.310623
00:00:00.146	1.293773	1.321612	1.304029
00:00:00.146	1.293773	1.315751	1.302564
00:00:00.147	1.313553	1.326007	1.306227
00:00:00.147	1.317216	1.322344	1.372894
00:00:00.147	1.327473	1.322344	1.360440
00:00:00.148	1.313553	1.315751	1.328938
00:00:00.148	1.329670	1.323077	1.336264
00:00:00.149	1.351648	1.326007	1.345788
00:00:00.149	1.328205	1.317949	1.312088
00:00:00.149	1.303297	1.319414	1.293773
00:00:00.150	1.304762	1.319414	1.298901
00:00:00.150	1.317216	1.320147	1.317216
00:00:00.150	1.314286	1.320147	1.306227
00:00:00.151	1.310623	1.322344	1.311355
00:00:00.151	1.309158	1.323810	1.336264
00:00:00.151	1.286447	1.318681	1.333333
00:00:00.152	1.287179	1.322344	1.316484
00:00:00.152	1.313553	1.315751	1.309890
00:00:00.152	1.313553	1.309158	1.304029
00:00:00.153	1.326740	1.312821	1.303297
00:00:00.153	1.325275	1.318681	1.330403
00:00:00.154	1.326740	1.334066	1.330403
00:00:00.154	1.316484	1.320879	1.323077
00:00:00.154	1.321612	1.325275	1.321612
00:00:00.155	1.304762	1.320879	1.320879
00:00:00.155	1.306227	1.322344	1.322344
00:00:00.155	1.297436	1.317949	1.312821
00:00:00.156	1.312088	1.316484	1.312821
00:00:00.156	1.300366	1.302564	1.309158
00:00:00.156	1.293040	1.314286	1.309158
00:00:00.161	1.336264	1.317949	1.325275
00:00:00.161	1.320147	1.315751	1.319414
00:00:00.161	1.300366	1.322344	1.329670
00:00:00.161	1.296703	1.324542	1.334066
00:00:00.161	1.288645	1.311355	1.320147
00:00:00.161	1.291575	1.327473	1.326740
00:00:00.161	1.315751	1.317949	1.320147
00:00:00.161	1.394139	1.320879	1.317949
00:00:00.161	1.372161	1.321612	1.323077
00:00:00.161	1.175092	1.313553	1.295238
00:00:00.193	1.249084	1.326740	1.312088
00:00:00.193	1.306227	1.328205	1.312821
00:00:00.193	1.347253	1.319414	1.311355
00:00:00.197	1.370696	1.325275	1.323810
00:00:00.197	1.353846	1.322344	1.309158
00:00:00.197	1.340659	1.325275	1.304762
00:00:00.197	1.346520	1.322344	1.327473
00:00:00.197	1.323077	1.326007	1.357509
00:00:00.197	1.312821	1.323810	1.365568
00:00:00.197	1.325275	1.317949	1.348718
00:00:00.197	1.331136	1.317949	1.326007
00:00:00.197	1.319414	1.320879	1.320147
00:00:00.197	1.279853	1.315018	1.303297
00:00:00.197	1.262271	1.314286	1.310623
00:00:00.197	1.301832	1.318681	1.306227
00:00:00.198	1.301832	1.317949	1.315751
00:00:00.198	1.314286	1.323077	1.315751
00:00:00.198	1.304029	1.325275	1.317949
00:00:00.199	1.273260	1.315018	1.294505
00:00:00.199	1.290110	1.323077	1.288645
00:00:00.199	1.304029	1.323810	1.295238
00:00:00.200	1.310623	1.321612	1.316484
00:00:00.200	1.330403	1.320147	1.336996
00:00:00.200	1.323077	1.310623	1.323810
00:00:00.201	1.344322	1.320147	1.317216
00:00:00.201	1.385348	1.327473	1.342125
00:00:00.201	1.367766	1.331136	1.349451
00:00:00.202	1.328938	1.322344	1.348718
00:00:00.202	1.301099	1.314286	1.342125
00:00:00.203	1.320879	1.321612	1.326007
00:00:00.203	1.307692	1.319414	1.317949
00:00:00.203	1.314286	1.315018	1.341392
00:00:00.204	1.295238	1.312821	1.323810
00:00:00.204	1.304762	1.323077	1.322344
00:00:00.204	1.308425	1.324542	1.306960
00:00:00.205	1.285714	1.318681	1.281319
00:00:00.205	1.284249	1.310623	1.276923
00:00:00.205	1.285714	1.320879	1.298168
00:00:00.206	1.293040	1.326740	1.306960
00:00:00.206	1.312088	1.319414	1.308425
00:00:00.207	1.308425	1.303297	1.306960
00:00:00.207	1.327473	1.318681	1.337729
00:00:00.207	1.340659	1.314286	1.333333
00:00:00.208	1.338462	1.326740	1.354579
00:00:00.208	1.329670	1.323810	1.350183
00:00:00.208	1.315751	1.312821	1.331868
00:00:00.209	1.318681	1.320147	1.317949
00:00:00.209	1.330403	1.321612	1.334799
00:00:00.209	1.329670	1.326007	1.323810
00:00:00.210	1.303297	1.323810	1.307692
00:00:00.242	1.294505	1.306960	1.294505
00:00:00.242	1.298901	1.316484	1.299634
00:00:00.243	1.317949	1.320147	1.297436
00:00:00.243	1.310623	1.318681	1.296703
00:00:00.243	1.312088	1.320147	1.305495
00:00:00.244	1.298168	1.310623	1.303297
00:00:00.244	1.304762	1.318681	1.311355
00:00:00.244	1.298901	1.312088	1.300366
00:00:00.245	1.306227	1.321612	1.336264
00:00:00.245	1.300366	1.316484	1.341392
00:00:00.246	1.320147	1.327473	1.341392
00:00:00.246	1.310623	1.323810	1.335531
00:00:00.246	1.287912	1.321612	1.312821
00:00:00.247	1.288645	1.327473	1.314286
00:00:00.247	1.308425	1.329670	1.332601
00:00:00.247	1.322344	1.323077	1.334799
00:00:00.248	1.317216	1.315018	1.296703
00:00:00.248	1.350183	1.322344	1.295971
00:00:00.248	1.356777	1.316484	1.322344
00:00:00.249	1.381685	1.327473	1.388278
00:00:00.249	1.343590	1.320147	1.357509
00:00:00.249	1.309890	1.315751	1.318681
00:00:00.250	1.300366	1.321612	1.319414
00:00:00.250	1.313553	1.324542	1.306227
00:00:00.251	1.328205	1.317216	1.297436
00:00:00.251	1.317216	1.320879	1.311355
00:00:00.251	1.299634	1.315018	1.312088
00:00:00.254	1.290842	1.312821	1.303297
00:00:00.254	1.295238	1.319414	1.317949
00:00:00.254	1.301832	1.309890	1.307692
00:00:00.254	1.301832	1.313553	1.310623
00:00:00.254	1.290842	1.314286	1.320147
00:00:00.254	1.292308	1.326740	1.326007
00:00:00.257	1.288645	1.324542	1.319414
00:00:00.257	1.304762	1.328205	1.323077
00:00:00.257	1.328938	1.323810	1.323810
00:00:00.257	1.351648	1.320147	1.313553
00:00:00.257	1.342125	1.326007	1.323810
00:00:00.257	1.317949	1.318681	1.319414
00:00:00.257	1.319414	1.326007	1.323810
00:00:00.257	1.312088	1.323077	1.321612
00:00:00.257	1.300366	1.318681	1.317216
00:00:00.257	1.279853	1.309158	1.308425
00:00:00.257	1.290842	1.329670	1.327473
00:00:00.260	1.300366	1.320879	1.312821
00:00:00.260	1.317216	1.318681	1.316484
00:00:00.260	1.336264	1.324542	1.326007
00:00:00.260	1.359707	1.317949	1.323810
00:00:00.260	1.413919	1.320879	1.323810
00:00:00.260	1.410989	1.315751	1.315018
00:00:00.292	1.386081	1.310623	1.314286
00:00:00.292	1.340659	1.313553	1.311355
00:00:00.292	1.178755	1.322344	1.320147
00:00:00.294	1.169963	1.312821	1.318681
00:00:00.294	1.235165	1.316484	1.313553
00:00:00.294	1.242491	1.322344	1.332601
00:00:00.294	1.271062	1.313553	1.316484
00:00:00.294	1.326740	1.326740	1.321612
00:00:00.295	1.334799	1.320879	1.295971
00:00:00.295	1.347253	1.323810	1.297436
00:00:00.295	1.336264	1.318681	1.298901
00:00:00.296	1.315018	1.309890	1.275458
00:00:00.296	1.315018	1.321612	1.306960
00:00:00.296	1.325275	1.325275	1.372894
00:00:00.297	1.334799	1.321612	1.410256
00:00:00.297	1.344322	1.314286	1.394139
00:00:00.297	1.342857	1.318681	1.330403
00:00:00.299	1.359707	1.325275	1.308425
00:00:00.299	1.326740	1.321612	1.300366
00:00:00.299	1.289377	1.312821	1.279121
00:00:00.299	1.292308	1.320879	1.292308
00:00:00.299	1.289377	1.319414	1.293773
00:00:00.300	1.296703	1.318681	1.297436
00:00:00.300	1.285714	1.317949	1.309158
00:00:00.300	1.315018	1.323810	1.337729
00:00:00.301	1.328205	1.327473	1.358974
00:00:00.301	1.323810	1.326007	1.342857
00:00:00.301	1.320879	1.325275	1.335531
00:00:00.302	1.313553	1.314286	1.336264
00:00:00.302	1.319414	1.327473	1.312088
00:00:00.302	1.290110	1.320147	1.285714
00:00:00.303	1.282051	1.312088	1.290842
00:00:00.303	1.303297	1.326740	1.304762
00:00:00.304	1.307692	1.317949	1.302564
00:00:00.304	1.317949	1.317216	1.308425
00:00:00.304	1.320147	1.311355	1.334799
00:00:00.305	1.362637	1.325275	1.364835
00:00:00.305	1.354579	1.317949	1.380952
00:00:00.305	1.312088	1.313553	1.334066
00:00:00.306	1.297436	1.312821	1.300366
00:00:00.306	1.294505	1.321612	1.307692
00:00:00.306	1.296703	1.321612	1.293773
00:00:00.307	1.299634	1.315751	1.297436
00:00:00.307	1.295238	1.315018	1.317949
00:00:00.307	1.306227	1.316484	1.315018
00:00:00.308	1.328938	1.313553	1.320147
00:00:00.308	1.335531	1.318681	1.337729
00:00:00.309	1.317216	1.319414	1.331136
00:00:00.309	1.316484	1.323810	1.320879
00:00:00.309	1.312821	1.320147	1.299634
00:00:00.341	1.304762	1.312821	1.287179
00:00:00.342	1.315018	1.328938	1.312821
00:00:00.342	1.303297	1.319414	1.309890
00:00:00.343	1.314286	1.311355	1.312088
00:00:00.343	1.317216	1.317949	1.341392
00:00:00.343	1.304762	1.321612	1.353114
00:00:00.345	1.298901	1.320879	1.326007
00:00:00.345	1.303297	1.311355	1.314286
00:00:00.345	1.300366	1.321612	1.321612
00:00:00.345	1.304762	1.317949	1.317216
00:00:00.345	1.318681	1.323077	1.323810
00:00:00.345	1.319414	1.303297	1.307692
00:00:00.346	1.332601	1.320879	1.317216
00:00:00.346	1.314286	1.319414	1.313553
00:00:00.349	1.310623	1.331868	1.323810
00:00:00.349	1.301832	1.314286	1.306227
00:00:00.349	1.311355	1.320147	1.320879
