timestamp	ch1	ch2	ch3
00:00:00.000	1.288645	1.305495	1.344322
00:00:00.000	1.284982	1.305495	1.337729
00:00:00.001	1.352381	1.315751	1.336264
00:00:00.001	1.497436	1.318681	1.328938
00:00:00.001	1.417582	1.301832	1.312821
00:00:00.002	1.312088	1.309890	1.315751
00:00:00.002	1.284249	1.311355	1.312821
00:00:00.002	1.396337	1.317949	1.328205
00:00:00.003	1.429304	1.320147	1.350916
00:00:00.003	1.350183	1.318681	1.336996
00:00:00.004	1.353114	1.320879	1.318681
00:00:00.004	1.327473	1.314286	1.312821
00:00:00.004	1.270330	1.312821	1.308425
00:00:00.005	1.188278	1.309890	1.293773
00:00:00.005	1.247619	1.326007	1.315018
00:00:00.005	1.294505	1.335531	1.315018
00:00:00.007	1.273993	1.322344	1.312821
00:00:00.007	1.273993	1.332601	1.327473
00:00:00.007	1.259341	1.323810	1.301832
00:00:00.007	1.289377	1.323810	1.317949
00:00:00.007	1.312821	1.317949	1.330403
00:00:00.008	1.315018	1.320147	1.335531
00:00:00.008	1.326740	1.317216	1.318681
00:00:00.008	1.322344	1.316484	1.293040
00:00:00.009	1.332601	1.321612	1.332601
00:00:00.041	1.306227	1.317216	1.364103
00:00:00.041	1.306227	1.327473	1.344322
00:00:00.042	1.298168	1.321612	1.318681
00:00:00.042	1.273993	1.317949	1.312821
00:00:00.042	1.353846	1.330403	1.329670
00:00:00.043	1.334799	1.315018	1.327473
00:00:00.043	1.352381	1.303297	1.353114
00:00:00.043	1.305495	1.302564	1.344322
00:00:00.044	1.400000	1.304029	1.320879
00:00:00.044	1.600000	1.315018	1.289377
00:00:00.044	1.729670	1.340659	1.311355
00:00:00.046	1.442491	1.321612	1.295238
00:00:00.046	0.920879	1.304029	1.285714
00:00:00.046	0.930403	1.314286	1.295971
00:00:00.046	1.243223	1.342125	1.320147
00:00:00.046	1.372894	1.288645	1.336264
00:00:00.049	1.320879	1.279121	1.336996
00:00:00.049	1.325275	1.299634	1.327473
00:00:00.049	1.198535	1.314286	1.317949
00:00:00.050	1.131868	1.329670	1.304029
00:00:00.050	1.356777	1.372161	1.313553
00:00:00.050	1.373626	1.399267	1.315751
00:00:00.050	1.290842	1.408059	1.300366
00:00:00.050	1.298168	1.373626	1.317216
00:00:00.050	1.373626	1.309890	1.325275
00:00:00.050	1.341392	1.291575	1.304029
00:00:00.050	1.339194	1.293773	1.321612
00:00:00.050	1.305495	1.289377	1.323077
00:00:00.054	1.309890	1.300366	1.335531
00:00:00.054	1.322344	1.314286	1.331868
00:00:00.054	1.312821	1.320147	1.323077
00:00:00.054	1.306227	1.314286	1.327473
00:00:00.054	1.329670	1.309890	1.323810
00:00:00.054	1.351648	1.310623	1.315751
00:00:00.054	1.323077	1.314286	1.327473
00:00:00.054	1.257875	1.320147	1.339194
00:00:00.054	1.229304	1.312821	1.335531
00:00:00.054	1.321612	1.317949	1.328938
00:00:00.054	1.431502	1.311355	1.328938
00:00:00.055	1.465201	1.312821	1.312821
00:00:00.055	1.327473	1.315018	1.300366
00:00:00.055	1.271795	1.319414	1.304762
00:00:00.056	1.334066	1.323077	1.313553
00:00:00.056	1.323810	1.307692	1.312821
00:00:00.057	1.301099	1.319414	1.330403
00:00:00.057	1.292308	1.326740	1.331868
00:00:00.057	1.298168	1.318681	1.323077
00:00:00.058	1.285714	1.315751	1.308425
00:00:00.059	1.271062	1.312821	1.293773
00:00:00.059	1.273993	1.325275	1.300366
00:00:00.091	1.261538	1.312088	1.293773
00:00:00.091	1.285714	1.317949	1.304029
00:00:00.091	1.317216	1.320879	1.317949
00:00:00.092	1.345788	1.319414	1.330403
00:00:00.092	1.316484	1.315751	1.327473
00:00:00.092	1.323810	1.321612	1.330403
00:00:00.093	1.307692	1.329670	1.345788
00:00:00.093	1.301099	1.322344	1.345788
00:00:00.093	1.304762	1.312821	1.316484
00:00:00.094	1.337729	1.320879	1.344322
00:00:00.094	1.367033	1.325275	1.334066
00:00:00.094	1.375092	1.323810	1.320147
00:00:00.095	1.352381	1.311355	1.315751
00:00:00.095	1.271062	1.315018	1.336996
00:00:00.096	1.252015	1.321612	1.342125
00:00:00.096	1.275458	1.326740	1.326740
00:00:00.096	1.402930	1.320147	1.312088
00:00:00.097	1.334066	1.311355	1.306227
00:00:00.097	1.197802	1.326740	1.308425
00:00:00.097	1.273260	1.330403	1.320147
00:00:00.098	1.369963	1.325275	1.328938
00:00:00.098	1.467399	1.328938	1.339927
00:00:00.098	1.504762	1.326740	1.329670
00:00:00.099	1.596337	1.339927	1.331868
00:00:00.099	1.336996	1.323810	1.306960
00:00:00.100	1.065934	1.326740	1.301832
00:00:00.100	1.044689	1.315751	1.303297
00:00:00.100	1.270330	1.300366	1.306960
00:00:00.101	1.389011	1.317216	1.317949
00:00:00.101	1.242491	1.317949	1.300366
00:00:00.101	1.135531	1.323077	1.298168
00:00:00.102	1.165568	1.324542	1.316484
00:00:00.102	1.263736	1.314286	1.317216
00:00:00.102	1.352381	1.311355	1.312088
00:00:00.103	1.445421	1.317216	1.339194
00:00:00.103	1.452747	1.320879	1.333333
00:00:00.103	1.389744	1.315018	1.308425
00:00:00.104	1.340659	1.319414	1.299634
00:00:00.104	1.265201	1.315018	1.300366
00:00:00.105	1.265201	1.323810	1.315018
00:00:00.105	1.258608	1.329670	1.322344
00:00:00.105	1.271795	1.329670	1.333333
00:00:00.106	1.317216	1.325275	1.331136
00:00:00.106	1.320879	1.312088	1.309158
00:00:00.106	1.333333	1.317949	1.323810
00:00:00.107	1.345055	1.315018	1.320879
00:00:00.107	1.337729	1.320147	1.322344
00:00:00.107	1.311355	1.323810	1.339194
00:00:00.108	1.287912	1.302564	1.323077
00:00:00.108	1.414652	1.330403	1.364103
00:00:00.140	1.452747	1.324542	1.336264
00:00:00.142	1.291575	1.329670	1.331868
00:00:00.142	1.407326	1.324542	1.329670
00:00:00.142	1.420513	1.285714	1.334066
00:00:00.142	1.407326	1.241026	1.323810
00:00:00.143	1.657143	1.270330	1.309158
00:00:00.143	1.438095	1.304029	1.318681
00:00:00.143	1.019048	1.334066	1.306227
00:00:00.143	0.889377	1.347985	1.279853
00:00:00.144	1.008059	1.383150	1.260806
00:00:00.144	1.099634	1.378755	1.260806
00:00:00.144	1.285714	1.398535	1.317949
00:00:00.146	1.382418	1.331868	1.334799
00:00:00.146	1.397070	1.313553	1.336264
00:00:00.146	1.370696	1.309158	1.332601
00:00:00.146	1.351648	1.316484	1.339194
00:00:00.146	1.334066	1.314286	1.326740
00:00:00.146	1.317216	1.312088	1.315018
00:00:00.150	1.307692	1.313553	1.316484
00:00:00.150	1.326007	1.317949	1.328938
00:00:00.150	1.328205	1.289377	1.320147
00:00:00.150	1.335531	1.304762	1.320147
00:00:00.150	1.273993	1.304762	1.317216
00:00:00.150	1.267399	1.322344	1.329670
00:00:00.150	1.268864	1.320879	1.334799
00:00:00.150	1.300366	1.323077	1.336996
00:00:00.150	1.389011	1.316484	1.326007
00:00:00.150	1.404396	1.313553	1.323077
00:00:00.150	1.416850	1.311355	1.315018
00:00:00.151	1.350916	1.319414	1.317949
00:00:00.151	1.313553	1.323077	1.313553
00:00:00.151	1.375092	1.316484	1.323810
00:00:00.152	1.334066	1.312821	1.315018
00:00:00.152	1.307692	1.318681	1.312821
00:00:00.152	1.276923	1.317949	1.308425
00:00:00.153	1.296703	1.320879	1.318681
00:00:00.153	1.295238	1.322344	1.316484
00:00:00.154	1.295238	1.317216	1.316484
00:00:00.154	1.295238	1.309158	1.315751
00:00:00.154	1.304762	1.315751	1.320879
00:00:00.155	1.305495	1.323077	1.320147
00:00:00.155	1.285714	1.320147	1.322344
00:00:00.155	1.313553	1.320879	1.323810
00:00:00.156	1.315751	1.320879	1.326007
00:00:00.156	1.317949	1.322344	1.323810
00:00:00.156	1.315751	1.319414	1.317216
00:00:00.157	1.317216	1.327473	1.322344
00:00:00.157	1.320147	1.322344	1.314286
00:00:00.158	1.328205	1.325275	1.323810
00:00:00.158	1.312088	1.316484	1.322344
00:00:00.190	1.287179	1.327473	1.311355
00:00:00.190	1.277656	1.313553	1.314286
00:00:00.191	1.273993	1.310623	1.311355
00:00:00.191	1.336264	1.312088	1.342125
00:00:00.192	1.383883	1.321612	1.344322
00:00:00.192	1.431502	1.323810	1.334066
00:00:00.192	1.364835	1.317216	1.321612
00:00:00.193	1.275458	1.316484	1.305495
00:00:00.193	1.218315	1.304762	1.293040
00:00:00.193	1.217582	1.297436	1.306227
00:00:00.194	1.361905	1.304762	1.323810
00:00:00.194	1.429304	1.308425	1.333333
00:00:00.195	1.206593	1.318681	1.311355
00:00:00.195	1.142857	1.316484	1.298168
00:00:00.195	1.265201	1.335531	1.320879
00:00:00.195	1.350916	1.345788	1.323077
00:00:00.196	1.473260	1.350916	1.327473
00:00:00.196	1.358242	1.359707	1.315018
00:00:00.197	1.344322	1.339927	1.339194
00:00:00.197	1.340659	1.314286	1.334799
00:00:00.197	1.337729	1.319414	1.337729
00:00:00.198	1.357509	1.316484	1.320147
00:00:00.198	1.289377	1.314286	1.307692
00:00:00.198	1.336264	1.312821	1.303297
00:00:00.199	1.381685	1.305495	1.300366
00:00:00.199	1.389744	1.306227	1.309158
00:00:00.199	1.191209	1.301832	1.304762
00:00:00.200	1.006593	1.317216	1.314286
00:00:00.200	1.156777	1.308425	1.315751
00:00:00.200	1.201465	1.300366	1.300366
00:00:00.201	1.267399	1.304762	1.329670
00:00:00.201	1.400000	1.325275	1.343590
00:00:00.202	1.396337	1.317949	1.312088
00:00:00.202	1.357509	1.318681	1.309890
00:00:00.202	1.376557	1.318681	1.317216
00:00:00.203	1.403663	1.320147	1.339194
00:00:00.203	1.397802	1.320879	1.341392
00:00:00.203	1.427106	1.323077	1.331868
00:00:00.206	1.308425	1.321612	1.318681
00:00:00.206	1.149451	1.320147	1.309890
00:00:00.206	1.022711	1.327473	1.315018
00:00:00.206	1.203663	1.329670	1.339194
00:00:00.206	1.360440	1.328938	1.347253
00:00:00.206	1.597802	1.345055	1.346520
00:00:00.206	1.723810	1.338462	1.318681
00:00:00.208	1.383150	1.321612	1.298901
00:00:00.208	1.199267	1.316484	1.271062
00:00:00.208	1.265201	1.318681	1.295238
00:00:00.208	1.300366	1.289377	1.318681
00:00:00.208	1.299634	1.237363	1.342857
00:00:00.241	1.294505	1.241758	1.336264
00:00:00.241	1.273260	1.287912	1.337729
00:00:00.241	1.320879	1.323810	1.320879
00:00:00.241	1.384615	1.350916	1.317949
00:00:00.241	1.413919	1.393407	1.320879
00:00:00.242	1.241758	1.409524	1.309890
00:00:00.242	1.191941	1.383883	1.314286
00:00:00.242	1.224908	1.315751	1.334066
00:00:00.246	1.268132	1.284982	1.328938
00:00:00.246	1.306960	1.279853	1.310623
00:00:00.246	1.324542	1.309158	1.320879
00:00:00.246	1.353114	1.330403	1.317949
00:00:00.246	1.319414	1.335531	1.298168
00:00:00.246	1.296703	1.324542	1.314286
00:00:00.246	1.293040	1.342125	1.315018
00:00:00.246	1.279121	1.359707	1.317949
00:00:00.246	1.285714	1.323077	1.304029
00:00:00.246	1.329670	1.312088	1.330403
00:00:00.246	1.332601	1.301099	1.322344
00:00:00.248	1.358242	1.312088	1.323810
00:00:00.248	1.362637	1.310623	1.322344
00:00:00.248	1.317949	1.315751	1.318681
00:00:00.248	1.304029	1.306960	1.317216
00:00:00.248	1.315751	1.318681	1.323077
00:00:00.248	1.293773	1.300366	1.315751
00:00:00.249	1.293773	1.305495	1.323810
00:00:00.249	1.303297	1.315018	1.319414
00:00:00.250	1.304762	1.317216	1.323810
00:00:00.250	1.324542	1.323810	1.320147
00:00:00.250	1.317216	1.324542	1.321612
00:00:00.251	1.321612	1.323810	1.322344
00:00:00.251	1.320879	1.325275	1.321612
00:00:00.251	1.301099	1.312821	1.312821
00:00:00.252	1.317216	1.320879	1.326007
00:00:00.252	1.307692	1.312088	1.315751
00:00:00.252	1.317216	1.320879	1.326007
00:00:00.253	1.309158	1.310623	1.315018
00:00:00.253	1.309158	1.312821	1.317949
00:00:00.253	1.327473	1.325275	1.326007
00:00:00.254	1.315751	1.308425	1.317216
00:00:00.254	1.326007	1.325275	1.323077
00:00:00.255	1.310623	1.313553	1.317949
00:00:00.255	1.274725	1.313553	1.316484
00:00:00.255	1.306960	1.323810	1.327473
00:00:00.256	1.335531	1.311355	1.316484
00:00:00.256	1.405861	1.325275	1.336996
00:00:00.256	1.501832	1.328938	1.337729
00:00:00.257	1.440293	1.313553	1.323077
00:00:00.257	1.233700	1.317949	1.310623
00:00:00.257	0.945055	1.312821	1.298168
00:00:00.290	1.041026	1.322344	1.306960
00:00:00.290	1.240293	1.323077	1.308425
00:00:00.290	1.435897	1.320147	1.305495
00:00:00.291	1.506227	1.327473	1.304762
00:00:00.291	1.395604	1.320147	1.337729
00:00:00.291	1.220513	1.316484	1.328205
00:00:00.292	1.247619	1.318681	1.308425
00:00:00.292	1.367766	1.326007	1.321612
00:00:00.292	1.391209	1.331136	1.323810
00:00:00.293	1.304762	1.328938	1.324542
00:00:00.293	1.291575	1.325275	1.313553
00:00:00.294	1.273993	1.322344	1.316484
00:00:00.294	1.318681	1.326740	1.328205
00:00:00.294	1.361905	1.308425	1.321612
00:00:00.295	1.421978	1.289377	1.320879
00:00:00.295	1.410256	1.301832	1.322344
00:00:00.295	1.372161	1.320147	1.328205
00:00:00.296	1.303297	1.320147	1.321612
00:00:00.296	1.161172	1.318681	1.300366
00:00:00.296	1.063004	1.312821	1.300366
00:00:00.297	1.284249	1.330403	1.304762
00:00:00.297	1.487179	1.326740	1.309890
00:00:00.297	1.476923	1.320879	1.328938
00:00:00.298	1.301832	1.323810	1.320147
00:00:00.298	1.257875	1.318681	1.327473
00:00:00.300	1.233700	1.323077	1.358242
00:00:00.300	1.117949	1.310623	1.346520
00:00:00.300	1.262271	1.318681	1.342125
00:00:00.300	1.352381	1.324542	1.316484
00:00:00.300	1.393407	1.326740	1.310623
00:00:00.300	1.389011	1.323077	1.288645
00:00:00.301	1.468864	1.312088	1.295238
00:00:00.302	1.346520	1.315751	1.295971
00:00:00.302	1.309158	1.321612	1.336996
00:00:00.303	1.238828	1.330403	1.339194
00:00:00.303	1.271795	1.326007	1.338462
00:00:00.303	1.238095	1.318681	1.310623
00:00:00.304	1.315751	1.320147	1.323810
00:00:00.304	1.394139	1.323077	1.330403
00:00:00.306	1.378755	1.310623	1.314286
00:00:00.306	1.336264	1.309890	1.297436
00:00:00.306	1.326007	1.323077	1.309890
00:00:00.306	1.306960	1.324542	1.295238
00:00:00.306	1.270330	1.326007	1.280586
00:00:00.306	1.265201	1.321612	1.284982
00:00:00.306	1.286447	1.313553	1.327473
00:00:00.306	1.333333	1.315751	1.364103
00:00:00.306	1.368498	1.323810	1.375092
00:00:00.311	1.335531	1.323810	1.362637
00:00:00.311	1.336264	1.318681	1.329670
00:00:00.341	1.336996	1.317949	1.357509
00:00:00.341	1.297436	1.267399	1.323077
00:00:00.341	1.309890	1.257143	1.311355
00:00:00.341	1.328205	1.287912	1.318681
00:00:00.341	1.320879	1.307692	1.314286
00:00:00.341	1.254945	1.342857	1.308425
00:00:00.342	1.276190	1.364835	1.300366
00:00:00.342	1.312088	1.394872	1.310623
00:00:00.342	1.300366	1.386813	1.306227
00:00:00.343	1.293040	1.358242	1.317949
00:00:00.343	1.294505	1.315018	1.317949
00:00:00.343	1.274725	1.302564	1.314286
00:00:00.344	1.326007	1.304762	1.316484
00:00:00.344	1.381685	1.314286	1.319414
00:00:00.344	1.394872	1.331868	1.320879
00:00:00.345	1.342125	1.335531	1.317216
00:00:00.345	1.268132	1.337729	1.320147
00:00:00.345	1.131868	1.320879	1.315751
00:00:00.346	1.240293	1.309890	1.320147
00:00:00.346	1.336996	1.309158	1.326740
00:00:00.347	1.374359	1.298901	1.316484
00:00:00.347	1.298901	1.309158	1.326740
00:00:00.347	1.317216	1.315751	1.334066
00:00:00.348	1.393407	1.320147	1.330403
00:00:00.348	1.444689	1.326007	1.334799
