t_ns,ch1_V,ch2_V,ch3_V
0,0.500000,1.500000,2.500000
3110800,0.500000,1.500000,2.500000
6698800,0.500000,1.500000,2.500000
9393100,0.500000,1.500000,2.500000
13235600,0.500000,1.500000,2.500000
14281300,0.500000,1.500000,2.500000
18049700,0.500000,1.500000,2.500000
20753100,0.500000,1.500000,2.500000
21804100,0.500000,1.500000,2.500000
23355900,0.500000,1.500000,2.500000
24889200,0.500000,1.500000,2.500000
27770300,0.500000,1.500000,2.500000
29009000,0.500000,1.500000,2.500000
34786600,0.500000,1.500000,2.500000
38115800,0.500000,1.500000,2.500000
39512300,0.500000,1.500000,2.500000
42662400,0.500000,1.500000,2.500000
46781600,0.500000,1.500000,2.500000
49538200,0.500000,1.500000,2.500000
50581900,0.500000,1.500000,2.500000
52152900,0.500000,1.500000,2.500000
53704400,0.500000,1.500000,2.500000
54746500,0.500000,1.500000,2.500000
56279399,0.500000,1.500000,2.500000
57929400,0.500000,1.500000,2.500000
59831900,0.500000,1.500000,2.500000
61703700,0.500000,1.500000,2.500000
63431400,0.500000,1.500000,2.500000
65751800,0.500000,1.500000,2.500000
67069500,0.500000,1.500000,2.500000
69399400,0.500000,1.500000,2.500000
70464600,0.500000,1.500000,2.500000
72870000,0.500000,1.500000,2.500000
75134000,0.500000,1.500000,2.500000
78919200,0.500000,1.500000,2.500000
83510100,0.500000,1.500000,2.500000
87193600,0.500000,1.500000,2.500000
90116100,0.500000,1.500000,2.500000
91186100,0.500000,1.500000,2.500000
92761800,0.500000,1.500000,2.500000
94420500,0.500000,1.500000,2.500000
96012800,0.500000,1.500000,2.500000
97560100,0.500000,1.500000,2.500000
99129500,0.500000,1.500000,2.500000
100677100,0.500000,1.500000,2.500000
102229800,0.500000,1.500000,2.500000
103775000,0.500000,1.500000,2.500000
105310700,0.500000,1.500000,2.500000
106857900,0.500000,1.500000,2.500000
108397900,0.500000,1.500000,2.500000
109486400,0.500000,1.500000,2.500000
111037100,0.500000,1.500000,2.500000
112598800,0.500000,1.500000,2.500000
114800499,0.500000,1.500000,2.500000
121884100,0.500000,1.500000,2.500000
126005199,0.500000,1.500000,2.500000
128563199,0.500000,1.500000,2.500000
131438600,0.500000,1.500000,2.500000
132991600,0.500000,1.500000,2.500000
134495300,0.500000,1.500000,2.500000
136025700,0.500000,1.500000,2.500000
137549900,0.500000,1.500000,2.500000
139087800,0.500000,1.500000,2.500000
140659500,0.500000,1.500000,2.500000
142206600,0.500000,1.500000,2.500000
143755700,0.500000,1.500000,2.500000
145325600,0.500000,1.500000,2.500000
146900100,0.500000,1.500000,2.500000
147964499,0.500000,1.500000,2.500000
149510800,0.500000,1.500000,2.500000
151072200,0.500000,1.500000,2.500000
152639800,0.500000,1.500000,2.500000
154170600,0.500000,1.500000,2.500000
155816800,0.500000,1.500000,2.500000
157504900,0.500000,1.500000,2.500000
159125199,0.500000,1.500000,2.500000
161000300,0.500000,1.500000,2.500000
162373200,0.500000,1.500000,2.500000
166132600,0.500000,1.500000,2.500000
170109900,0.500000,1.500000,2.500000
171738299,0.500000,1.500000,2.500000
173957099,0.500000,1.500000,2.500000
175481199,0.500000,1.500000,2.500000
176541400,0.500000,1.500000,2.500000
178081700,0.500000,1.500000,2.500000
179655100,0.500000,1.500000,2.500000
181548700,0.500000,1.500000,2.500000
183482800,0.500000,1.500000,2.500000
185156400,0.500000,1.500000,2.500000
186864700,0.500000,1.500000,2.500000
188282400,0.500000,1.500000,2.500000
189861600,0.500000,1.500000,2.500000
191784800,0.500000,1.500000,2.500000
193483300,0.500000,1.500000,2.500000
195094200,0.500000,1.500000,2.500000
196647400,0.500000,1.500000,2.500000
198370000,0.500000,1.500000,2.500000
200471800,0.500000,1.500000,2.500000
202242400,0.500000,1.500000,2.500000
203918500,0.500000,1.500000,2.500000
206390700,0.500000,1.500000,2.500000
207662100,0.500000,1.500000,2.500000
209873800,0.500000,1.500000,2.500000
212464500,0.500000,1.500000,2.500000
215281100,0.500000,1.500000,2.500000
217548000,0.500000,1.500000,2.500000
220077100,0.500000,1.500000,2.500000
221131000,0.500000,1.500000,2.500000
222990200,0.500000,1.500000,2.500000
224575500,0.500000,1.500000,2.500000
226536699,0.500000,1.500000,2.500000
227612500,0.500000,1.500000,2.500000
229243699,0.500000,1.500000,2.500000
230956400,0.500000,1.500000,2.500000
232983400,0.500000,1.500000,2.500000
235041900,0.500000,1.500000,2.500000
236622200,0.500000,1.500000,2.500000
238918500,0.500000,1.500000,2.500000
240062000,0.500000,1.500000,2.500000
241606000,0.500000,1.500000,2.500000
243153900,0.500000,1.500000,2.500000
244715300,0.500000,1.500000,2.500000
246325100,0.500000,1.500000,2.500000
247942300,0.500000,1.500000,2.500000
249888300,0.500000,1.500000,2.500000
251415800,0.500000,1.500000,2.500000
253419000,0.500000,1.500000,2.500000
254787000,0.500000,1.500000,2.500000
256744700,0.500000,1.500000,2.500000
262040600,0.500000,1.500000,2.500000
263236000,0.500000,1.500000,2.500000
271820600,0.500000,1.500000,2.500000
272974700,0.500000,1.500000,2.500000
277695400,0.500000,1.500000,2.500000
282085200,0.500000,1.500000,2.500000
283278599,0.500000,1.500000,2.500000
285194200,0.500000,1.500000,2.500000
287168400,0.500000,1.500000,2.500000
289165200,0.500000,1.500000,2.500000
291067800,0.500000,1.500000,2.500000
293086600,0.500000,1.500000,2.500000
295100600,0.500000,1.500000,2.500000
297383200,0.500000,1.500000,2.500000
300524000,0.500000,1.500000,2.500000
302449900,0.500000,1.500000,2.500000
304630600,0.500000,1.500000,2.500000
308296000,0.500000,1.500000,2.500000
316005400,0.500000,1.500000,2.500000
317599600,0.500000,1.500000,2.500000
325315300,0.500000,1.500000,2.500000
326693300,0.500000,1.500000,2.500000
331239700,0.500000,1.500000,2.500000
332891100,0.500000,1.500000,2.500000
335370300,0.500000,1.500000,2.500000
336520100,0.500000,1.500000,2.500000
338090200,0.500000,1.500000,2.500000
339771600,0.500000,1.500000,2.500000
342074899,0.500000,1.500000,2.500000
344304000,0.500000,1.500000,2.500000
353118800,0.500000,1.500000,2.500000
354345700,0.500000,1.500000,2.500000
356079000,0.500000,1.500000,2.500000
358555400,0.500000,1.500000,2.500000
362862800,0.500000,1.500000,2.500000
369510300,0.500000,1.500000,2.500000
375501700,0.500000,1.500000,2.500000
376626100,0.500000,1.500000,2.500000
382297900,0.500000,1.500000,2.500000
386947300,0.500000,1.500000,2.500000
388261700,0.500000,1.500000,2.500000
391082699,0.500000,1.500000,2.500000
394796400,0.500000,1.500000,2.500000
395864900,0.500000,1.500000,2.500000
398501000,0.500000,1.500000,2.500000
402138500,0.500000,1.500000,2.500000
409559800,0.500000,1.500000,2.500000
410739900,0.500000,1.500000,2.500000
416010200,0.500000,1.500000,2.500000
417425500,0.500000,1.500000,2.500000
422411300,0.500000,1.500000,2.500000
426182700,0.500000,1.500000,2.500000
427481500,0.500000,1.500000,2.500000
429056100,0.500000,1.500000,2.500000
430588900,0.500000,1.500000,2.500000
432133300,0.500000,1.500000,2.500000
433723900,0.500000,1.500000,2.500000
435403700,0.500000,1.500000,2.500000
437213100,0.500000,1.500000,2.500000
438345100,0.500000,1.500000,2.500000
439648600,0.500000,1.500000,2.500000
443340600,0.500000,1.500000,2.500000
444956600,0.500000,1.500000,2.500000
446568300,0.500000,1.500000,2.500000
451327100,0.500000,1.500000,2.500000
458657300,0.500000,1.500000,2.500000
460863800,0.500000,1.500000,2.500000
462066700,0.500000,1.500000,2.500000
470413700,0.500000,1.500000,2.500000
471551500,0.500000,1.500000,2.500000
473511200,0.500000,1.500000,2.500000
478218900,0.500000,1.500000,2.500000
479297600,0.500000,1.500000,2.500000
481790500,0.500000,1.500000,2.500000
484835500,0.500000,1.500000,2.500000
488916500,0.500000,1.500000,2.500000
490169900,0.500000,1.500000,2.500000
493052300,0.500000,1.500000,2.500000
496755200,0.500000,1.500000,2.500000
504654100,0.500000,1.500000,2.500000
505760600,0.500000,1.500000,2.500000
512823600,0.500000,1.500000,2.500000
514364700,0.500000,1.500000,2.500000
518921300,0.500000,1.500000,2.500000
520313700,0.500000,1.500000,2.500000
524081600,0.500000,1.500000,2.500000
525215600,0.500000,1.500000,2.500000
526836700,0.500000,1.500000,2.500000
528411700,0.500000,1.500000,2.500000
530271300,0.500000,1.500000,2.500000
532361900,0.500000,1.500000,2.500000
535880100,0.500000,1.500000,2.500000
537505200,0.500000,1.500000,2.500000
539100900,0.500000,1.500000,2.500000
542091800,0.500000,1.500000,2.500000
545545300,0.500000,1.500000,2.500000
551796400,0.500000,1.500000,2.500000
554138000,0.500000,1.500000,2.500000
555314600,0.500000,1.500000,2.500000
564207100,0.500000,1.500000,2.500000
565325400,0.500000,1.500000,2.500000
566933400,0.500000,1.500000,2.500000
572107300,0.500000,1.500000,2.500000
573222700,0.500000,1.500000,2.500000
576675700,0.500000,1.500000,2.500000
577883500,0.500000,1.500000,2.500000
579468300,0.500000,1.500000,2.500000
581300199,0.500000,1.500000,2.500000
582478700,0.500000,1.500000,2.500000
584717900,0.500000,1.500000,2.500000
592246700,0.500000,1.500000,2.500000
595329400,0.500000,1.500000,2.500000
596525700,0.500000,1.500000,2.500000
604713200,0.500000,1.500000,2.500000
605893200,0.500000,1.500000,2.500000
607873900,0.500000,1.500000,2.500000
613045300,0.500000,1.500000,2.500000
616998600,0.500000,1.500000,2.500000
618079900,0.500000,1.500000,2.500000
619680000,0.500000,1.500000,2.500000
621253600,0.500000,1.500000,2.500000
622839700,0.500000,1.500000,2.500000
624495200,0.500000,1.500000,2.500000
627607700,0.500000,1.500000,2.500000
631007500,0.500000,1.500000,2.500000
632098200,0.500000,1.500000,2.500000
634802000,0.500000,1.500000,2.500000
639814000,0.500000,1.500000,2.500000
648179100,0.500000,1.500000,2.500000
649270900,0.500000,1.500000,2.500000
655860000,0.500000,1.500000,2.500000
657634800,0.500000,1.500000,2.500000
658802400,0.500000,1.500000,2.500000
664014200,0.500000,1.500000,2.500000
665157900,0.500000,1.500000,2.500000
668418000,0.500000,1.500000,2.500000
670747700,0.500000,1.500000,2.500000
672482400,0.500000,1.500000,2.500000
677672900,0.500000,1.500000,2.500000
678762700,0.500000,1.500000,2.500000
680524499,0.500000,1.500000,2.500000
682412900,0.500000,1.500000,2.500000
686047900,0.500000,1.500000,2.500000
690692300,0.500000,1.500000,2.500000
691821200,0.500000,1.500000,2.500000
700187500,0.500000,1.500000,2.500000
701292500,0.500000,1.500000,2.500000
706655200,0.500000,1.500000,2.500000
707941200,0.500000,1.500000,2.500000
710737300,0.500000,1.500000,2.500000
712316900,0.500000,1.500000,2.500000
713866300,0.500000,1.500000,2.500000
715397600,0.500000,1.500000,2.500000
716964700,0.500000,1.500000,2.500000
718648699,0.500000,1.500000,2.500000
722477600,0.500000,1.500000,2.500000
725922800,0.500000,1.500000,2.500000
727118100,0.500000,1.500000,2.500000
729930900,0.500000,1.500000,2.500000
734477100,0.500000,1.500000,2.500000
742712400,0.500000,1.500000,2.500000
744289100,0.500000,1.500000,2.500000
750518600,0.500000,1.500000,2.500000
752268700,0.500000,1.500000,2.500000
757640300,0.500000,1.500000,2.500000
758764500,0.500000,1.500000,2.500000
762633400,0.500000,1.500000,2.500000
763890400,0.500000,1.500000,2.500000
765623900,0.500000,1.500000,2.500000
771054300,0.500000,1.500000,2.500000
772179999,0.500000,1.500000,2.500000
774177900,0.500000,1.500000,2.500000
775950100,0.500000,1.500000,2.500000
780168900,0.500000,1.500000,2.500000
790700400,0.500000,1.500000,2.500000
794433800,0.500000,1.500000,2.500000
797239800,0.500000,1.500000,2.500000
801157699,0.500000,1.500000,2.500000
802239200,0.500000,1.500000,2.500000
803839000,0.500000,1.500000,2.500000
805442500,0.500000,1.500000,2.500000
807022300,0.500000,1.500000,2.500000
808603700,0.500000,1.500000,2.500000
810136700,0.500000,1.500000,2.500000
811666100,0.500000,1.500000,2.500000
813317500,0.500000,1.500000,2.500000
816981600,0.500000,1.500000,2.500000
820822100,0.500000,1.500000,2.500000
822042300,0.500000,1.500000,2.500000
823614700,0.500000,1.500000,2.500000
829352100,0.500000,1.500000,2.500000
832628800,0.500000,1.500000,2.500000
837061199,0.500000,1.500000,2.500000
840033500,0.500000,1.500000,2.500000
841125300,0.500000,1.500000,2.500000
842702200,0.500000,1.500000,2.500000
844402100,0.500000,1.500000,2.500000
846014100,0.500000,1.500000,2.500000
847543600,0.500000,1.500000,2.500000
849223400,0.500000,1.500000,2.500000
850769500,0.500000,1.500000,2.500000
852344700,0.500000,1.500000,2.500000
854229800,0.500000,1.500000,2.500000
855423700,0.500000,1.500000,2.500000
858242200,0.500000,1.500000,2.500000
860118399,0.500000,1.500000,2.500000
861292200,0.500000,1.500000,2.500000
863689800,0.500000,1.500000,2.500000
871666200,0.500000,1.500000,2.500000
872807800,0.500000,1.500000,2.500000
883254200,0.500000,1.500000,2.500000
884775000,0.500000,1.500000,2.500000
890317400,0.500000,1.500000,2.500000
894693000,0.500000,1.500000,2.500000
895831200,0.500000,1.500000,2.500000
897370200,0.500000,1.500000,2.500000
898957900,0.500000,1.500000,2.500000
900543700,0.500000,1.500000,2.500000
902115900,0.500000,1.500000,2.500000
903707500,0.500000,1.500000,2.500000
905467800,0.500000,1.500000,2.500000
908752600,0.500000,1.500000,2.500000
909843900,0.500000,1.500000,2.500000
911432700,0.500000,1.500000,2.500000
913112900,0.500000,1.500000,2.500000
918637100,0.500000,1.500000,2.500000
926637200,0.500000,1.500000,2.500000
938295600,0.500000,1.500000,2.500000
939755600,0.500000,1.500000,2.500000
946340500,0.500000,1.500000,2.500000
947909599,0.500000,1.500000,2.500000
951433500,0.500000,1.500000,2.500000
952821200,0.500000,1.500000,2.500000
954827300,0.500000,1.500000,2.500000
957184300,0.500000,1.500000,2.500000
958509400,0.500000,1.500000,2.500000
961590800,0.500000,1.500000,2.500000
968472400,0.500000,1.500000,2.500000
969552100,0.500000,1.500000,2.500000
980219900,0.500000,1.500000,2.500000
981337200,0.500000,1.500000,2.500000
988716400,0.500000,1.500000,2.500000
989881200,0.500000,1.500000,2.500000
994263900,0.500000,1.500000,2.500000
995357900,0.500000,1.500000,2.500000
996959000,0.500000,1.500000,2.500000
998708400,0.500000,1.500000,2.500000
1002798400,0.500000,1.500000,2.500000
1004039200,0.500000,1.500000,2.500000
1005720900,0.500000,1.500000,2.500000
1007160100,0.500000,1.500000,2.500000
1009014400,0.500000,1.500000,2.500000
1010974700,0.500000,1.500000,2.500000
1015428800,0.500000,1.500000,2.500000
1021708200,0.500000,1.500000,2.500000
1025205100,0.500000,1.500000,2.500000
1026312000,0.500000,1.500000,2.500000
1031322400,0.500000,1.500000,2.500000
1032446900,0.500000,1.500000,2.500000
1034075499,0.500000,1.500000,2.500000
1035650800,0.500000,1.500000,2.500000
1042946700,0.500000,1.500000,2.500000
1044574400,0.500000,1.500000,2.500000
1046416900,0.500000,1.500000,2.500000
1050795500,0.500000,1.500000,2.500000
1052391600,0.500000,1.500000,2.500000
1054004700,0.500000,1.500000,2.500000
1056001100,0.500000,1.500000,2.500000
1061236100,0.500000,1.500000,2.500000
1067290300,0.500000,1.500000,2.500000
1071671800,0.500000,1.500000,2.500000
1072942800,0.500000,1.500000,2.500000
1080547600,0.500000,1.500000,2.500000
1082953900,0.500000,1.500000,2.500000
1084038000,0.500000,1.500000,2.500000
1085632200,0.500000,1.500000,2.500000
1092246100,0.500000,1.500000,2.500000
1094573800,0.500000,1.500000,2.500000
1095945700,0.500000,1.500000,2.500000
1097245000,0.500000,1.500000,2.500000
1100980700,0.500000,1.500000,2.500000
1102549700,0.500000,1.500000,2.500000
1105458500,0.500000,1.500000,2.500000
1106613700,0.500000,1.500000,2.500000
1111659500,0.500000,1.500000,2.500000
1118176900,0.500000,1.500000,2.500000
1122020000,0.500000,1.500000,2.500000
1123515400,0.500000,1.500000,2.500000
1125186500,0.500000,1.500000,2.500000
1126743600,0.500000,1.500000,2.500000
1133806100,0.500000,1.500000,2.500000
1134904000,0.500000,1.500000,2.500000
1136487600,0.500000,1.500000,2.500000
1143577400,0.500000,1.500000,2.500000
1145012900,0.500000,1.500000,2.500000
1147755500,0.500000,1.500000,2.500000
1151170400,0.500000,1.500000,2.500000
1152376400,0.500000,1.500000,2.500000
1154232000,0.500000,1.500000,2.500000
1155686199,0.500000,1.500000,2.500000
1157821800,0.500000,1.500000,2.500000
1163124300,0.500000,1.500000,2.500000
1172334200,0.500000,1.500000,2.500000
1177373200,0.500000,1.500000,2.500000
1178601900,0.500000,1.500000,2.500000
1187069100,0.500000,1.500000,2.500000
1190004800,0.500000,1.500000,2.500000
1191103800,0.500000,1.500000,2.500000
1195854900,0.500000,1.500000,2.500000
1198645300,0.500000,1.500000,2.500000
1202721699,0.500000,1.500000,2.500000
1203958400,0.500000,1.500000,2.500000
1205590400,0.500000,1.500000,2.500000
1207366800,0.500000,1.500000,2.500000
1209281499,0.500000,1.500000,2.500000
1214029900,0.500000,1.500000,2.500000
1220381400,0.500000,1.500000,2.500000
1223346300,0.500000,1.500000,2.500000
1224510400,0.500000,1.500000,2.500000
1226031800,0.500000,1.500000,2.500000
1234072700,0.500000,1.500000,2.500000
1235720600,0.500000,1.500000,2.500000
1243033700,0.500000,1.500000,2.500000
1244323600,0.500000,1.500000,2.500000
1247220800,0.500000,1.500000,2.500000
1248308600,0.500000,1.500000,2.500000
1251424900,0.500000,1.500000,2.500000
1252601700,0.500000,1.500000,2.500000
1254388600,0.500000,1.500000,2.500000
1256016600,0.500000,1.500000,2.500000
1258004200,0.500000,1.500000,2.500000
1259079800,0.500000,1.500000,2.500000
1263608600,0.500000,1.500000,2.500000
1273073200,0.500000,1.500000,2.500000
1274173500,0.500000,1.500000,2.500000
1283770400,0.500000,1.500000,2.500000
1285424600,0.500000,1.500000,2.500000
1293593600,0.500000,1.500000,2.500000
1294897400,0.500000,1.500000,2.500000
1299169500,0.500000,1.500000,2.500000
1300569200,0.500000,1.500000,2.500000
1304362800,0.500000,1.500000,2.500000
1305459000,0.500000,1.500000,2.500000
1307191200,0.500000,1.500000,2.500000
1309009100,0.500000,1.500000,2.500000
1314187600,0.500000,1.500000,2.500000
1321601400,0.500000,1.500000,2.500000
1325155000,0.500000,1.500000,2.500000
1326545400,0.500000,1.500000,2.500000
1336138100,0.500000,1.500000,2.500000
1337595200,0.500000,1.500000,2.500000
1339332700,0.500000,1.500000,2.500000
1343404400,0.500000,1.500000,2.500000
1344896700,0.500000,1.500000,2.500000
1346788900,0.500000,1.500000,2.500000
1348168900,0.500000,1.500000,2.500000
1349254000,0.500000,1.500000,2.500000
1350935900,0.500000,1.500000,2.500000
1357541400,0.500000,1.500000,2.500000
1365823400,0.500000,1.500000,2.500000
1367195600,0.500000,1.500000,2.500000
1368784900,0.500000,1.500000,2.500000
1376412200,0.500000,1.500000,2.500000
1380821500,0.500000,1.500000,2.500000
1381944800,0.500000,1.500000,2.500000
1386405700,0.500000,1.500000,2.500000
1387589400,0.500000,1.500000,2.500000
1390231800,0.500000,1.500000,2.500000
1394312300,0.500000,1.500000,2.500000
1395689900,0.500000,1.500000,2.500000
1396839600,0.500000,1.500000,2.500000
1398325900,0.500000,1.500000,2.500000
1400887700,0.500000,1.500000,2.500000
1407636900,0.500000,1.500000,2.500000
1409702000,0.500000,1.500000,2.500000
1416745200,0.500000,1.500000,2.500000
1417805200,0.500000,1.500000,2.500000
1421242800,0.500000,1.500000,2.500000
1422516400,0.500000,1.500000,2.500000
1424951100,0.500000,1.500000,2.500000
1427092700,0.500000,1.500000,2.500000
1428191200,0.500000,1.500000,2.500000
1431420799,0.500000,1.500000,2.500000
1438165400,0.500000,1.500000,2.500000
1440700700,0.500000,1.500000,2.500000
1441745400,0.500000,1.500000,2.500000
1445511500,0.500000,1.500000,2.500000
1450489500,0.500000,1.500000,2.500000
1451636900,0.500000,1.500000,2.500000
1457469400,0.500000,1.500000,2.500000
1458576400,0.500000,1.500000,2.500000
1460169199,0.500000,1.500000,2.500000
1461789400,0.500000,1.500000,2.500000
1463435800,0.500000,1.500000,2.500000
1465015400,0.500000,1.500000,2.500000
1466593000,0.500000,1.500000,2.500000
1468129400,0.500000,1.500000,2.500000
1469848300,0.500000,1.500000,2.500000
1472392499,0.500000,1.500000,2.500000
1474041600,0.500000,1.500000,2.500000
1475669200,0.500000,1.500000,2.500000
1479080900,0.500000,1.500000,2.500000
1480152400,0.500000,1.500000,2.500000
1482065200,0.500000,1.500000,2.500000
1484469400,0.500000,1.500000,2.500000
1487165900,0.500000,1.500000,2.500000
1488826100,0.500000,1.500000,2.500000
1490462300,0.500000,1.500000,2.500000
1501481200,0.500000,1.500000,2.500000
1502626000,0.500000,1.500000,2.500000
1504221600,0.500000,1.500000,2.500000
1513830400,0.500000,1.500000,2.500000
1514922100,0.500000,1.500000,2.500000
1516616500,0.500000,1.500000,2.500000
1524350300,0.500000,1.500000,2.500000
1525468200,0.500000,1.500000,2.500000
1527399900,0.500000,1.500000,2.500000
1528700400,0.500000,1.500000,2.500000
1532711400,0.500000,1.500000,2.500000
1533995600,0.500000,1.500000,2.500000
1535357500,0.500000,1.500000,2.500000
1538639400,0.500000,1.500000,2.500000
1541365800,0.500000,1.500000,2.500000
1545125200,0.500000,1.500000,2.500000
1555069699,0.500000,1.500000,2.500000
1556250300,0.500000,1.500000,2.500000
1565908100,0.500000,1.500000,2.500000
1568611200,0.500000,1.500000,2.500000
1570214300,0.500000,1.500000,2.500000
1571786600,0.500000,1.500000,2.500000
1575051300,0.500000,1.500000,2.500000
1576188600,0.500000,1.500000,2.500000
1578026100,0.500000,1.500000,2.500000
1579458899,0.500000,1.500000,2.500000
1580597300,0.500000,1.500000,2.500000
1583666500,0.500000,1.500000,2.500000
1584937999,0.500000,1.500000,2.500000
1586551400,0.500000,1.500000,2.500000
1588705600,0.500000,1.500000,2.500000
1590875600,0.500000,1.500000,2.500000
1592859600,0.500000,1.500000,2.500000
1594293100,0.500000,1.500000,2.500000
1595572199,0.500000,1.500000,2.500000
1597925600,0.500000,1.500000,2.500000
1604169700,0.500000,1.500000,2.500000
1607442200,0.500000,1.500000,2.500000
1608812600,0.500000,1.500000,2.500000
1612675000,0.500000,1.500000,2.500000
1613826800,0.500000,1.500000,2.500000
1617298600,0.500000,1.500000,2.500000
1619628500,0.500000,1.500000,2.500000
1622309700,0.500000,1.500000,2.500000
1625049600,0.500000,1.500000,2.500000
1633614400,0.500000,1.500000,2.500000
1637641900,0.500000,1.500000,2.500000
1638850499,0.500000,1.500000,2.500000
1640512100,0.500000,1.500000,2.500000
1642306300,0.500000,1.500000,2.500000
1643991600,0.500000,1.500000,2.500000
1646802200,0.500000,1.500000,2.500000
1651502300,0.500000,1.500000,2.500000
1657629300,0.500000,1.500000,2.500000
1659685700,0.500000,1.500000,2.500000
1660879700,0.500000,1.500000,2.500000
1665694500,0.500000,1.500000,2.500000
1667731400,0.500000,1.500000,2.500000
1669376199,0.500000,1.500000,2.500000
1670966900,0.500000,1.500000,2.500000
1673131700,0.500000,1.500000,2.500000
1674580800,0.500000,1.500000,2.500000
1676202400,0.500000,1.500000,2.500000
1677907400,0.500000,1.500000,2.500000
1679481900,0.500000,1.500000,2.500000
1685748500,0.500000,1.500000,2.500000
1690411000,0.500000,1.500000,2.500000
1691802300,0.500000,1.500000,2.500000
1692936200,0.500000,1.500000,2.500000
1701324100,0.500000,1.500000,2.500000
1702464900,0.500000,1.500000,2.500000
1709407200,0.500000,1.500000,2.500000
1710494200,0.500000,1.500000,2.500000
1712322700,0.500000,1.500000,2.500000
1716085200,0.500000,1.500000,2.500000
1717935500,0.500000,1.500000,2.500000
1719045000,0.500000,1.500000,2.500000
1721376700,0.500000,1.500000,2.500000
1722885700,0.500000,1.500000,2.500000
1724450400,0.500000,1.500000,2.500000
1725681900,0.500000,1.500000,2.500000
1727301800,0.500000,1.500000,2.500000
1729882100,0.500000,1.500000,2.500000
1741421200,0.500000,1.500000,2.500000
1742744600,0.500000,1.500000,2.500000
1752397399,0.500000,1.500000,2.500000
1755298700,0.500000,1.500000,2.500000
1756487500,0.500000,1.500000,2.500000
1762485600,0.500000,1.500000,2.500000
1764089100,0.500000,1.500000,2.500000
1765739900,0.500000,1.500000,2.500000
1767633400,0.500000,1.500000,2.500000
1770907700,0.500000,1.500000,2.500000
1774678500,0.500000,1.500000,2.500000
1776352400,0.500000,1.500000,2.500000
1778634200,0.500000,1.500000,2.500000
1779920600,0.500000,1.500000,2.500000
1781852600,0.500000,1.500000,2.500000
1784016100,0.500000,1.500000,2.500000
1792674200,0.500000,1.500000,2.500000
1795155800,0.500000,1.500000,2.500000
1797047899,0.500000,1.500000,2.500000
1799721200,0.500000,1.500000,2.500000
1801550700,0.500000,1.500000,2.500000
1802628800,0.500000,1.500000,2.500000
1804303800,0.500000,1.500000,2.500000
1806542400,0.500000,1.500000,2.500000
1807972599,0.500000,1.500000,2.500000
1810932300,0.500000,1.500000,2.500000
1821788900,0.500000,1.500000,2.500000
1822888500,0.500000,1.500000,2.500000
1824446400,0.500000,1.500000,2.500000
1829227200,0.500000,1.500000,2.500000
1830344900,0.500000,1.500000,2.500000
1832219500,0.500000,1.500000,2.500000
1833354800,0.500000,1.500000,2.500000
1843529500,0.500000,1.500000,2.500000
1844768100,0.500000,1.500000,2.500000
1849740500,0.500000,1.500000,2.500000
1851134800,0.500000,1.500000,2.500000
1852467100,0.500000,1.500000,2.500000
1854051800,0.500000,1.500000,2.500000
1858643800,0.500000,1.500000,2.500000
1860388200,0.500000,1.500000,2.500000
1863422400,0.500000,1.500000,2.500000
1865175000,0.500000,1.500000,2.500000
1866836400,0.500000,1.500000,2.500000
1875944200,0.500000,1.500000,2.500000
1880830400,0.500000,1.500000,2.500000
1881896700,0.500000,1.500000,2.500000
1891755800,0.500000,1.500000,2.500000
1894251300,0.500000,1.500000,2.500000
1895343200,0.500000,1.500000,2.500000
1901217000,0.500000,1.500000,2.500000
1902306900,0.500000,1.500000,2.500000
1905589200,0.500000,1.500000,2.500000
1906973600,0.500000,1.500000,2.500000
1908773000,0.500000,1.500000,2.500000
1912286000,0.500000,1.500000,2.500000
1913423199,0.500000,1.500000,2.500000
1915163300,0.500000,1.500000,2.500000
1917928200,0.500000,1.500000,2.500000
1922042000,0.500000,1.500000,2.500000
1924977800,0.500000,1.500000,2.500000
1931742500,0.500000,1.500000,2.500000
1937423100,0.500000,1.500000,2.500000
1938913300,0.500000,1.500000,2.500000
1941850300,0.500000,1.500000,2.500000
1943532900,0.500000,1.500000,2.500000
1945758200,0.500000,1.500000,2.500000
1947694600,0.500000,1.500000,2.500000
1949967300,0.500000,1.500000,2.500000
1952110400,0.500000,1.500000,2.500000
1963336300,0.500000,1.500000,2.500000
1964469900,0.500000,1.500000,2.500000
1966095800,0.500000,1.500000,2.500000
1967669300,0.500000,1.500000,2.500000
1973971800,0.500000,1.500000,2.500000
1975059700,0.500000,1.500000,2.500000
1981932700,0.500000,1.500000,2.500000
1984102100,0.500000,1.500000,2.500000
1985837300,0.500000,1.500000,2.500000
1990875200,0.500000,1.500000,2.500000
1992966900,0.500000,1.500000,2.500000
1997610900,0.500000,1.500000,2.500000
1999232300,0.500000,1.500000,2.500000
2001068000,0.500000,1.500000,2.500000
2002190900,0.500000,1.500000,2.500000
2004283700,0.500000,1.500000,2.500000
2007086400,0.500000,1.500000,2.500000
2009439900,0.500000,1.500000,2.500000
2011286799,0.500000,1.500000,2.500000
2018944499,0.500000,1.500000,2.500000
2020547200,0.500000,1.500000,2.500000
2028528900,0.500000,1.500000,2.500000
2030803900,0.500000,1.500000,2.500000
2032558800,0.500000,1.500000,2.500000
2034199000,0.500000,1.500000,2.500000
2040234600,0.500000,1.500000,2.500000
2041346100,0.500000,1.500000,2.500000
2043577200,0.500000,1.500000,2.500000
2047312700,0.500000,1.500000,2.500000
2048618100,0.500000,1.500000,2.500000
2049773500,0.500000,1.500000,2.500000
2051369200,0.500000,1.500000,2.500000
2054350400,0.500000,1.500000,2.500000
2055500900,0.500000,1.500000,2.500000
2058178100,0.500000,1.500000,2.500000
2060654200,0.500000,1.500000,2.500000
2066924600,0.500000,1.500000,2.500000
2069285700,0.500000,1.500000,2.500000
2071512700,0.500000,1.500000,2.500000
2081993600,0.500000,1.500000,2.500000
2083075800,0.500000,1.500000,2.500000
2084755800,0.500000,1.500000,2.500000
2089797200,0.500000,1.500000,2.500000
2093035300,0.500000,1.500000,2.500000
2094191600,0.500000,1.500000,2.500000
2098781100,0.500000,1.500000,2.500000
2101271800,0.500000,1.500000,2.500000
2102448500,0.500000,1.500000,2.500000
2105909700,0.500000,1.500000,2.500000
2108218100,0.500000,1.500000,2.500000
2110967800,0.500000,1.500000,2.500000
2112823900,0.500000,1.500000,2.500000
2120789600,0.500000,1.500000,2.500000
2121900199,0.500000,1.500000,2.500000
2123893500,0.500000,1.500000,2.500000
2125519100,0.500000,1.500000,2.500000
2127686700,0.500000,1.500000,2.500000
2129336800,0.500000,1.500000,2.500000
2132026300,0.500000,1.500000,2.500000
2134757900,0.500000,1.500000,2.500000
2142132799,0.500000,1.500000,2.500000
2144618800,0.500000,1.500000,2.500000
2145713100,0.500000,1.500000,2.500000
2147307700,0.500000,1.500000,2.500000
2148881400,0.500000,1.500000,2.500000
2150435600,0.500000,1.500000,2.500000
2155001500,0.500000,1.500000,2.500000
2156626300,0.500000,1.500000,2.500000
2166610700,0.500000,1.500000,2.500000
2168199500,0.500000,1.500000,2.500000
2173292300,0.500000,1.500000,2.500000
2174396700,0.500000,1.500000,2.500000
2176789200,0.500000,1.500000,2.500000
2180520699,0.500000,1.500000,2.500000
2181622800,0.500000,1.500000,2.500000
2183356900,0.500000,1.500000,2.500000
2185610700,0.500000,1.500000,2.500000
2190462900,0.500000,1.500000,2.500000
2193996200,0.500000,1.500000,2.500000
2199737599,0.500000,1.500000,2.500000
2204588700,0.500000,1.500000,2.500000
2205865500,0.500000,1.500000,2.500000
2213955400,0.500000,1.500000,2.500000
2216622100,0.500000,1.500000,2.500000
2218130700,0.500000,1.500000,2.500000
2219772200,0.500000,1.500000,2.500000
2225306800,0.500000,1.500000,2.500000
2226471100,0.500000,1.500000,2.500000
2228599699,0.500000,1.500000,2.500000
2229698900,0.500000,1.500000,2.500000
2239093100,0.500000,1.500000,2.500000
2240230000,0.500000,1.500000,2.500000
2241843300,0.500000,1.500000,2.500000
2244828500,0.500000,1.500000,2.500000
2245979200,0.500000,1.500000,2.500000
2247963600,0.500000,1.500000,2.500000
2249694100,0.500000,1.500000,2.500000
2252617199,0.500000,1.500000,2.500000
2260873700,0.500000,1.500000,2.500000
2263827900,0.500000,1.500000,2.500000
2265214500,0.500000,1.500000,2.500000
2273638200,0.500000,1.500000,2.500000
2275072700,0.500000,1.500000,2.500000
2277455200,0.500000,1.500000,2.500000
2279270600,0.500000,1.500000,2.500000
2285503500,0.500000,1.500000,2.500000
2291984200,0.500000,1.500000,2.500000
2298156900,0.500000,1.500000,2.500000
2299290300,0.500000,1.500000,2.500000
2301909100,0.500000,1.500000,2.500000
2303514600,0.500000,1.500000,2.500000
2310393800,0.500000,1.500000,2.500000
2311640500,0.500000,1.500000,2.500000
2313296100,0.500000,1.500000,2.500000
2314911300,0.500000,1.500000,2.500000
2316522300,0.500000,1.500000,2.500000
2319064800,0.500000,1.500000,2.500000
2320661800,0.500000,1.500000,2.500000
2324696200,0.500000,1.500000,2.500000
2333160200,0.500000,1.500000,2.500000
2336038000,0.500000,1.500000,2.500000
2337677900,0.500000,1.500000,2.500000
2340183100,0.500000,1.500000,2.500000
2341297099,0.500000,1.500000,2.500000
2343545800,0.500000,1.500000,2.500000
2345267900,0.500000,1.500000,2.500000
2347135400,0.500000,1.500000,2.500000
2349046100,0.500000,1.500000,2.500000
2351620800,0.500000,1.500000,2.500000
2362676700,0.500000,1.500000,2.500000
2363893699,0.500000,1.500000,2.500000
2365404000,0.500000,1.500000,2.500000
2366992700,0.500000,1.500000,2.500000
2371897000,0.500000,1.500000,2.500000
2373013200,0.500000,1.500000,2.500000
2380328700,0.500000,1.500000,2.500000
2382417300,0.500000,1.500000,2.500000
2386258500,0.500000,1.500000,2.500000
2387727200,0.500000,1.500000,2.500000
2389087700,0.500000,1.500000,2.500000
2390987200,0.500000,1.500000,2.500000
2394383300,0.500000,1.500000,2.500000
2395488200,0.500000,1.500000,2.500000
2397079000,0.500000,1.500000,2.500000
2399035300,0.500000,1.500000,2.500000
2400619800,0.500000,1.500000,2.500000
2402021200,0.500000,1.500000,2.500000
2403128500,0.500000,1.500000,2.500000
2405798400,0.500000,1.500000,2.500000
2412919000,0.500000,1.500000,2.500000
2415556300,0.500000,1.500000,2.500000
2417309399,0.500000,1.500000,2.500000
2422739700,0.500000,1.500000,2.500000
2424618600,0.500000,1.500000,2.500000
2429328400,0.500000,1.500000,2.500000
2438502700,0.500000,1.500000,2.500000
2439624400,0.500000,1.500000,2.500000
2441594900,0.500000,1.500000,2.500000
2445634100,0.500000,1.500000,2.500000
2455228400,0.500000,1.500000,2.500000
2458930300,0.500000,1.500000,2.500000
2460510400,0.500000,1.500000,2.500000
2463928299,0.500000,1.500000,2.500000
2465019400,0.500000,1.500000,2.500000
2468870300,0.500000,1.500000,2.500000
2470456200,0.500000,1.500000,2.500000
2472813100,0.500000,1.500000,2.500000
2473929400,0.500000,1.500000,2.500000
2475576500,0.500000,1.500000,2.500000
2477244100,0.500000,1.500000,2.500000
2481577600,0.500000,1.500000,2.500000
2488133500,0.500000,1.500000,2.500000
2491706600,0.500000,1.500000,2.500000
2492741500,0.500000,1.500000,2.500000
2503876500,0.500000,1.500000,2.500000
2505487400,0.500000,1.500000,2.500000
2511145900,0.500000,1.500000,2.500000
2513624000,0.500000,1.500000,2.500000
2514855700,0.500000,1.500000,2.500000
2518039500,0.500000,1.500000,2.500000
2519476600,0.500000,1.500000,2.500000
2522549000,0.500000,1.500000,2.500000
2523896099,0.500000,1.500000,2.500000
2525305700,0.500000,1.500000,2.500000
2529011400,0.500000,1.500000,2.500000
2535922400,0.500000,1.500000,2.500000
2538381900,0.500000,1.500000,2.500000
2539476700,0.500000,1.500000,2.500000
2548226600,0.500000,1.500000,2.500000
2549378300,0.500000,1.500000,2.500000
2554596000,0.500000,1.500000,2.500000
2555672700,0.500000,1.500000,2.500000
2557640700,0.500000,1.500000,2.500000
2558866500,0.500000,1.500000,2.500000
2561981099,0.500000,1.500000,2.500000
2563069400,0.500000,1.500000,2.500000
2564647600,0.500000,1.500000,2.500000
2566871200,0.500000,1.500000,2.500000
2568057399,0.500000,1.500000,2.500000
2570755900,0.500000,1.500000,2.500000
2572447100,0.500000,1.500000,2.500000
2574456100,0.500000,1.500000,2.500000
2582006800,0.500000,1.500000,2.500000
2583537800,0.500000,1.500000,2.500000
2592087000,0.500000,1.500000,2.500000
2593838400,0.500000,1.500000,2.500000
2596948500,0.500000,1.500000,2.500000
2598958700,0.500000,1.500000,2.500000
2600951600,0.500000,1.500000,2.500000
2603722900,0.500000,1.500000,2.500000
2605306299,0.500000,1.500000,2.500000
2607538700,0.500000,1.500000,2.500000
2608964700,0.500000,1.500000,2.500000
2611293800,0.500000,1.500000,2.500000
2612457300,0.500000,1.500000,2.500000
2614213400,0.500000,1.500000,2.500000
2619349300,0.500000,1.500000,2.500000
2620837500,0.500000,1.500000,2.500000
2627992800,0.500000,1.500000,2.500000
2629335400,0.500000,1.500000,2.500000
2632542200,0.500000,1.500000,2.500000
2635536600,0.500000,1.500000,2.500000
2637403700,0.500000,1.500000,2.500000
2638689500,0.500000,1.500000,2.500000
2642398600,0.500000,1.500000,2.500000
2644124500,0.500000,1.500000,2.500000
2645859300,0.500000,1.500000,2.500000
2647326000,0.500000,1.500000,2.500000
2649708100,0.500000,1.500000,2.500000
2651455600,0.500000,1.500000,2.500000
2658505800,0.500000,1.500000,2.500000
2665913700,0.500000,1.500000,2.500000
2667086500,0.500000,1.500000,2.500000
2668910200,0.500000,1.500000,2.500000
2671083000,0.500000,1.500000,2.500000
2674090800,0.500000,1.500000,2.500000
2675182600,0.500000,1.500000,2.500000
2676767100,0.500000,1.500000,2.500000
2678349400,0.500000,1.500000,2.500000
2679919700,0.500000,1.500000,2.500000
2681484100,0.500000,1.500000,2.500000
2683048200,0.500000,1.500000,2.500000
2684743000,0.500000,1.500000,2.500000
2686990900,0.500000,1.500000,2.500000
2688405100,0.500000,1.500000,2.500000
2691209100,0.500000,1.500000,2.500000
2692300100,0.500000,1.500000,2.500000
2694832200,0.500000,1.500000,2.500000
2695965000,0.500000,1.500000,2.500000
2697560800,0.500000,1.500000,2.500000
2699659400,0.500000,1.500000,2.500000
2707653200,0.500000,1.500000,2.500000
2709296600,0.500000,1.500000,2.500000
2715169700,0.500000,1.500000,2.500000
2716281400,0.500000,1.500000,2.500000
2722125000,0.500000,1.500000,2.500000
2723304500,0.500000,1.500000,2.500000
2726314200,0.500000,1.500000,2.500000
2727471700,0.500000,1.500000,2.500000
2729057700,0.500000,1.500000,2.500000
2731455500,0.500000,1.500000,2.500000
2733479400,0.500000,1.500000,2.500000
2737344700,0.500000,1.500000,2.500000
2738680600,0.500000,1.500000,2.500000
2740762200,0.500000,1.500000,2.500000
2743312300,0.500000,1.500000,2.500000
2745156400,0.500000,1.500000,2.500000
2746996500,0.500000,1.500000,2.500000
2753706900,0.500000,1.500000,2.500000
2754966400,0.500000,1.500000,2.500000
2762960100,0.500000,1.500000,2.500000
2764497300,0.500000,1.500000,2.500000
2767517000,0.500000,1.500000,2.500000
2768611300,0.500000,1.500000,2.500000
2771756699,0.500000,1.500000,2.500000
2772901100,0.500000,1.500000,2.500000
2774529900,0.500000,1.500000,2.500000
2776137700,0.500000,1.500000,2.500000
2778496099,0.500000,1.500000,2.500000
2781008700,0.500000,1.500000,2.500000
2782438300,0.500000,1.500000,2.500000
2784737400,0.500000,1.500000,2.500000
2785916300,0.500000,1.500000,2.500000
2787671900,0.500000,1.500000,2.500000
2789700700,0.500000,1.500000,2.500000
2792214300,0.500000,1.500000,2.500000
2794604900,0.500000,1.500000,2.500000
2795965400,0.500000,1.500000,2.500000
2801665300,0.500000,1.500000,2.500000
2803307900,0.500000,1.500000,2.500000
2812045300,0.500000,1.500000,2.500000
2813597899,0.500000,1.500000,2.500000
2816394400,0.500000,1.500000,2.500000
2819034300,0.500000,1.500000,2.500000
2820318000,0.500000,1.500000,2.500000
2821886700,0.500000,1.500000,2.500000
2823439500,0.500000,1.500000,2.500000
2825116700,0.500000,1.500000,2.500000
2826794100,0.500000,1.500000,2.500000
2830084100,0.500000,1.500000,2.500000
2831447399,0.500000,1.500000,2.500000
2834072300,0.500000,1.500000,2.500000
2838194300,0.500000,1.500000,2.500000
2841858800,0.500000,1.500000,2.500000
2849314200,0.500000,1.500000,2.500000
2850645900,0.500000,1.500000,2.500000
2858295900,0.500000,1.500000,2.500000
2860331000,0.500000,1.500000,2.500000
2863807600,0.500000,1.500000,2.500000
2867536200,0.500000,1.500000,2.500000
2869160900,0.500000,1.500000,2.500000
2870751800,0.500000,1.500000,2.500000
2872366900,0.500000,1.500000,2.500000
2874084700,0.500000,1.500000,2.500000
2875791500,0.500000,1.500000,2.500000
2878578700,0.500000,1.500000,2.500000
2879690699,0.500000,1.500000,2.500000
2881608400,0.500000,1.500000,2.500000
2882997400,0.500000,1.500000,2.500000
2884630000,0.500000,1.500000,2.500000
2892159200,0.500000,1.500000,2.500000
2893217800,0.500000,1.500000,2.500000
2899339700,0.500000,1.500000,2.500000
2900975399,0.500000,1.500000,2.500000
2904486999,0.500000,1.500000,2.500000
2905651200,0.500000,1.500000,2.500000
2907742000,0.500000,1.500000,2.500000
2909209200,0.500000,1.500000,2.500000
2911576100,0.500000,1.500000,2.500000
2913347600,0.500000,1.500000,2.500000
2915171200,0.500000,1.500000,2.500000
2916763500,0.500000,1.500000,2.500000
2918508100,0.500000,1.500000,2.500000
2920221700,0.500000,1.500000,2.500000
2923256300,0.500000,1.500000,2.500000
2924487000,0.500000,1.500000,2.500000
2927664500,0.500000,1.500000,2.500000
2929313300,0.500000,1.500000,2.500000
2930885600,0.500000,1.500000,2.500000
2932546600,0.500000,1.500000,2.500000
2935296600,0.500000,1.500000,2.500000
2940865600,0.500000,1.500000,2.500000
2948034100,0.500000,1.500000,2.500000
2952298000,0.500000,1.500000,2.500000
2953871300,0.500000,1.500000,2.500000
2957004000,0.500000,1.500000,2.500000
2958192100,0.500000,1.500000,2.500000
2959753000,0.500000,1.500000,2.500000
2961419500,0.500000,1.500000,2.500000
2962972600,0.500000,1.500000,2.500000
2964506900,0.500000,1.500000,2.500000
2966133900,0.500000,1.500000,2.500000
2967880700,0.500000,1.500000,2.500000
2971963900,0.500000,1.500000,2.500000
2973457800,0.500000,1.500000,2.500000
2975369300,0.500000,1.500000,2.500000
2977146700,0.500000,1.500000,2.500000
2979372800,0.500000,1.500000,2.500000
2980877800,0.500000,1.500000,2.500000
2986673500,0.500000,1.500000,2.500000
2987847700,0.500000,1.500000,2.500000
2989406100,0.500000,1.500000,2.500000
2996637800,0.500000,1.500000,2.500000
3000276800,0.500000,1.500000,2.500000
3001329500,0.500000,1.500000,2.500000
3003092700,0.500000,1.500000,2.500000
3004662900,0.500000,1.500000,2.500000
3006238500,0.500000,1.500000,2.500000
3007865400,0.500000,1.500000,2.500000
3009426399,0.500000,1.500000,2.500000
3010997600,0.500000,1.500000,2.500000
3012632600,0.500000,1.500000,2.500000
3014860600,0.500000,1.500000,2.500000
3018199100,0.500000,1.500000,2.500000
3019282600,0.500000,1.500000,2.500000
3020849500,0.500000,1.500000,2.500000
3024639900,0.500000,1.500000,2.500000
3026890600,0.500000,1.500000,2.500000
3031775900,0.500000,1.500000,2.500000
3039074700,0.500000,1.500000,2.500000
3041023500,0.500000,1.500000,2.500000
3044417100,0.500000,1.500000,2.500000
3045691700,0.500000,1.500000,2.500000
3047545400,0.500000,1.500000,2.500000
3048630600,0.500000,1.500000,2.500000
3050195000,0.500000,1.500000,2.500000
3051843300,0.500000,1.500000,2.500000
3053528200,0.500000,1.500000,2.500000
3055142200,0.500000,1.500000,2.500000
3056735199,0.500000,1.500000,2.500000
3058334500,0.500000,1.500000,2.500000
3060097200,0.500000,1.500000,2.500000
3062282500,0.500000,1.500000,2.500000
3063816400,0.500000,1.500000,2.500000
3065927700,0.500000,1.500000,2.500000
3067597400,0.500000,1.500000,2.500000
3069267200,0.500000,1.500000,2.500000
3072771700,0.500000,1.500000,2.500000
3074182600,0.500000,1.500000,2.500000
3079578900,0.500000,1.500000,2.500000
