timestamp	ch1	ch2	ch3
00:00:00.000	1.323810	1.324542	1.336996
00:00:00.001	1.311355	1.309158	1.318681
00:00:00.001	1.321612	1.327473	1.328938
00:00:00.001	1.311355	1.320879	1.317949
00:00:00.002	1.305495	1.312821	1.323077
00:00:00.002	1.312821	1.318681	1.330403
00:00:00.005	1.312821	1.316484	1.314286
00:00:00.005	1.307692	1.320879	1.295238
00:00:00.005	1.302564	1.320147	1.302564
00:00:00.005	1.306227	1.320879	1.308425
00:00:00.005	1.304029	1.318681	1.304029
00:00:00.005	1.309890	1.320147	1.306227
00:00:00.007	1.312088	1.317949	1.319414
00:00:00.007	1.320147	1.317216	1.340659
00:00:00.007	1.317949	1.303297	1.338462
00:00:00.007	1.329670	1.319414	1.335531
00:00:00.007	1.330403	1.321612	1.331868
00:00:00.007	1.330403	1.318681	1.320879
00:00:00.007	1.312088	1.322344	1.321612
00:00:00.007	1.309158	1.316484	1.314286
00:00:00.008	1.308425	1.323810	1.313553
00:00:00.012	1.304029	1.321612	1.310623
00:00:00.012	1.297436	1.316484	1.304029
00:00:00.012	1.298168	1.308425	1.308425
00:00:00.012	1.333333	1.325275	1.338462
00:00:00.012	1.313553	1.320147	1.311355
00:00:00.012	1.312088	1.326007	1.310623
00:00:00.012	1.309890	1.320879	1.315018
00:00:00.012	1.295238	1.306960	1.300366
00:00:00.012	1.306227	1.320879	1.320147
00:00:00.012	1.296703	1.313553	1.314286
00:00:00.012	1.317949	1.326007	1.320147
00:00:00.012	1.318681	1.311355	1.321612
00:00:00.012	1.319414	1.313553	1.342857
00:00:00.014	1.322344	1.320147	1.328938
00:00:00.014	1.323077	1.325275	1.326740
00:00:00.014	1.320147	1.317216	1.325275
00:00:00.014	1.301832	1.308425	1.316484
00:00:00.014	1.315751	1.323810	1.320879
00:00:00.014	1.318681	1.323810	1.315018
00:00:00.015	1.295238	1.316484	1.312821
00:00:00.015	1.304762	1.312088	1.306227
00:00:00.015	1.317949	1.326007	1.320879
00:00:00.016	1.310623	1.315018	1.311355
00:00:00.016	1.323077	1.319414	1.323810
00:00:00.017	1.326740	1.325275	1.341392
00:00:00.017	1.315018	1.323810	1.330403
00:00:00.017	1.295971	1.313553	1.313553
00:00:00.018	1.312088	1.311355	1.312088
00:00:00.018	1.310623	1.312088	1.306960
00:00:00.050	1.300366	1.318681	1.318681
00:00:00.051	1.312088	1.325275	1.321612
00:00:00.051	1.315751	1.321612	1.321612
00:00:00.051	1.302564	1.314286	1.315751
00:00:00.052	1.299634	1.313553	1.313553
00:00:00.052	1.310623	1.321612	1.320879
00:00:00.052	1.312821	1.317949	1.317949
00:00:00.053	1.311355	1.322344	1.316484
00:00:00.053	1.307692	1.316484	1.312821
00:00:00.053	1.309158	1.314286	1.311355
00:00:00.054	1.317949	1.325275	1.323810
00:00:00.054	1.318681	1.321612	1.320147
00:00:00.054	1.317949	1.320879	1.319414
00:00:00.055	1.312088	1.312088	1.316484
00:00:00.055	1.319414	1.320147	1.323810
00:00:00.056	1.320147	1.324542	1.316484
00:00:00.056	1.313553	1.326007	1.315018
00:00:00.056	1.304762	1.309890	1.315018
00:00:00.057	1.310623	1.323810	1.326740
00:00:00.057	1.312821	1.319414	1.323810
00:00:00.057	1.304029	1.312821	1.312821
00:00:00.058	1.304762	1.312821	1.318681
00:00:00.058	1.314286	1.323810	1.336996
00:00:00.058	1.309158	1.320147	1.328205
00:00:00.059	1.315018	1.321612	1.317216
00:00:00.059	1.307692	1.313553	1.308425
00:00:00.059	1.307692	1.311355	1.309890
00:00:00.060	1.312821	1.324542	1.323077
00:00:00.060	1.318681	1.323077	1.321612
00:00:00.061	1.311355	1.317216	1.319414
00:00:00.061	1.309158	1.317949	1.320147
00:00:00.061	1.306960	1.315751	1.317949
00:00:00.062	1.313553	1.322344	1.328938
00:00:00.062	1.299634	1.311355	1.317949
00:00:00.062	1.301832	1.315018	1.310623
00:00:00.063	1.298901	1.319414	1.309158
00:00:00.063	1.313553	1.326007	1.314286
00:00:00.063	1.306960	1.314286	1.308425
00:00:00.064	1.309890	1.314286	1.314286
00:00:00.064	1.316484	1.326007	1.334066
00:00:00.064	1.317949	1.325275	1.323810
00:00:00.065	1.315751	1.323810	1.322344
00:00:00.065	1.319414	1.325275	1.328205
00:00:00.066	1.306227	1.324542	1.329670
00:00:00.066	1.310623	1.317949	1.319414
00:00:00.066	1.326740	1.320147	1.320879
00:00:00.067	1.317949	1.318681	1.305495
00:00:00.067	1.321612	1.321612	1.309890
00:00:00.068	1.320879	1.325275	1.307692
00:00:00.068	1.316484	1.320879	1.298168
00:00:00.102	1.315751	1.312821	1.305495
00:00:00.102	1.310623	1.311355	1.317949
00:00:00.102	1.315751	1.318681	1.317216
00:00:00.102	1.312088	1.311355	1.312821
00:00:00.102	1.304029	1.313553	1.318681
00:00:00.102	1.309158	1.319414	1.314286
00:00:00.102	1.297436	1.320147	1.323810
00:00:00.102	1.316484	1.317949	1.317949
00:00:00.103	1.315751	1.312821	1.318681
00:00:00.103	1.315018	1.321612	1.323077
00:00:00.104	1.300366	1.315751	1.317949
00:00:00.104	1.309158	1.312821	1.311355
00:00:00.104	1.307692	1.312821	1.319414
00:00:00.108	1.312821	1.315751	1.325275
00:00:00.108	1.309890	1.320147	1.315751
00:00:00.108	1.309158	1.314286	1.315751
00:00:00.108	1.303297	1.319414	1.326740
00:00:00.108	1.312088	1.325275	1.326007
00:00:00.108	1.298901	1.313553	1.316484
00:00:00.108	1.312088	1.320147	1.317216
00:00:00.108	1.296703	1.309158	1.315751
00:00:00.108	1.322344	1.325275	1.326740
00:00:00.108	1.331136	1.327473	1.326007
00:00:00.108	1.319414	1.325275	1.323810
00:00:00.109	1.315018	1.321612	1.318681
00:00:00.109	1.294505	1.308425	1.302564
00:00:00.109	1.320147	1.324542	1.323810
00:00:00.110	1.315018	1.316484	1.313553
00:00:00.110	1.315018	1.325275	1.323077
00:00:00.110	1.317949	1.326007	1.328205
00:00:00.111	1.308425	1.317216	1.321612
00:00:00.111	1.306960	1.312821	1.313553
00:00:00.111	1.303297	1.315018	1.318681
00:00:00.112	1.314286	1.326007	1.326007
00:00:00.112	1.304762	1.320879	1.328205
00:00:00.112	1.290110	1.309158	1.312821
00:00:00.113	1.315018	1.327473	1.317949
00:00:00.113	1.314286	1.317216	1.307692
00:00:00.114	1.333333	1.321612	1.322344
00:00:00.114	1.316484	1.313553	1.317216
00:00:00.114	1.301099	1.310623	1.321612
00:00:00.115	1.306227	1.320147	1.327473
00:00:00.115	1.279853	1.316484	1.318681
00:00:00.115	1.295238	1.322344	1.326007
00:00:00.116	1.310623	1.321612	1.323077
00:00:00.116	1.327473	1.315018	1.312821
00:00:00.116	1.346520	1.319414	1.320147
00:00:00.117	1.327473	1.321612	1.317216
00:00:00.117	1.346520	1.324542	1.328938
00:00:00.117	1.365568	1.316484	1.321612
00:00:00.150	1.344322	1.323077	1.312088
00:00:00.150	1.290842	1.312821	1.298901
00:00:00.150	1.280586	1.308425	1.299634
00:00:00.151	1.305495	1.320147	1.315018
00:00:00.151	1.305495	1.313553	1.312821
00:00:00.151	1.310623	1.315018	1.313553
00:00:00.152	1.299634	1.315751	1.315018
00:00:00.152	1.320879	1.319414	1.323810
00:00:00.153	1.316484	1.324542	1.323810
00:00:00.154	1.309158	1.322344	1.317216
00:00:00.154	1.306227	1.321612	1.323810
00:00:00.154	1.310623	1.327473	1.315018
00:00:00.154	1.290110	1.323810	1.315751
00:00:00.154	1.281319	1.312088	1.315018
00:00:00.155	1.288645	1.296703	1.312088
00:00:00.155	1.298168	1.258608	1.330403
00:00:00.155	1.310623	1.278388	1.333333
00:00:00.156	1.328938	1.293773	1.327473
00:00:00.156	1.349451	1.314286	1.325275
00:00:00.157	1.406593	1.327473	1.326007
00:00:00.157	1.420513	1.351648	1.331136
00:00:00.157	1.378755	1.386081	1.323077
00:00:00.158	1.348718	1.385348	1.308425
00:00:00.158	1.315018	1.373626	1.299634
00:00:00.158	1.212454	1.350916	1.316484
00:00:00.159	1.205861	1.312821	1.320147
00:00:00.159	1.205128	1.287912	1.304029
00:00:00.159	1.257875	1.286447	1.308425
00:00:00.160	1.304762	1.308425	1.326007
00:00:00.160	1.306227	1.307692	1.317216
00:00:00.160	1.311355	1.307692	1.308425
00:00:00.161	1.336264	1.317216	1.331868
00:00:00.161	1.332601	1.313553	1.323810
00:00:00.162	1.329670	1.315018	1.323810
00:00:00.162	1.329670	1.315751	1.321612
00:00:00.162	1.315751	1.315751	1.320147
00:00:00.163	1.300366	1.309890	1.317216
00:00:00.163	1.300366	1.309890	1.314286
00:00:00.163	1.323810	1.324542	1.323810
00:00:00.165	1.315018	1.312821	1.309158
00:00:00.165	1.296703	1.316484	1.311355
00:00:00.165	1.293040	1.315751	1.309158
00:00:00.168	1.315751	1.320879	1.317949
00:00:00.168	1.322344	1.328205	1.326740
00:00:00.168	1.312088	1.317216	1.318681
00:00:00.168	1.339194	1.319414	1.338462
00:00:00.168	1.370696	1.323810	1.345055
00:00:00.168	1.344322	1.320879	1.337729
00:00:00.168	1.312088	1.311355	1.314286
00:00:00.168	1.289377	1.320147	1.305495
00:00:00.199	1.303297	1.319414	1.332601
00:00:00.200	1.320879	1.323077	1.328938
00:00:00.200	1.319414	1.321612	1.323810
00:00:00.204	1.331868	1.316484	1.306227
00:00:00.204	1.332601	1.318681	1.304029
00:00:00.204	1.320879	1.324542	1.311355
00:00:00.204	1.270330	1.321612	1.317216
00:00:00.204	1.268864	1.323077	1.317216
00:00:00.204	1.287912	1.315018	1.302564
00:00:00.204	1.310623	1.323077	1.295238
00:00:00.204	1.303297	1.320879	1.293773
00:00:00.204	1.312088	1.323077	1.329670
00:00:00.204	1.310623	1.314286	1.331136
00:00:00.204	1.304762	1.316484	1.328205
00:00:00.204	1.314286	1.318681	1.307692
00:00:00.205	1.328938	1.318681	1.353114
00:00:00.206	1.344322	1.318681	1.373626
00:00:00.206	1.335531	1.320147	1.358974
00:00:00.206	1.328205	1.321612	1.334799
00:00:00.206	1.317216	1.317216	1.318681
00:00:00.207	1.316484	1.323077	1.317949
00:00:00.207	1.307692	1.312821	1.303297
00:00:00.207	1.303297	1.313553	1.306227
00:00:00.208	1.307692	1.324542	1.313553
00:00:00.208	1.307692	1.324542	1.311355
00:00:00.208	1.309158	1.315751	1.304029
00:00:00.209	1.295971	1.312088	1.309158
00:00:00.209	1.306227	1.320147	1.318681
00:00:00.209	1.282784	1.327473	1.317949
00:00:00.210	1.257875	1.320147	1.316484
00:00:00.210	1.250549	1.313553	1.309890
00:00:00.211	1.286447	1.320147	1.319414
00:00:00.211	1.314286	1.319414	1.318681
00:00:00.211	1.340659	1.318681	1.320147
00:00:00.212	1.382418	1.318681	1.319414
00:00:00.212	1.449817	1.318681	1.316484
00:00:00.212	1.439560	1.320147	1.320879
00:00:00.213	1.331868	1.321612	1.315018
00:00:00.213	1.271062	1.319414	1.319414
00:00:00.213	1.260806	1.315751	1.323810
00:00:00.214	1.275458	1.318681	1.317949
00:00:00.214	1.279853	1.318681	1.315018
00:00:00.215	1.298901	1.334066	1.336996
00:00:00.215	1.308425	1.323077	1.319414
00:00:00.215	1.350183	1.326740	1.323810
00:00:00.216	1.328205	1.316484	1.315751
00:00:00.216	1.328205	1.330403	1.323810
00:00:00.216	1.310623	1.326007	1.323810
00:00:00.217	1.306227	1.321612	1.319414
00:00:00.217	1.306227	1.322344	1.322344
00:00:00.249	1.311355	1.317949	1.318681
00:00:00.250	1.319414	1.323077	1.326740
00:00:00.250	1.311355	1.319414	1.319414
00:00:00.250	1.312821	1.323077	1.322344
00:00:00.251	1.315018	1.320879	1.323077
00:00:00.251	1.300366	1.314286	1.316484
00:00:00.251	1.316484	1.324542	1.323810
00:00:00.252	1.313553	1.325275	1.323810
00:00:00.252	1.299634	1.311355	1.315751
00:00:00.252	1.300366	1.317216	1.317216
00:00:00.253	1.312088	1.320147	1.314286
00:00:00.253	1.320147	1.323810	1.323077
00:00:00.254	1.317949	1.323810	1.323810
00:00:00.254	1.297436	1.326740	1.323810
00:00:00.254	1.260806	1.319414	1.317949
00:00:00.255	1.249084	1.326007	1.332601
00:00:00.255	1.287912	1.327473	1.334066
00:00:00.255	1.340659	1.306227	1.332601
00:00:00.256	1.393407	1.254212	1.321612
00:00:00.256	1.511355	1.266667	1.318681
00:00:00.256	1.482784	1.292308	1.323810
00:00:00.257	1.257875	1.317949	1.298901
00:00:00.257	1.172894	1.336264	1.301832
00:00:00.258	1.175824	1.367766	1.308425
00:00:00.258	1.294505	1.399267	1.310623
00:00:00.258	1.337729	1.416850	1.320879
00:00:00.259	1.305495	1.373626	1.315751
00:00:00.259	1.312088	1.326740	1.323077
00:00:00.259	1.387546	1.304762	1.328205
00:00:00.260	1.379487	1.312088	1.328205
00:00:00.260	1.289377	1.312821	1.317949
00:00:00.260	1.332601	1.309158	1.323810
00:00:00.261	1.346520	1.302564	1.329670
00:00:00.261	1.309158	1.312088	1.328205
00:00:00.261	1.296703	1.313553	1.323077
00:00:00.264	1.273260	1.312821	1.310623
00:00:00.264	1.292308	1.308425	1.302564
00:00:00.264	1.312821	1.312821	1.317216
00:00:00.264	1.320879	1.318681	1.323810
00:00:00.264	1.317216	1.321612	1.330403
00:00:00.264	1.315751	1.323810	1.330403
00:00:00.264	1.308425	1.314286	1.313553
00:00:00.264	1.304762	1.322344	1.323810
00:00:00.269	1.273993	1.317216	1.320147
00:00:00.269	1.293040	1.326007	1.326007
00:00:00.269	1.318681	1.322344	1.323810
00:00:00.269	1.331868	1.321612	1.321612
00:00:00.269	1.321612	1.312821	1.306227
00:00:00.269	1.342125	1.323077	1.319414
00:00:00.269	1.333333	1.311355	1.312088
00:00:00.300	1.339194	1.323077	1.318681
00:00:00.300	1.311355	1.323077	1.316484
00:00:00.300	1.288645	1.313553	1.314286
00:00:00.300	1.314286	1.318681	1.317949
00:00:00.300	1.323810	1.311355	1.320147
00:00:00.301	1.317949	1.323077	1.319414
00:00:00.302	1.296703	1.317216	1.315751
00:00:00.302	1.316484	1.323810	1.319414
00:00:00.302	1.321612	1.315751	1.304029
00:00:00.302	1.332601	1.324542	1.323810
00:00:00.303	1.305495	1.315018	1.326007
00:00:00.303	1.306227	1.317949	1.312821
00:00:00.303	1.299634	1.322344	1.321612
00:00:00.304	1.302564	1.320879	1.322344
00:00:00.304	1.306960	1.320879	1.333333
00:00:00.304	1.305495	1.322344	1.330403
00:00:00.305	1.305495	1.318681	1.326007
00:00:00.305	1.297436	1.324542	1.320147
00:00:00.305	1.292308	1.323077	1.316484
00:00:00.306	1.290842	1.317216	1.317216
00:00:00.306	1.334799	1.325275	1.308425
00:00:00.306	1.351648	1.312088	1.293773
00:00:00.307	1.358242	1.316484	1.308425
00:00:00.307	1.401465	1.323077	1.323810
00:00:00.308	1.372161	1.323810	1.337729
00:00:00.308	1.323810	1.310623	1.335531
00:00:00.308	1.247619	1.326007	1.338462
00:00:00.309	1.185348	1.309158	1.306227
00:00:00.309	1.167033	1.315018	1.323077
00:00:00.309	1.257875	1.312821	1.309158
00:00:00.310	1.273993	1.309890	1.309890
00:00:00.310	1.320147	1.320147	1.319414
00:00:00.310	1.345788	1.326740	1.323810
00:00:00.311	1.383883	1.323810	1.317949
00:00:00.311	1.360440	1.306960	1.308425
00:00:00.312	1.334799	1.317216	1.333333
00:00:00.312	1.372894	1.324542	1.323077
00:00:00.312	1.331136	1.309890	1.310623
00:00:00.313	1.304029	1.306227	1.304029
00:00:00.313	1.326007	1.324542	1.326740
00:00:00.313	1.296703	1.320879	1.326007
00:00:00.314	1.291575	1.320879	1.322344
00:00:00.314	1.280586	1.328205	1.320147
00:00:00.314	1.270330	1.312088	1.312088
00:00:00.315	1.273260	1.314286	1.313553
00:00:00.315	1.265934	1.323810	1.319414
00:00:00.315	1.294505	1.328205	1.323810
00:00:00.316	1.322344	1.328205	1.328205
00:00:00.316	1.307692	1.323810	1.330403
00:00:00.317	1.276190	1.317949	1.319414
00:00:00.349	1.411722	1.323077	1.323077
00:00:00.349	1.521612	1.331868	1.336264
00:00:00.349	1.474725	1.319414	1.317949
00:00:00.350	1.338462	1.320147	1.304762
00:00:00.350	1.345788	1.322344	1.313553
00:00:00.351	1.200733	1.321612	1.312088
00:00:00.351	1.175092	1.320879	1.307692
00:00:00.351	1.115751	1.323077	1.329670
00:00:00.352	1.259341	1.312821	1.319414
00:00:00.352	1.360440	1.317949	1.307692
00:00:00.352	1.446154	1.318681	1.312088
00:00:00.353	1.424176	1.311355	1.320879
00:00:00.353	1.360440	1.322344	1.334066
00:00:00.353	1.328938	1.324542	1.326740
00:00:00.354	1.258608	1.317949	1.322344
00:00:00.354	1.264469	1.326007	1.326007
00:00:00.354	1.271795	1.313553	1.317949
00:00:00.355	1.276923	1.317949	1.323810
00:00:00.355	1.309158	1.317949	1.326007
00:00:00.357	1.352381	1.321612	1.317949
00:00:00.357	1.347253	1.312821	1.307692
00:00:00.357	1.271795	1.316484	1.323810
00:00:00.358	1.290842	1.323810	1.315018
00:00:00.358	1.318681	1.323077	1.309158
00:00:00.358	1.337729	1.321612	1.312821
00:00:00.359	1.319414	1.323077	1.322344
00:00:00.359	1.295238	1.312821	1.315751
00:00:00.359	1.305495	1.321612	1.323810
00:00:00.359	1.314286	1.324542	1.328205
00:00:00.359	1.332601	1.327473	1.333333
00:00:00.359	1.349451	1.314286	1.331868
00:00:00.360	1.334799	1.260806	1.320879
00:00:00.360	1.309890	1.248352	1.309158
00:00:00.365	1.294505	1.297436	1.316484
00:00:00.365	1.245421	1.326007	1.312821
00:00:00.365	1.235897	1.336264	1.309158
00:00:00.365	1.225641	1.329670	1.308425
00:00:00.365	1.319414	1.364103	1.323810
00:00:00.365	1.361172	1.404396	1.318681
00:00:00.365	1.353846	1.378755	1.312088
00:00:00.365	1.342857	1.323810	1.326007
00:00:00.365	1.334799	1.317949	1.317949
00:00:00.365	1.339927	1.311355	1.311355
00:00:00.365	1.332601	1.337729	1.317949
00:00:00.365	1.327473	1.347253	1.313553
00:00:00.365	1.299634	1.350183	1.323810
00:00:00.365	1.300366	1.318681	1.327473
00:00:00.366	1.300366	1.296703	1.320879
00:00:00.366	1.301099	1.298168	1.317216
00:00:00.366	1.298901	1.299634	1.321612
00:00:00.398	1.306960	1.307692	1.326007
00:00:00.399	1.332601	1.313553	1.332601
00:00:00.399	1.329670	1.315751	1.328938
00:00:00.400	1.329670	1.306227	1.328938
00:00:00.400	1.325275	1.316484	1.334066
00:00:00.400	1.327473	1.319414	1.327473
00:00:00.401	1.275458	1.312821	1.314286
00:00:00.401	1.233700	1.306960	1.304029
00:00:00.401	1.249084	1.318681	1.309890
00:00:00.402	1.276923	1.331136	1.318681
00:00:00.402	1.320147	1.329670	1.317216
00:00:00.402	1.324542	1.312821	1.300366
00:00:00.403	1.323810	1.309158	1.318681
00:00:00.403	1.426374	1.316484	1.323810
00:00:00.404	1.468132	1.312088	1.318681
00:00:00.404	1.469597	1.300366	1.323077
00:00:00.404	1.304762	1.316484	1.333333
00:00:00.405	1.149451	1.301832	1.296703
00:00:00.405	1.273260	1.311355	1.308425
00:00:00.405	1.332601	1.323810	1.330403
00:00:00.406	1.328205	1.332601	1.328938
00:00:00.406	1.312088	1.326007	1.318681
00:00:00.406	1.329670	1.320879	1.326740
00:00:00.407	1.312088	1.325275	1.329670
00:00:00.407	1.305495	1.326007	1.320879
00:00:00.407	1.315018	1.319414	1.317216
00:00:00.408	1.282051	1.312821	1.304029
00:00:00.408	1.218315	1.313553	1.312088
00:00:00.409	1.316484	1.312821	1.309890
00:00:00.409	1.389744	1.331868	1.333333
00:00:00.409	1.388278	1.326007	1.331136
00:00:00.410	1.312088	1.318681	1.303297
00:00:00.410	1.258608	1.316484	1.306227
00:00:00.410	1.249084	1.317949	1.323810
00:00:00.411	1.198535	1.323810	1.330403
00:00:00.411	1.268864	1.320879	1.318681
00:00:00.411	1.315018	1.315751	1.318681
00:00:00.412	1.333333	1.317949	1.323810
00:00:00.412	1.334066	1.315018	1.320879
00:00:00.412	1.315018	1.323077	1.332601
00:00:00.413	1.276923	1.320147	1.322344
00:00:00.413	1.329670	1.317216	1.317949
00:00:00.414	1.331136	1.319414	1.310623
00:00:00.415	1.293040	1.321612	1.300366
00:00:00.415	1.277656	1.320879	1.294505
00:00:00.415	1.295971	1.323077	1.290842
00:00:00.415	1.318681	1.312821	1.291575
00:00:00.415	1.322344	1.307692	1.284249
00:00:00.416	1.343590	1.318681	1.307692
00:00:00.416	1.387546	1.315018	1.347253
00:00:00.448	1.364835	1.312088	1.353846
00:00:00.449	1.332601	1.323077	1.375824
00:00:00.449	1.300366	1.312088	1.355311
00:00:00.449	1.392674	1.320147	1.377289
00:00:00.450	1.297436	1.320147	1.328205
00:00:00.450	1.268864	1.319414	1.293040
00:00:00.450	1.271062	1.317949	1.285714
00:00:00.451	1.260806	1.321612	1.304762
00:00:00.451	1.261538	1.320879	1.306227
00:00:00.451	1.292308	1.323810	1.323810
00:00:00.452	1.305495	1.314286	1.309890
00:00:00.452	1.338462	1.318681	1.312821
00:00:00.454	1.378755	1.310623	1.306227
00:00:00.454	1.320147	1.318681	1.306227
00:00:00.454	1.318681	1.317216	1.304762
00:00:00.456	1.326007	1.322344	1.332601
00:00:00.456	1.333333	1.319414	1.328205
00:00:00.456	1.347985	1.315751	1.300366
00:00:00.456	1.380952	1.317216	1.323810
00:00:00.456	1.369963	1.318681	1.363370
00:00:00.456	1.282051	1.309890	1.328205
00:00:00.456	1.256410	1.312821	1.298168
00:00:00.456	1.231502	1.319414	1.304762
00:00:00.456	1.293040	1.323810	1.309158
00:00:00.461	1.309158	1.313553	1.305495
00:00:00.461	1.313553	1.319414	1.320879
00:00:00.461	1.323810	1.318681	1.331868
00:00:00.461	1.351648	1.328205	1.331136
00:00:00.461	1.351648	1.326740	1.328205
00:00:00.461	1.305495	1.323077	1.313553
00:00:00.461	1.333333	1.320147	1.311355
00:00:00.461	1.266667	1.306960	1.307692
00:00:00.461	1.301099	1.317949	1.317216
00:00:00.461	1.309158	1.323077	1.323810
00:00:00.461	1.424176	1.318681	1.327473
00:00:00.461	1.394139	1.304029	1.317216
00:00:00.461	1.283516	1.318681	1.326740
00:00:00.462	1.158242	1.316484	1.322344
00:00:00.463	1.257875	1.317949	1.323077
00:00:00.463	1.271795	1.323077	1.319414
00:00:00.463	1.270330	1.320879	1.316484
00:00:00.463	1.285714	1.309890	1.312088
00:00:00.463	1.345055	1.330403	1.323810
00:00:00.464	1.381685	1.330403	1.327473
00:00:00.464	1.389011	1.320879	1.318681
00:00:00.464	1.372161	1.319414	1.321612
00:00:00.465	1.260073	1.307692	1.305495
00:00:00.465	1.310623	1.306960	1.311355
00:00:00.465	1.330403	1.251282	1.330403
00:00:00.466	1.274725	1.258608	1.332601
00:00:00.499	1.238095	1.281319	1.312088
00:00:00.499	1.278388	1.312821	1.312821
00:00:00.499	1.376557	1.330403	1.319414
00:00:00.499	1.293040	1.378755	1.315751
00:00:00.499	1.257875	1.400733	1.300366
00:00:00.500	1.285714	1.422711	1.311355
00:00:00.500	1.310623	1.358974	1.313553
00:00:00.501	1.298168	1.308425	1.318681
00:00:00.501	1.338462	1.312088	1.326007
00:00:00.501	1.347253	1.315018	1.326007
00:00:00.502	1.348718	1.299634	1.323077
00:00:00.502	1.360440	1.310623	1.325275
00:00:00.502	1.314286	1.306227	1.308425
00:00:00.503	1.238828	1.309158	1.310623
00:00:00.503	1.289377	1.311355	1.307692
00:00:00.503	1.320879	1.304762	1.312088
00:00:00.504	1.333333	1.317216	1.334799
00:00:00.504	1.300366	1.310623	1.329670
00:00:00.504	1.292308	1.306960	1.328205
00:00:00.505	1.383150	1.317949	1.335531
00:00:00.505	1.379487	1.320879	1.326007
00:00:00.506	1.275458	1.321612	1.309890
00:00:00.506	1.243956	1.321612	1.317949
00:00:00.506	1.252747	1.315751	1.319414
00:00:00.507	1.308425	1.318681	1.323810
00:00:00.507	1.361172	1.318681	1.311355
00:00:00.507	1.345788	1.311355	1.310623
00:00:00.508	1.340659	1.323810	1.315018
00:00:00.508	1.349451	1.320879	1.316484
00:00:00.508	1.325275	1.320879	1.323810
00:00:00.509	1.317949	1.310623	1.311355
00:00:00.509	1.317949	1.320879	1.309890
00:00:00.509	1.317949	1.320879	1.317949
00:00:00.510	1.312088	1.315751	1.321612
00:00:00.510	1.314286	1.313553	1.320879
00:00:00.511	1.300366	1.315018	1.320147
00:00:00.511	1.313553	1.324542	1.330403
00:00:00.511	1.306227	1.326740	1.326007
00:00:00.512	1.315751	1.324542	1.326740
00:00:00.512	1.316484	1.328205	1.330403
00:00:00.512	1.311355	1.324542	1.323810
00:00:00.513	1.314286	1.320147	1.329670
00:00:00.513	1.309890	1.313553	1.313553
00:00:00.513	1.304762	1.323810	1.320147
00:00:00.514	1.296703	1.315751	1.315018
00:00:00.514	1.300366	1.310623	1.311355
00:00:00.514	1.298168	1.322344	1.323810
00:00:00.516	1.289377	1.312821	1.306960
00:00:00.516	1.301832	1.317949	1.316484
00:00:00.516	1.319414	1.315018	1.298901
00:00:00.548	1.329670	1.309158	1.298901
00:00:00.548	1.375824	1.321612	1.326740
00:00:00.548	1.396337	1.325275	1.343590
00:00:00.550	1.384615	1.323077	1.332601
00:00:00.550	1.397802	1.312821	1.323077
00:00:00.551	1.331868	1.323077	1.327473
00:00:00.551	1.216117	1.318681	1.310623
00:00:00.551	1.137729	1.323810	1.312088
00:00:00.551	1.235165	1.320147	1.305495
00:00:00.551	1.279853	1.318681	1.314286
00:00:00.551	1.242491	1.311355	1.311355
00:00:00.555	1.267399	1.320879	1.312088
00:00:00.555	1.290842	1.320879	1.309158
00:00:00.555	1.293040	1.317216	1.316484
00:00:00.555	1.285714	1.311355	1.323810
00:00:00.555	1.347253	1.328205	1.342125
00:00:00.555	1.436630	1.327473	1.339194
00:00:00.555	1.394139	1.311355	1.318681
00:00:00.555	1.301099	1.309158	1.312088
00:00:00.555	1.430769	1.318681	1.319414
00:00:00.555	1.382418	1.312821	1.306960
00:00:00.555	1.294505	1.320147	1.319414
00:00:00.556	1.272527	1.319414	1.323810
00:00:00.556	1.273260	1.321612	1.317216
00:00:00.556	1.286447	1.316484	1.317216
00:00:00.557	1.334799	1.312821	1.328205
00:00:00.557	1.441026	1.323077	1.320879
00:00:00.557	1.347985	1.308425	1.297436
00:00:00.558	1.252747	1.307692	1.285714
00:00:00.558	1.240293	1.318681	1.306227
00:00:00.559	1.284982	1.320879	1.314286
00:00:00.559	1.315018	1.323077	1.330403
00:00:00.559	1.318681	1.318681	1.328938
00:00:00.560	1.326007	1.323077	1.330403
00:00:00.560	1.309158	1.325275	1.323810
00:00:00.560	1.256410	1.323077	1.310623
00:00:00.561	1.313553	1.328205	1.323077
00:00:00.561	1.296703	1.324542	1.323810
00:00:00.561	1.305495	1.325275	1.326740
00:00:00.562	1.315018	1.327473	1.329670
00:00:00.562	1.303297	1.320147	1.330403
00:00:00.562	1.330403	1.313553	1.326740
00:00:00.563	1.375824	1.311355	1.316484
00:00:00.563	1.339194	1.326007	1.314286
00:00:00.564	1.356777	1.322344	1.308425
00:00:00.564	1.245421	1.318681	1.290110
00:00:00.564	1.230769	1.315751	1.290842
00:00:00.565	1.273993	1.319414	1.321612
00:00:00.565	1.300366	1.317216	1.339194
00:00:00.565	1.322344	1.317216	1.330403
00:00:00.598	1.282784	1.317949	1.320879
00:00:00.598	1.313553	1.319414	1.320879
00:00:00.598	1.320879	1.323810	1.336264
00:00:00.599	1.295238	1.323077	1.323077
00:00:00.599	1.262271	1.313553	1.303297
00:00:00.599	1.295238	1.323810	1.319414
00:00:00.600	1.339194	1.317216	1.313553
00:00:00.600	1.375824	1.326007	1.313553
00:00:00.600	1.389744	1.324542	1.313553
00:00:00.601	1.410256	1.316484	1.312088
00:00:00.601	1.409524	1.312821	1.311355
00:00:00.601	1.348718	1.320879	1.315018
00:00:00.602	1.319414	1.326740	1.321612
00:00:00.602	1.276190	1.319414	1.318681
00:00:00.603	1.240293	1.318681	1.319414
00:00:00.603	1.230769	1.307692	1.311355
00:00:00.603	1.291575	1.314286	1.317949
00:00:00.604	1.326007	1.323810	1.326007
00:00:00.604	1.323810	1.321612	1.317949
00:00:00.604	1.314286	1.316484	1.307692
00:00:00.605	1.309158	1.324542	1.316484
00:00:00.605	1.294505	1.315751	1.306960
00:00:00.605	1.304762	1.323810	1.340659
00:00:00.606	1.328205	1.327473	1.359707
00:00:00.606	1.326007	1.320147	1.340659
00:00:00.606	1.323810	1.317216	1.311355
00:00:00.607	1.312088	1.318681	1.315751
00:00:00.607	1.308425	1.319414	1.323077
00:00:00.608	1.330403	1.326007	1.320147
00:00:00.608	1.326007	1.325275	1.312088
00:00:00.608	1.310623	1.311355	1.300366
00:00:00.609	1.300366	1.319414	1.312821
00:00:00.609	1.307692	1.326740	1.300366
00:00:00.609	1.313553	1.320147	1.321612
00:00:00.610	1.315751	1.320879	1.331136
00:00:00.610	1.300366	1.315018	1.320879
00:00:00.610	1.293773	1.320879	1.322344
00:00:00.611	1.309158	1.326740	1.323077
00:00:00.612	1.313553	1.326740	1.322344
00:00:00.612	1.308425	1.321612	1.320879
00:00:00.612	1.342125	1.313553	1.307692
00:00:00.612	1.382418	1.312088	1.319414
00:00:00.613	1.334066	1.328938	1.334066
00:00:00.613	1.281319	1.323810	1.332601
00:00:00.613	1.293773	1.318681	1.311355
00:00:00.616	1.345788	1.312821	1.315751
00:00:00.616	1.338462	1.320147	1.317216
00:00:00.616	1.268864	1.317216	1.304762
00:00:00.616	1.235897	1.318681	1.300366
00:00:00.616	1.358242	1.323077	1.309890
00:00:00.648	1.350183	1.320879	1.312821
00:00:00.648	1.313553	1.317949	1.319414
00:00:00.648	1.242491	1.318681	1.317216
00:00:00.648	1.147985	1.316484	1.312088
00:00:00.652	1.312821	1.320879	1.319414
00:00:00.652	1.397070	1.323810	1.325275
00:00:00.652	1.449817	1.316484	1.318681
00:00:00.652	1.378755	1.320879	1.314286
00:00:00.652	1.353114	1.310623	1.300366
00:00:00.652	1.393407	1.305495	1.366300
00:00:00.652	1.405861	1.285714	1.347253
00:00:00.652	1.331868	1.246154	1.332601
00:00:00.652	1.386081	1.265934	1.318681
00:00:00.652	1.241026	1.298901	1.293040
00:00:00.652	0.945788	1.306960	1.276923
00:00:00.653	1.004396	1.341392	1.289377
00:00:00.653	1.320147	1.391209	1.315751
00:00:00.653	1.449817	1.421245	1.323077
00:00:00.654	1.449817	1.429304	1.331868
00:00:00.654	1.411722	1.341392	1.318681
00:00:00.654	1.226374	1.296703	1.303297
00:00:00.656	1.147985	1.286447	1.296703
00:00:00.656	1.249817	1.296703	1.315751
00:00:00.656	1.347985	1.291575	1.315018
00:00:00.656	1.386813	1.304762	1.326007
00:00:00.656	1.374359	1.322344	1.329670
00:00:00.657	1.366300	1.318681	1.331136
00:00:00.657	1.365568	1.316484	1.328938
00:00:00.657	1.375824	1.309890	1.317216
00:00:00.658	1.328938	1.306960	1.314286
00:00:00.658	1.303297	1.321612	1.329670
00:00:00.658	1.262271	1.326740	1.337729
00:00:00.659	1.232967	1.320879	1.331136
00:00:00.659	1.244689	1.316484	1.309158
00:00:00.659	1.338462	1.313553	1.311355
00:00:00.660	1.354579	1.323077	1.312088
00:00:00.660	1.356044	1.306960	1.306227
00:00:00.661	1.371429	1.320147	1.319414
00:00:00.661	1.325275	1.310623	1.311355
00:00:00.661	1.312088	1.317949	1.323810
00:00:00.662	1.298168	1.307692	1.311355
00:00:00.662	1.307692	1.318681	1.315018
00:00:00.662	1.300366	1.311355	1.317216
00:00:00.663	1.284249	1.317216	1.331868
00:00:00.663	1.316484	1.324542	1.338462
00:00:00.663	1.343590	1.322344	1.331868
00:00:00.664	1.316484	1.322344	1.318681
00:00:00.664	1.295238	1.317216	1.317949
00:00:00.664	1.309890	1.321612	1.323810
00:00:00.665	1.323077	1.324542	1.321612
00:00:00.697	1.317216	1.321612	1.316484
00:00:00.697	1.300366	1.314286	1.317949
00:00:00.698	1.310623	1.319414	1.317216
00:00:00.698	1.315018	1.321612	1.317216
00:00:00.699	1.315018	1.325275	1.323810
00:00:00.699	1.303297	1.315018	1.314286
00:00:00.699	1.310623	1.317949	1.320879
00:00:00.700	1.308425	1.320147	1.318681
00:00:00.700	1.306227	1.321612	1.317949
00:00:00.700	1.312088	1.322344	1.316484
00:00:00.701	1.304762	1.312088	1.302564
00:00:00.701	1.304029	1.307692	1.304029
00:00:00.701	1.313553	1.321612	1.315018
00:00:00.702	1.320147	1.322344	1.317949
00:00:00.702	1.298168	1.313553	1.313553
00:00:00.702	1.306227	1.324542	1.342857
00:00:00.703	1.296703	1.313553	1.323810
00:00:00.704	1.303297	1.316484	1.315751
00:00:00.704	1.309890	1.313553	1.327473
00:00:00.704	1.334799	1.325275	1.337729
00:00:00.704	1.310623	1.314286	1.318681
00:00:00.705	1.313553	1.315018	1.310623
00:00:00.705	1.315751	1.312088	1.306227
00:00:00.705	1.320147	1.322344	1.323810
00:00:00.706	1.327473	1.323810	1.316484
00:00:00.706	1.316484	1.324542	1.317949
00:00:00.706	1.315751	1.314286	1.309890
00:00:00.708	1.351648	1.325275	1.319414
00:00:00.708	1.327473	1.325275	1.329670
00:00:00.708	1.307692	1.325275	1.336264
00:00:00.708	1.309158	1.325275	1.333333
00:00:00.708	1.341392	1.322344	1.319414
00:00:00.709	1.322344	1.313553	1.310623
00:00:00.709	1.232967	1.317216	1.312821
00:00:00.709	1.136264	1.312088	1.299634
00:00:00.712	1.235897	1.325275	1.316484
00:00:00.712	1.329670	1.326740	1.321612
00:00:00.712	1.392674	1.322344	1.323810
00:00:00.712	1.424908	1.320879	1.327473
00:00:00.712	1.353114	1.313553	1.329670
00:00:00.712	1.320147	1.323810	1.339194
00:00:00.712	1.338462	1.318681	1.326740
00:00:00.712	1.379487	1.316484	1.328205
00:00:00.712	1.385348	1.320147	1.311355
00:00:00.717	1.331136	1.322344	1.309890
00:00:00.717	1.288645	1.326740	1.315751
00:00:00.717	1.258608	1.334066	1.327473
00:00:00.717	1.201465	1.324542	1.317216
00:00:00.717	1.171429	1.306227	1.297436
00:00:00.717	1.268864	1.311355	1.290110
00:00:00.749	1.288645	1.308425	1.296703
00:00:00.749	1.333333	1.315751	1.327473
00:00:00.749	1.391209	1.323810	1.327473
00:00:00.749	1.425641	1.323810	1.336264
00:00:00.749	1.446886	1.328205	1.331136
00:00:00.749	1.351648	1.325275	1.322344
00:00:00.749	1.349451	1.320879	1.323810
00:00:00.750	1.289377	1.321612	1.326740
00:00:00.750	1.246154	1.323810	1.329670
00:00:00.750	1.279121	1.319414	1.315751
00:00:00.750	1.290110	1.320879	1.309158
00:00:00.751	1.300366	1.324542	1.320879
00:00:00.751	1.317216	1.331136	1.326007
00:00:00.751	1.224176	1.325275	1.323810
00:00:00.752	1.315018	1.323810	1.336264
00:00:00.752	1.331136	1.323077	1.333333
00:00:00.753	1.397802	1.317949	1.308425
00:00:00.753	1.287912	1.309890	1.293040
00:00:00.753	1.324542	1.314286	1.302564
00:00:00.754	1.328205	1.312088	1.309890
00:00:00.754	1.319414	1.320147	1.310623
00:00:00.754	1.317949	1.320147	1.315018
00:00:00.755	1.323077	1.326740	1.326007
00:00:00.755	1.314286	1.326740	1.298901
00:00:00.755	1.304762	1.320879	1.347253
00:00:00.756	1.309158	1.327473	1.409524
00:00:00.756	1.326740	1.312821	1.355311
00:00:00.757	1.326007	1.326007	1.315751
00:00:00.757	1.315751	1.320147	1.295971
00:00:00.757	1.316484	1.319414	1.301832
00:00:00.758	1.310623	1.317216	1.299634
00:00:00.758	1.310623	1.323077	1.322344
00:00:00.758	1.319414	1.324542	1.320879
00:00:00.759	1.312088	1.322344	1.312088
00:00:00.759	1.310623	1.314286	1.309158
00:00:00.760	1.297436	1.311355	1.317216
00:00:00.760	1.312088	1.326740	1.323810
00:00:00.760	1.311355	1.323077	1.312088
00:00:00.760	1.303297	1.310623	1.310623
00:00:00.761	1.312088	1.323077	1.315018
00:00:00.761	1.318681	1.321612	1.326007
00:00:00.762	1.311355	1.309158	1.314286
00:00:00.762	1.330403	1.324542	1.323077
00:00:00.762	1.338462	1.323077	1.315018
00:00:00.763	1.368498	1.316484	1.312821
00:00:00.763	1.369963	1.312821	1.342857
00:00:00.763	1.230037	1.317949	1.326007
00:00:00.764	1.179487	1.313553	1.312821
00:00:00.764	1.276190	1.318681	1.314286
00:00:00.764	1.321612	1.311355	1.332601
