timestamp	ch1	ch2	ch3
00:00:00.000	1.315018	1.333333	1.326007
00:00:00.003	1.323810	1.328205	1.328205
00:00:00.003	1.315018	1.317216	1.328938
00:00:00.003	1.334066	1.314286	1.315018
00:00:00.003	1.330403	1.321612	1.320879
00:00:00.003	1.324542	1.323077	1.327473
00:00:00.003	1.308425	1.320879	1.328205
00:00:00.003	1.300366	1.312821	1.322344
00:00:00.003	1.309158	1.324542	1.323810
00:00:00.003	1.314286	1.319414	1.316484
00:00:00.004	1.317949	1.319414	1.321612
00:00:00.004	1.307692	1.315751	1.318681
00:00:00.004	1.296703	1.310623	1.312821
00:00:00.005	1.306960	1.316484	1.320879
00:00:00.005	1.304762	1.312088	1.323077
00:00:00.006	1.305495	1.320147	1.323810
00:00:00.006	1.287912	1.311355	1.311355
00:00:00.006	1.315751	1.327473	1.317949
00:00:00.007	1.305495	1.312088	1.301832
00:00:00.007	1.304029	1.310623	1.290110
00:00:00.007	1.318681	1.316484	1.303297
00:00:00.008	1.342125	1.325275	1.304029
00:00:00.008	1.363370	1.317216	1.304762
00:00:00.008	1.287179	1.316484	1.316484
00:00:00.009	1.189744	1.320147	1.322344
00:00:00.009	1.296703	1.317216	1.348718
00:00:00.010	1.338462	1.319414	1.363370
00:00:00.010	1.375824	1.320879	1.378755
00:00:00.010	1.381685	1.323077	1.330403
00:00:00.011	1.331136	1.308425	1.274725
00:00:00.011	1.326007	1.329670	1.307692
00:00:00.011	1.306960	1.320879	1.311355
00:00:00.012	1.306960	1.320879	1.320879
00:00:00.012	1.300366	1.323810	1.312088
00:00:00.012	1.307692	1.318681	1.309158
00:00:00.013	1.311355	1.317949	1.309158
00:00:00.013	1.304029	1.312821	1.317216
00:00:00.014	1.313553	1.326007	1.326007
00:00:00.014	1.304762	1.312821	1.344322
00:00:00.014	1.309158	1.323077	1.337729
00:00:00.015	1.315751	1.326007	1.312821
00:00:00.015	1.305495	1.323077	1.351648
00:00:00.015	1.246154	1.328938	1.333333
00:00:00.016	1.250549	1.324542	1.304029
00:00:00.016	1.289377	1.314286	1.296703
00:00:00.016	1.339194	1.328205	1.306960
00:00:00.017	1.354579	1.312821	1.304762
00:00:00.017	1.397070	1.323810	1.323810
00:00:00.017	1.384615	1.313553	1.321612
00:00:00.050	1.344322	1.323810	1.315751
00:00:00.050	1.271062	1.319414	1.289377
00:00:00.050	1.248352	1.316484	1.290842
00:00:00.051	1.295238	1.318681	1.313553
00:00:00.051	1.321612	1.319414	1.318681
00:00:00.051	1.343590	1.322344	1.359707
00:00:00.052	1.350183	1.315751	1.397802
00:00:00.052	1.326740	1.321612	1.402198
00:00:00.052	1.309158	1.325275	1.336264
00:00:00.053	1.307692	1.322344	1.311355
00:00:00.053	1.309158	1.320879	1.303297
00:00:00.054	1.326740	1.310623	1.293773
00:00:00.054	1.324542	1.318681	1.317216
00:00:00.054	1.310623	1.326740	1.313553
00:00:00.055	1.320879	1.329670	1.298168
00:00:00.055	1.312088	1.314286	1.297436
00:00:00.055	1.278388	1.317949	1.310623
00:00:00.056	1.273993	1.313553	1.308425
00:00:00.056	1.294505	1.324542	1.304029
00:00:00.056	1.314286	1.329670	1.308425
00:00:00.057	1.298901	1.312088	1.300366
00:00:00.057	1.309158	1.320147	1.303297
00:00:00.057	1.322344	1.313553	1.346520
00:00:00.058	1.326007	1.314286	1.347253
00:00:00.058	1.328205	1.319414	1.323810
00:00:00.059	1.341392	1.326007	1.312821
00:00:00.059	1.315018	1.317949	1.299634
00:00:00.059	1.304762	1.312088	1.292308
00:00:00.061	1.297436	1.310623	1.312821
00:00:00.061	1.308425	1.323077	1.323810
00:00:00.061	1.311355	1.321612	1.326007
00:00:00.062	1.317949	1.322344	1.343590
00:00:00.062	1.320879	1.317949	1.342857
00:00:00.062	1.297436	1.312821	1.345788
00:00:00.063	1.320147	1.323810	1.333333
00:00:00.063	1.317949	1.323810	1.309890
00:00:00.063	1.323077	1.320879	1.313553
00:00:00.063	1.315018	1.310623	1.310623
00:00:00.063	1.318681	1.318681	1.325275
00:00:00.067	1.315018	1.325275	1.320879
00:00:00.067	1.311355	1.323077	1.309158
00:00:00.067	1.297436	1.311355	1.300366
00:00:00.067	1.282784	1.313553	1.310623
00:00:00.067	1.300366	1.321612	1.318681
00:00:00.067	1.315018	1.328205	1.323810
00:00:00.067	1.330403	1.317216	1.316484
00:00:00.067	1.320879	1.307692	1.315018
00:00:00.068	1.311355	1.318681	1.317216
00:00:00.068	1.317949	1.323077	1.322344
00:00:00.068	1.317949	1.322344	1.320147
00:00:00.099	1.322344	1.317949	1.319414
00:00:00.100	1.300366	1.309890	1.313553
00:00:00.100	1.303297	1.318681	1.315018
00:00:00.100	1.281319	1.317949	1.320879
00:00:00.101	1.290110	1.317216	1.317216
00:00:00.101	1.301099	1.315751	1.306227
00:00:00.102	1.323810	1.317216	1.323810
00:00:00.102	1.347253	1.319414	1.320879
00:00:00.102	1.341392	1.316484	1.319414
00:00:00.103	1.317216	1.317216	1.318681
00:00:00.103	1.312088	1.317949	1.312821
00:00:00.103	1.306227	1.317949	1.309890
00:00:00.104	1.297436	1.321612	1.309158
00:00:00.104	1.298168	1.320879	1.304029
00:00:00.104	1.304029	1.320879	1.320147
00:00:00.105	1.316484	1.322344	1.328938
00:00:00.105	1.336264	1.323810	1.351648
00:00:00.105	1.332601	1.320147	1.347253
00:00:00.106	1.318681	1.312821	1.338462
00:00:00.106	1.306227	1.315018	1.309890
00:00:00.107	1.296703	1.328938	1.320147
00:00:00.107	1.290842	1.320879	1.311355
00:00:00.107	1.308425	1.319414	1.327473
00:00:00.108	1.310623	1.314286	1.318681
00:00:00.108	1.306227	1.321612	1.298168
00:00:00.108	1.299634	1.328205	1.290842
00:00:00.109	1.300366	1.322344	1.289377
00:00:00.109	1.314286	1.308425	1.300366
00:00:00.109	1.324542	1.313553	1.323810
00:00:00.110	1.356044	1.322344	1.372894
00:00:00.110	1.402198	1.313553	1.331136
00:00:00.110	1.380952	1.313553	1.312821
00:00:00.111	1.216850	1.326740	1.314286
00:00:00.111	1.222711	1.323810	1.303297
00:00:00.112	1.301832	1.320147	1.298901
00:00:00.112	1.360440	1.312088	1.308425
00:00:00.112	1.349451	1.317949	1.306960
00:00:00.113	1.337729	1.328938	1.356044
00:00:00.113	1.342857	1.319414	1.330403
00:00:00.113	1.329670	1.323077	1.323077
00:00:00.114	1.350183	1.329670	1.342857
00:00:00.114	1.301099	1.313553	1.317949
00:00:00.114	1.321612	1.304762	1.332601
00:00:00.115	1.326007	1.326740	1.323810
00:00:00.115	1.262271	1.322344	1.305495
00:00:00.115	1.257875	1.314286	1.323810
00:00:00.116	1.290110	1.312088	1.312088
00:00:00.116	1.273260	1.320879	1.336264
00:00:00.117	1.295971	1.320147	1.323810
00:00:00.117	1.323810	1.318681	1.309890
00:00:00.149	1.333333	1.323810	1.314286
00:00:00.149	1.326007	1.328205	1.305495
00:00:00.151	1.312821	1.323077	1.299634
00:00:00.151	1.302564	1.317216	1.298901
00:00:00.151	1.312088	1.325275	1.328938
00:00:00.151	1.312088	1.319414	1.320147
00:00:00.151	1.328938	1.309158	1.321612
00:00:00.152	1.331136	1.314286	1.347253
00:00:00.152	1.314286	1.320879	1.358242
00:00:00.153	1.318681	1.326007	1.329670
00:00:00.153	1.313553	1.318681	1.309890
00:00:00.153	1.309890	1.310623	1.308425
00:00:00.153	1.317216	1.319414	1.312821
00:00:00.154	1.303297	1.312088	1.306227
00:00:00.154	1.312088	1.319414	1.309158
00:00:00.154	1.293040	1.306960	1.302564
00:00:00.155	1.315751	1.328205	1.317949
00:00:00.155	1.318681	1.325275	1.323810
00:00:00.160	1.312088	1.316484	1.302564
00:00:00.160	1.308425	1.304762	1.311355
00:00:00.160	1.322344	1.323077	1.330403
00:00:00.160	1.301099	1.311355	1.320879
00:00:00.160	1.298901	1.309890	1.300366
00:00:00.160	1.320147	1.326740	1.312088
00:00:00.160	1.316484	1.323077	1.317216
00:00:00.160	1.309158	1.309890	1.314286
00:00:00.160	1.307692	1.314286	1.317949
00:00:00.160	1.301832	1.306960	1.326007
00:00:00.160	1.314286	1.312821	1.317949
00:00:00.160	1.317216	1.317216	1.316484
00:00:00.160	1.322344	1.326007	1.325275
00:00:00.160	1.309158	1.320147	1.326007
00:00:00.163	1.315018	1.327473	1.321612
00:00:00.163	1.316484	1.331136	1.322344
00:00:00.163	1.317949	1.328205	1.318681
00:00:00.163	1.313553	1.317949	1.308425
00:00:00.163	1.323077	1.328938	1.327473
00:00:00.163	1.318681	1.325275	1.330403
00:00:00.163	1.315018	1.320147	1.313553
00:00:00.163	1.305495	1.312088	1.311355
00:00:00.163	1.309158	1.318681	1.324542
00:00:00.164	1.310623	1.314286	1.312088
00:00:00.164	1.327473	1.317949	1.321612
00:00:00.165	1.296703	1.316484	1.313553
00:00:00.165	1.318681	1.328205	1.332601
00:00:00.165	1.316484	1.323077	1.329670
00:00:00.166	1.295238	1.313553	1.288645
00:00:00.166	1.287179	1.311355	1.292308
00:00:00.166	1.312088	1.320879	1.332601
00:00:00.167	1.325275	1.320147	1.350183
00:00:00.199	1.323810	1.324542	1.341392
00:00:00.199	1.311355	1.317216	1.312088
00:00:00.200	1.311355	1.321612	1.309158
00:00:00.200	1.329670	1.318681	1.323810
00:00:00.200	1.319414	1.320147	1.330403
00:00:00.201	1.322344	1.316484	1.312821
00:00:00.201	1.324542	1.309890	1.286447
00:00:00.201	1.332601	1.314286	1.304029
00:00:00.202	1.312821	1.315018	1.306960
00:00:00.203	1.292308	1.320879	1.312088
00:00:00.203	1.286447	1.318681	1.298901
00:00:00.203	1.293040	1.313553	1.274725
00:00:00.203	1.309158	1.333333	1.328205
00:00:00.204	1.268864	1.322344	1.326007
00:00:00.204	1.298901	1.317949	1.343590
00:00:00.204	1.329670	1.317216	1.361172
00:00:00.205	1.326740	1.326007	1.355311
00:00:00.205	1.356777	1.326740	1.334066
00:00:00.205	1.438828	1.322344	1.329670
00:00:00.206	1.380220	1.309890	1.329670
00:00:00.206	1.315018	1.321612	1.355311
00:00:00.206	1.268864	1.327473	1.326007
00:00:00.207	1.254945	1.322344	1.280586
00:00:00.207	1.279853	1.312088	1.276923
00:00:00.207	1.293773	1.315751	1.286447
00:00:00.208	1.315751	1.322344	1.293773
00:00:00.208	1.306227	1.315018	1.294505
00:00:00.209	1.328938	1.325275	1.341392
00:00:00.209	1.345788	1.323077	1.347253
00:00:00.209	1.312088	1.313553	1.344322
00:00:00.210	1.344322	1.326740	1.365568
00:00:00.210	1.334066	1.314286	1.322344
00:00:00.210	1.317949	1.309890	1.308425
00:00:00.211	1.299634	1.321612	1.316484
00:00:00.211	1.290110	1.326007	1.317216
00:00:00.211	1.281319	1.318681	1.314286
00:00:00.212	1.292308	1.322344	1.319414
00:00:00.212	1.310623	1.323810	1.320879
00:00:00.213	1.305495	1.320147	1.306960
00:00:00.213	1.307692	1.315751	1.313553
00:00:00.213	1.376557	1.323810	1.327473
00:00:00.214	1.378022	1.317949	1.322344
00:00:00.214	1.249817	1.311355	1.312088
00:00:00.214	1.171429	1.307692	1.294505
00:00:00.215	1.246886	1.323077	1.306960
00:00:00.215	1.299634	1.325275	1.317216
00:00:00.215	1.301099	1.315018	1.305495
00:00:00.216	1.309890	1.314286	1.315018
00:00:00.216	1.330403	1.325275	1.302564
00:00:00.216	1.337729	1.325275	1.312088
00:00:00.249	1.331136	1.313553	1.332601
00:00:00.249	1.358974	1.326740	1.356044
00:00:00.249	1.353114	1.321612	1.336264
00:00:00.250	1.331136	1.311355	1.345788
00:00:00.250	1.314286	1.315018	1.334066
00:00:00.250	1.315018	1.322344	1.323810
00:00:00.251	1.307692	1.316484	1.314286
00:00:00.251	1.314286	1.315751	1.312821
00:00:00.254	1.305495	1.307692	1.304762
00:00:00.254	1.292308	1.310623	1.300366
00:00:00.254	1.303297	1.328205	1.306227
00:00:00.254	1.301832	1.324542	1.304762
00:00:00.254	1.290110	1.315018	1.284249
00:00:00.254	1.297436	1.312821	1.287912
00:00:00.254	1.320879	1.323810	1.338462
00:00:00.254	1.336264	1.324542	1.339194
00:00:00.255	1.342125	1.320879	1.350916
00:00:00.255	1.339927	1.313553	1.355311
00:00:00.255	1.332601	1.320879	1.337729
00:00:00.255	1.319414	1.318681	1.316484
00:00:00.256	1.312088	1.314286	1.320147
00:00:00.259	1.307692	1.316484	1.316484
00:00:00.259	1.273260	1.310623	1.306227
00:00:00.259	1.288645	1.326740	1.307692
00:00:00.259	1.298901	1.323810	1.314286
00:00:00.259	1.313553	1.310623	1.313553
00:00:00.259	1.320879	1.319414	1.334799
00:00:00.259	1.317216	1.326007	1.328205
00:00:00.259	1.325275	1.321612	1.309158
00:00:00.259	1.338462	1.323810	1.315751
00:00:00.259	1.320147	1.324542	1.328938
00:00:00.260	1.302564	1.309890	1.326007
00:00:00.260	1.304029	1.324542	1.320879
00:00:00.260	1.320147	1.323077	1.313553
00:00:00.261	1.342857	1.323077	1.327473
00:00:00.261	1.309158	1.315751	1.305495
00:00:00.262	1.293773	1.313553	1.309890
00:00:00.262	1.309158	1.320147	1.297436
00:00:00.262	1.312821	1.322344	1.289377
00:00:00.263	1.323810	1.312821	1.321612
00:00:00.263	1.306960	1.309890	1.326740
00:00:00.263	1.329670	1.320879	1.331136
00:00:00.264	1.331136	1.327473	1.328938
00:00:00.264	1.316484	1.317949	1.310623
00:00:00.264	1.297436	1.312088	1.311355
00:00:00.265	1.273260	1.318681	1.320147
00:00:00.265	1.283516	1.323810	1.313553
00:00:00.265	1.308425	1.328938	1.318681
00:00:00.266	1.316484	1.315751	1.319414
00:00:00.266	1.317216	1.309158	1.320147
00:00:00.298	1.297436	1.316484	1.323810
00:00:00.299	1.297436	1.326007	1.323810
00:00:00.299	1.286447	1.310623	1.319414
00:00:00.299	1.306227	1.315018	1.312088
00:00:00.300	1.319414	1.321612	1.315751
00:00:00.300	1.337729	1.315751	1.308425
00:00:00.301	1.349451	1.321612	1.334799
00:00:00.301	1.294505	1.317949	1.331868
00:00:00.301	1.298168	1.328205	1.314286
00:00:00.302	1.313553	1.319414	1.300366
00:00:00.302	1.332601	1.320147	1.330403
00:00:00.302	1.323077	1.315018	1.304762
00:00:00.303	1.367033	1.314286	1.313553
00:00:00.303	1.354579	1.318681	1.341392
00:00:00.303	1.303297	1.314286	1.328205
00:00:00.304	1.287179	1.318681	1.307692
00:00:00.304	1.281319	1.322344	1.300366
00:00:00.305	1.293773	1.317216	1.308425
00:00:00.305	1.309890	1.315751	1.346520
00:00:00.305	1.345055	1.328938	1.381685
00:00:00.306	1.341392	1.320147	1.350916
00:00:00.306	1.326740	1.314286	1.316484
00:00:00.306	1.307692	1.313553	1.306227
00:00:00.307	1.313553	1.318681	1.315751
00:00:00.307	1.323077	1.326007	1.317949
00:00:00.307	1.301832	1.320879	1.303297
00:00:00.308	1.291575	1.318681	1.304762
00:00:00.308	1.294505	1.316484	1.305495
00:00:00.308	1.305495	1.322344	1.304762
00:00:00.309	1.308425	1.323077	1.320147
00:00:00.309	1.295238	1.311355	1.314286
00:00:00.310	1.301832	1.321612	1.322344
00:00:00.310	1.323810	1.316484	1.312821
00:00:00.310	1.323077	1.312821	1.304029
00:00:00.311	1.312088	1.320147	1.318681
00:00:00.311	1.298901	1.326740	1.321612
00:00:00.311	1.283516	1.309890	1.310623
00:00:00.312	1.293040	1.314286	1.313553
00:00:00.312	1.312821	1.315751	1.314286
00:00:00.313	1.307692	1.323810	1.315018
00:00:00.313	1.293040	1.326740	1.309158
00:00:00.313	1.268864	1.317949	1.304762
00:00:00.313	1.312088	1.328938	1.326007
00:00:00.314	1.315751	1.323077	1.342125
00:00:00.314	1.345055	1.318681	1.325275
00:00:00.315	1.318681	1.308425	1.315751
00:00:00.315	1.312088	1.321612	1.338462
00:00:00.315	1.348718	1.326740	1.342125
00:00:00.317	1.361905	1.316484	1.349451
00:00:00.317	1.356044	1.312821	1.323810
00:00:00.349	1.360440	1.323077	1.318681
00:00:00.350	1.232234	1.321612	1.312821
00:00:00.350	1.243956	1.323810	1.306960
00:00:00.350	1.315018	1.317216	1.323810
00:00:00.350	1.326740	1.326007	1.340659
00:00:00.350	1.324542	1.326007	1.334799
00:00:00.350	1.325275	1.323077	1.320147
00:00:00.352	1.321612	1.323077	1.313553
00:00:00.352	1.293040	1.317949	1.295971
00:00:00.352	1.301832	1.323810	1.307692
00:00:00.352	1.303297	1.319414	1.308425
00:00:00.352	1.291575	1.305495	1.300366
00:00:00.352	1.303297	1.309890	1.293773
00:00:00.356	1.309158	1.315751	1.298168
00:00:00.356	1.325275	1.324542	1.339927
00:00:00.356	1.325275	1.320147	1.347253
00:00:00.356	1.317216	1.323810	1.338462
00:00:00.356	1.295971	1.315751	1.330403
00:00:00.356	1.318681	1.315018	1.349451
00:00:00.356	1.331868	1.326007	1.326007
00:00:00.356	1.321612	1.319414	1.299634
00:00:00.356	1.302564	1.306960	1.293773
00:00:00.356	1.317216	1.324542	1.309158
00:00:00.356	1.321612	1.323077	1.334799
00:00:00.358	1.323077	1.315018	1.339927
00:00:00.358	1.318681	1.323077	1.339194
00:00:00.358	1.293773	1.309158	1.304762
00:00:00.358	1.317949	1.312088	1.315751
00:00:00.358	1.323810	1.326007	1.318681
00:00:00.359	1.310623	1.315751	1.306227
00:00:00.360	1.300366	1.313553	1.298168
00:00:00.360	1.304762	1.324542	1.331136
00:00:00.360	1.305495	1.327473	1.319414
00:00:00.360	1.306227	1.325275	1.300366
00:00:00.360	1.299634	1.307692	1.290842
00:00:00.361	1.309158	1.312821	1.317216
00:00:00.361	1.320879	1.323077	1.330403
00:00:00.361	1.315018	1.310623	1.312821
00:00:00.362	1.316484	1.321612	1.328938
00:00:00.362	1.304029	1.312821	1.323810
00:00:00.363	1.306960	1.315751	1.316484
00:00:00.363	1.325275	1.327473	1.342125
00:00:00.363	1.327473	1.324542	1.331868
00:00:00.364	1.299634	1.321612	1.318681
00:00:00.364	1.282784	1.314286	1.304029
00:00:00.364	1.272527	1.314286	1.317216
00:00:00.365	1.268864	1.326007	1.319414
00:00:00.365	1.285714	1.317216	1.300366
00:00:00.365	1.284249	1.311355	1.295971
00:00:00.366	1.310623	1.311355	1.292308
00:00:00.398	1.373626	1.323810	1.328205
00:00:00.398	1.351648	1.321612	1.318681
00:00:00.399	1.341392	1.323810	1.320147
00:00:00.399	1.329670	1.315018	1.352381
00:00:00.399	1.351648	1.314286	1.368498
00:00:00.400	1.364103	1.304762	1.347253
00:00:00.400	1.344322	1.314286	1.306227
00:00:00.400	1.345055	1.315018	1.282051
00:00:00.401	1.354579	1.323077	1.296703
00:00:00.401	1.287912	1.317216	1.293773
00:00:00.402	1.266667	1.323810	1.314286
00:00:00.402	1.293040	1.331868	1.312088
00:00:00.402	1.303297	1.324542	1.342125
00:00:00.403	1.313553	1.326007	1.345055
00:00:00.403	1.294505	1.313553	1.308425
00:00:00.403	1.284982	1.319414	1.315018
00:00:00.404	1.293040	1.306227	1.306960
00:00:00.404	1.291575	1.312088	1.332601
00:00:00.404	1.300366	1.317949	1.317216
00:00:00.405	1.272527	1.323077	1.320879
00:00:00.405	1.263736	1.323810	1.333333
00:00:00.405	1.271795	1.314286	1.300366
00:00:00.406	1.292308	1.319414	1.296703
00:00:00.406	1.313553	1.326740	1.302564
00:00:00.407	1.342125	1.320879	1.304762
00:00:00.407	1.363370	1.309890	1.309158
00:00:00.407	1.375824	1.323077	1.299634
00:00:00.408	1.341392	1.310623	1.299634
00:00:00.408	1.335531	1.323077	1.357509
00:00:00.408	1.315751	1.315018	1.368498
00:00:00.409	1.301832	1.317216	1.338462
00:00:00.409	1.304762	1.321612	1.330403
00:00:00.409	1.332601	1.320879	1.347253
00:00:00.410	1.335531	1.310623	1.320147
00:00:00.410	1.301099	1.315018	1.307692
00:00:00.410	1.296703	1.327473	1.318681
00:00:00.413	1.309158	1.320879	1.317949
00:00:00.413	1.325275	1.320147	1.300366
00:00:00.413	1.353114	1.320147	1.306960
00:00:00.413	1.378022	1.323810	1.320147
00:00:00.413	1.266667	1.325275	1.309158
00:00:00.414	1.241026	1.315018	1.316484
00:00:00.414	1.232967	1.327473	1.333333
00:00:00.414	1.212454	1.309890	1.291575
00:00:00.414	1.301832	1.320147	1.323810
00:00:00.414	1.342857	1.320147	1.335531
00:00:00.414	1.354579	1.305495	1.301832
00:00:00.416	1.322344	1.327473	1.302564
00:00:00.416	1.287912	1.327473	1.296703
00:00:00.416	1.306227	1.322344	1.320147
00:00:00.448	1.325275	1.320879	1.336264
00:00:00.448	1.336264	1.320147	1.373626
00:00:00.448	1.320147	1.326740	1.342125
00:00:00.451	1.323077	1.315018	1.332601
00:00:00.451	1.344322	1.307692	1.313553
00:00:00.451	1.319414	1.320879	1.290842
00:00:00.451	1.317216	1.321612	1.294505
00:00:00.451	1.345788	1.320147	1.291575
00:00:00.451	1.314286	1.314286	1.289377
00:00:00.451	1.307692	1.324542	1.340659
00:00:00.451	1.326007	1.326740	1.370696
00:00:00.453	1.309890	1.328938	1.363370
00:00:00.453	1.301832	1.323077	1.328205
00:00:00.453	1.292308	1.314286	1.316484
00:00:00.453	1.297436	1.320879	1.310623
00:00:00.453	1.298901	1.322344	1.304762
00:00:00.453	1.309890	1.323810	1.306960
00:00:00.454	1.306227	1.312821	1.312821
00:00:00.454	1.292308	1.308425	1.301832
00:00:00.455	1.325275	1.322344	1.333333
00:00:00.455	1.331136	1.323077	1.332601
00:00:00.455	1.312088	1.315018	1.336996
00:00:00.456	1.321612	1.312821	1.336264
00:00:00.456	1.310623	1.322344	1.321612
00:00:00.456	1.311355	1.320147	1.320147
00:00:00.457	1.315018	1.314286	1.313553
00:00:00.457	1.312088	1.318681	1.321612
00:00:00.457	1.303297	1.312821	1.309890
00:00:00.458	1.303297	1.318681	1.320879
00:00:00.458	1.303297	1.321612	1.317216
00:00:00.458	1.307692	1.323810	1.310623
00:00:00.459	1.306960	1.318681	1.298168
00:00:00.459	1.307692	1.322344	1.323810
00:00:00.460	1.317949	1.323077	1.320147
00:00:00.460	1.331868	1.318681	1.306960
00:00:00.460	1.312821	1.310623	1.308425
00:00:00.461	1.320147	1.326007	1.322344
00:00:00.461	1.329670	1.320879	1.323077
00:00:00.461	1.325275	1.320147	1.317216
00:00:00.462	1.317216	1.309890	1.328205
00:00:00.462	1.306227	1.315751	1.342857
00:00:00.462	1.287912	1.326007	1.323810
00:00:00.463	1.286447	1.326007	1.313553
00:00:00.464	1.287912	1.309158	1.300366
00:00:00.464	1.319414	1.317949	1.314286
00:00:00.464	1.336996	1.325275	1.320147
00:00:00.464	1.367033	1.318681	1.312088
00:00:00.465	1.350183	1.317216	1.306960
00:00:00.465	1.338462	1.313553	1.339194
00:00:00.465	1.321612	1.323810	1.345055
00:00:00.497	1.298168	1.323810	1.311355
00:00:00.498	1.261538	1.313553	1.309158
00:00:00.498	1.276923	1.315018	1.309158
00:00:00.499	1.303297	1.319414	1.311355
00:00:00.499	1.287912	1.310623	1.295238
00:00:00.499	1.298168	1.320879	1.303297
00:00:00.500	1.321612	1.322344	1.318681
00:00:00.500	1.333333	1.319414	1.325275
00:00:00.500	1.327473	1.307692	1.341392
00:00:00.501	1.347253	1.327473	1.367033
00:00:00.501	1.339194	1.327473	1.354579
00:00:00.501	1.318681	1.322344	1.342125
00:00:00.502	1.308425	1.325275	1.323810
00:00:00.502	1.288645	1.317216	1.313553
00:00:00.503	1.306227	1.326740	1.308425
00:00:00.503	1.306960	1.321612	1.285714
00:00:00.503	1.310623	1.323810	1.306227
00:00:00.504	1.315751	1.317216	1.314286
00:00:00.504	1.317949	1.317216	1.309890
00:00:00.504	1.317216	1.317949	1.320147
00:00:00.505	1.298168	1.329670	1.320147
00:00:00.505	1.257875	1.328205	1.298901
00:00:00.505	1.263736	1.304029	1.286447
00:00:00.506	1.276923	1.326007	1.322344
00:00:00.506	1.282784	1.327473	1.317949
00:00:00.506	1.298901	1.318681	1.289377
00:00:00.507	1.343590	1.309890	1.323810
00:00:00.507	1.392674	1.322344	1.376557
00:00:00.509	1.394139	1.322344	1.364835
00:00:00.509	1.395604	1.309890	1.343590
00:00:00.509	1.394139	1.320879	1.303297
00:00:00.509	1.357509	1.336264	1.340659
00:00:00.509	1.290842	1.320879	1.323810
00:00:00.509	1.278388	1.309158	1.300366
00:00:00.510	1.308425	1.323810	1.317216
00:00:00.510	1.322344	1.316484	1.337729
00:00:00.510	1.312088	1.310623	1.333333
00:00:00.512	1.293040	1.315751	1.329670
00:00:00.512	1.257143	1.320147	1.312088
00:00:00.512	1.293773	1.323077	1.307692
00:00:00.512	1.335531	1.321612	1.308425
00:00:00.512	1.342857	1.318681	1.308425
00:00:00.516	1.320147	1.320879	1.310623
00:00:00.516	1.328938	1.323810	1.321612
00:00:00.516	1.298901	1.317949	1.317216
00:00:00.516	1.158974	1.323810	1.321612
00:00:00.516	1.177289	1.311355	1.291575
00:00:00.516	1.300366	1.315751	1.320147
00:00:00.516	1.386813	1.323810	1.328938
00:00:00.516	1.379487	1.319414	1.328205
00:00:00.548	1.358974	1.317216	1.323810
00:00:00.548	1.358974	1.325275	1.325275
00:00:00.548	1.300366	1.320147	1.306227
00:00:00.548	1.302564	1.326740	1.312821
00:00:00.549	1.317216	1.323810	1.312088
00:00:00.549	1.332601	1.324542	1.320879
00:00:00.549	1.294505	1.326740	1.323810
00:00:00.550	1.284982	1.321612	1.328205
00:00:00.550	1.305495	1.317216	1.323077
00:00:00.550	1.299634	1.312088	1.328938
00:00:00.551	1.352381	1.317949	1.323810
00:00:00.551	1.347253	1.313553	1.311355
00:00:00.552	1.370696	1.323077	1.317216
00:00:00.552	1.352381	1.312821	1.308425
00:00:00.552	1.328205	1.326007	1.323077
00:00:00.553	1.302564	1.320147	1.312088
00:00:00.553	1.296703	1.321612	1.318681
00:00:00.553	1.298168	1.315018	1.309890
00:00:00.554	1.295238	1.318681	1.317949
00:00:00.554	1.298901	1.326740	1.323810
00:00:00.554	1.311355	1.326007	1.321612
00:00:00.555	1.306227	1.323077	1.328205
00:00:00.555	1.316484	1.322344	1.322344
00:00:00.555	1.300366	1.308425	1.314286
00:00:00.556	1.286447	1.311355	1.315018
00:00:00.556	1.304762	1.323810	1.323077
00:00:00.557	1.311355	1.315018	1.314286
00:00:00.557	1.300366	1.312088	1.302564
00:00:00.557	1.325275	1.322344	1.304762
00:00:00.558	1.299634	1.315751	1.293040
00:00:00.558	1.292308	1.319414	1.289377
00:00:00.558	1.291575	1.314286	1.290110
00:00:00.559	1.320879	1.317216	1.351648
00:00:00.559	1.328938	1.321612	1.366300
00:00:00.559	1.340659	1.323810	1.345788
00:00:00.560	1.336264	1.317216	1.342125
00:00:00.560	1.339927	1.327473	1.326740
00:00:00.561	1.334799	1.325275	1.330403
00:00:00.561	1.326007	1.326007	1.323810
00:00:00.561	1.309890	1.322344	1.304029
00:00:00.562	1.294505	1.311355	1.297436
00:00:00.562	1.296703	1.320147	1.319414
00:00:00.562	1.296703	1.323810	1.320879
00:00:00.563	1.283516	1.314286	1.312821
00:00:00.563	1.268132	1.310623	1.314286
00:00:00.563	1.285714	1.321612	1.308425
00:00:00.564	1.293040	1.318681	1.300366
00:00:00.564	1.312821	1.310623	1.293773
00:00:00.564	1.333333	1.318681	1.309890
00:00:00.565	1.348718	1.311355	1.323810
00:00:00.597	1.372161	1.331868	1.362637
00:00:00.597	1.361905	1.326740	1.330403
00:00:00.598	1.336264	1.320879	1.351648
00:00:00.598	1.303297	1.315751	1.328205
00:00:00.598	1.273260	1.300366	1.295238
00:00:00.599	1.273260	1.315018	1.293040
00:00:00.599	1.285714	1.323810	1.308425
00:00:00.600	1.276923	1.327473	1.276923
00:00:00.600	1.307692	1.323077	1.307692
00:00:00.600	1.312821	1.310623	1.315018
00:00:00.601	1.344322	1.323810	1.315751
00:00:00.601	1.380220	1.312821	1.326740
00:00:00.601	1.372894	1.322344	1.366300
00:00:00.602	1.358974	1.318681	1.380220
00:00:00.602	1.336264	1.326740	1.336264
00:00:00.602	1.330403	1.324542	1.318681
00:00:00.603	1.259341	1.306960	1.311355
00:00:00.603	1.232967	1.309158	1.306227
00:00:00.603	1.272527	1.320147	1.329670
00:00:00.606	1.301832	1.314286	1.304762
00:00:00.606	1.308425	1.312821	1.292308
00:00:00.606	1.345055	1.323810	1.320147
00:00:00.606	1.333333	1.318681	1.304029
00:00:00.606	1.311355	1.322344	1.312088
00:00:00.606	1.297436	1.315751	1.303297
00:00:00.606	1.300366	1.323077	1.320147
00:00:00.606	1.314286	1.324542	1.322344
00:00:00.608	1.322344	1.323810	1.326007
00:00:00.608	1.331136	1.322344	1.328938
00:00:00.608	1.339927	1.313553	1.308425
00:00:00.608	1.341392	1.320879	1.317949
00:00:00.608	1.293773	1.310623	1.313553
00:00:00.608	1.262271	1.309890	1.314286
00:00:00.612	1.252015	1.326007	1.322344
00:00:00.612	1.290842	1.323810	1.323077
00:00:00.612	1.295971	1.311355	1.310623
00:00:00.612	1.323810	1.325275	1.323810
00:00:00.612	1.313553	1.315751	1.316484
00:00:00.612	1.313553	1.311355	1.313553
00:00:00.612	1.309158	1.315751	1.317949
00:00:00.612	1.328938	1.327473	1.336264
00:00:00.612	1.317949	1.317949	1.342857
00:00:00.612	1.308425	1.315751	1.326740
00:00:00.612	1.312088	1.315751	1.320147
00:00:00.613	1.323810	1.327473	1.320879
00:00:00.613	1.312088	1.313553	1.316484
00:00:00.614	1.306960	1.318681	1.322344
00:00:00.614	1.301099	1.312821	1.309158
00:00:00.614	1.271062	1.317949	1.320147
00:00:00.615	1.287179	1.320879	1.316484
00:00:00.647	1.293040	1.309890	1.307692
00:00:00.647	1.329670	1.321612	1.317216
00:00:00.648	1.343590	1.322344	1.318681
00:00:00.648	1.370696	1.315751	1.308425
00:00:00.648	1.379487	1.324542	1.323810
00:00:00.649	1.333333	1.324542	1.326740
00:00:00.649	1.317949	1.320879	1.323077
00:00:00.649	1.284249	1.311355	1.310623
00:00:00.650	1.267399	1.320147	1.320147
00:00:00.650	1.290842	1.318681	1.323077
00:00:00.650	1.293773	1.312821	1.319414
00:00:00.651	1.292308	1.315751	1.321612
00:00:00.651	1.302564	1.323810	1.345788
00:00:00.651	1.299634	1.323077	1.332601
00:00:00.653	1.282784	1.309890	1.312821
00:00:00.653	1.276923	1.315751	1.286447
00:00:00.653	1.296703	1.323077	1.299634
00:00:00.653	1.309158	1.319414	1.314286
00:00:00.653	1.294505	1.309890	1.300366
00:00:00.654	1.337729	1.319414	1.304029
00:00:00.654	1.349451	1.318681	1.323077
00:00:00.654	1.401465	1.315018	1.328205
00:00:00.655	1.408791	1.321612	1.347253
00:00:00.655	1.265201	1.310623	1.312821
00:00:00.655	1.315751	1.323077	1.309158
00:00:00.656	1.290842	1.312821	1.287179
00:00:00.656	1.259341	1.317216	1.315018
00:00:00.656	1.210256	1.318681	1.361172
00:00:00.657	1.235165	1.317216	1.382418
00:00:00.657	1.309158	1.318681	1.356777
00:00:00.658	1.357509	1.316484	1.323810
00:00:00.658	1.388278	1.320147	1.301832
00:00:00.658	1.382418	1.305495	1.304762
00:00:00.659	1.427839	1.329670	1.344322
00:00:00.659	1.367766	1.321612	1.333333
00:00:00.659	1.326007	1.326740	1.319414
00:00:00.660	1.274725	1.309890	1.275458
00:00:00.660	1.246886	1.315751	1.295238
00:00:00.660	1.226374	1.317949	1.296703
00:00:00.661	1.230769	1.328205	1.299634
00:00:00.661	1.241758	1.325275	1.306227
00:00:00.661	1.273260	1.314286	1.284249
00:00:00.662	1.341392	1.304762	1.290110
00:00:00.662	1.385348	1.310623	1.289377
00:00:00.663	1.333333	1.308425	1.283516
00:00:00.663	1.345788	1.319414	1.315018
00:00:00.663	1.350183	1.315018	1.380220
00:00:00.664	1.312088	1.315751	1.370696
00:00:00.664	1.347985	1.320879	1.340659
00:00:00.664	1.417582	1.320147	1.348718
00:00:00.697	1.417582	1.331136	1.379487
00:00:00.697	1.307692	1.320147	1.355311
00:00:00.697	1.235897	1.328938	1.329670
00:00:00.698	1.245421	1.317949	1.304029
00:00:00.698	1.273260	1.317216	1.290110
00:00:00.698	1.279121	1.312821	1.295238
00:00:00.699	1.302564	1.323077	1.306227
00:00:00.699	1.312088	1.323810	1.311355
00:00:00.699	1.306960	1.323810	1.312821
00:00:00.701	1.304029	1.315018	1.306960
00:00:00.701	1.303297	1.320879	1.315751
00:00:00.701	1.303297	1.324542	1.322344
00:00:00.701	1.312088	1.321612	1.320879
00:00:00.701	1.293040	1.315018	1.302564
00:00:00.703	1.292308	1.307692	1.298901
00:00:00.703	1.314286	1.317216	1.323810
00:00:00.703	1.323810	1.320879	1.323810
00:00:00.703	1.342125	1.324542	1.322344
00:00:00.703	1.323077	1.320147	1.317949
00:00:00.703	1.309158	1.310623	1.312821
00:00:00.704	1.316484	1.326007	1.320879
00:00:00.705	1.308425	1.320879	1.323810
00:00:00.705	1.317949	1.328205	1.323810
00:00:00.705	1.316484	1.320879	1.317216
00:00:00.705	1.306960	1.312821	1.309158
00:00:00.706	1.308425	1.319414	1.323810
00:00:00.706	1.315018	1.323077	1.328205
00:00:00.706	1.317949	1.323077	1.329670
00:00:00.707	1.310623	1.315751	1.309158
00:00:00.707	1.302564	1.309158	1.312821
00:00:00.707	1.305495	1.312088	1.317216
00:00:00.708	1.315018	1.323077	1.326007
00:00:00.708	1.317216	1.323810	1.323077
00:00:00.708	1.312088	1.321612	1.312821
00:00:00.709	1.306960	1.309890	1.312821
00:00:00.709	1.304029	1.312088	1.315751
00:00:00.709	1.311355	1.320879	1.323810
00:00:00.710	1.317216	1.323077	1.323077
00:00:00.710	1.314286	1.319414	1.314286
00:00:00.711	1.298168	1.312821	1.309158
00:00:00.711	1.315018	1.320147	1.323810
00:00:00.711	1.323810	1.326740	1.328938
00:00:00.712	1.319414	1.319414	1.319414
00:00:00.712	1.304762	1.312088	1.315018
00:00:00.712	1.295238	1.315751	1.322344
00:00:00.713	1.298168	1.326740	1.326007
00:00:00.713	1.306227	1.318681	1.320147
00:00:00.713	1.310623	1.312821	1.316484
00:00:00.714	1.315751	1.317949	1.313553
00:00:00.714	1.320879	1.323077	1.306227
00:00:00.746	1.326740	1.319414	1.320147
