timestamp	ch1	ch2	ch3
00:00:00.000	1.316484	1.315018	1.290842
00:00:00.000	1.320879	1.321612	1.307692
00:00:00.001	1.293040	1.312088	1.285714
00:00:00.001	1.290110	1.326007	1.300366
00:00:00.002	1.288645	1.312821	1.293040
00:00:00.002	1.323810	1.317949	1.353846
00:00:00.002	1.331868	1.320879	1.385348
00:00:00.003	1.290842	1.317216	1.356044
00:00:00.003	1.320879	1.323810	1.359707
00:00:00.003	1.342125	1.320879	1.358242
00:00:00.004	1.367033	1.322344	1.338462
00:00:00.004	1.359707	1.325275	1.314286
00:00:00.004	1.348718	1.315751	1.287179
00:00:00.005	1.302564	1.325275	1.316484
00:00:00.005	1.302564	1.309890	1.303297
00:00:00.006	1.309158	1.320147	1.290842
00:00:00.006	1.317949	1.326740	1.290842
00:00:00.006	1.283516	1.323810	1.309158
00:00:00.007	1.235897	1.307692	1.316484
00:00:00.007	1.202930	1.325275	1.323810
00:00:00.007	1.277656	1.317949	1.318681
00:00:00.008	1.320879	1.312088	1.313553
00:00:00.008	1.338462	1.324542	1.323810
00:00:00.008	1.328938	1.323077	1.318681
00:00:00.009	1.330403	1.316484	1.309158
00:00:00.041	1.327473	1.310623	1.314286
00:00:00.041	1.340659	1.328938	1.328938
00:00:00.042	1.338462	1.323810	1.333333
00:00:00.042	1.320879	1.319414	1.313553
00:00:00.042	1.290110	1.318681	1.314286
00:00:00.043	1.290110	1.309890	1.309890
00:00:00.043	1.328205	1.321612	1.321612
00:00:00.043	1.320879	1.311355	1.315751
00:00:00.044	1.314286	1.320879	1.323077
00:00:00.044	1.325275	1.317216	1.300366
00:00:00.045	1.311355	1.317949	1.330403
00:00:00.045	1.316484	1.326007	1.331868
00:00:00.045	1.312821	1.327473	1.329670
00:00:00.046	1.316484	1.317216	1.320879
00:00:00.046	1.312821	1.317216	1.315751
00:00:00.046	1.315018	1.309158	1.314286
00:00:00.047	1.327473	1.321612	1.319414
00:00:00.047	1.312088	1.312088	1.312088
00:00:00.047	1.298168	1.311355	1.307692
00:00:00.048	1.304029	1.315018	1.305495
00:00:00.048	1.309890	1.320147	1.311355
00:00:00.048	1.309158	1.315751	1.317216
00:00:00.049	1.320879	1.326740	1.336996
00:00:00.050	1.316484	1.325275	1.323810
00:00:00.050	1.295238	1.311355	1.309158
00:00:00.050	1.312088	1.315751	1.325275
00:00:00.050	1.312088	1.317949	1.323810
00:00:00.051	1.308425	1.323077	1.322344
00:00:00.051	1.306960	1.322344	1.316484
00:00:00.051	1.310623	1.323077	1.311355
00:00:00.052	1.320879	1.317949	1.319414
00:00:00.052	1.321612	1.321612	1.322344
00:00:00.052	1.317949	1.317216	1.317949
00:00:00.055	1.301099	1.311355	1.301832
00:00:00.055	1.306227	1.320879	1.310623
00:00:00.055	1.319414	1.322344	1.320879
00:00:00.055	1.334066	1.323077	1.313553
00:00:00.055	1.344322	1.315018	1.323810
00:00:00.057	1.385348	1.310623	1.315751
00:00:00.057	1.346520	1.315751	1.307692
00:00:00.057	1.172161	1.317216	1.332601
00:00:00.057	1.241026	1.316484	1.327473
00:00:00.057	1.290110	1.312821	1.318681
00:00:00.057	1.326007	1.326740	1.347253
00:00:00.057	1.320879	1.319414	1.334799
00:00:00.057	1.321612	1.323077	1.315751
00:00:00.057	1.327473	1.323810	1.304762
00:00:00.061	1.323077	1.315018	1.289377
00:00:00.061	1.332601	1.320147	1.282051
00:00:00.061	1.320879	1.312088	1.282051
00:00:00.094	1.323077	1.325275	1.352381
00:00:00.094	1.315018	1.322344	1.347253
00:00:00.094	1.303297	1.312088	1.307692
00:00:00.094	1.323810	1.323810	1.336264
00:00:00.094	1.323810	1.315751	1.323810
00:00:00.094	1.312088	1.314286	1.309890
00:00:00.094	1.312821	1.306227	1.320147
00:00:00.094	1.326740	1.322344	1.346520
00:00:00.094	1.318681	1.326007	1.342125
00:00:00.094	1.307692	1.317949	1.315018
00:00:00.094	1.295238	1.318681	1.322344
00:00:00.095	1.284249	1.323077	1.293040
00:00:00.095	1.271062	1.312088	1.267399
00:00:00.095	1.276923	1.309158	1.280586
00:00:00.096	1.294505	1.313553	1.298168
00:00:00.096	1.300366	1.320879	1.296703
00:00:00.096	1.319414	1.317949	1.317949
00:00:00.097	1.361172	1.324542	1.380220
00:00:00.097	1.407326	1.324542	1.416117
00:00:00.098	1.375824	1.326740	1.382418
00:00:00.098	1.333333	1.322344	1.331136
00:00:00.098	1.314286	1.309890	1.296703
00:00:00.099	1.320879	1.315751	1.265934
00:00:00.099	1.312088	1.323077	1.283516
00:00:00.099	1.282784	1.317949	1.292308
00:00:00.100	1.284982	1.309158	1.306227
00:00:00.100	1.276923	1.317949	1.340659
00:00:00.100	1.260073	1.320147	1.331136
00:00:00.101	1.263736	1.324542	1.323810
00:00:00.101	1.313553	1.316484	1.312088
00:00:00.102	1.360440	1.323077	1.317949
00:00:00.102	1.385348	1.323810	1.331136
00:00:00.102	1.404396	1.331136	1.323810
00:00:00.103	1.330403	1.317949	1.300366
00:00:00.103	1.287179	1.321612	1.312821
00:00:00.103	1.254945	1.315018	1.320147
00:00:00.104	1.254945	1.321612	1.317949
00:00:00.104	1.302564	1.323077	1.320879
00:00:00.104	1.287179	1.317216	1.306960
00:00:00.105	1.297436	1.303297	1.306960
00:00:00.105	1.315751	1.316484	1.326740
00:00:00.105	1.310623	1.320879	1.319414
00:00:00.106	1.354579	1.320147	1.321612
00:00:00.106	1.356044	1.312088	1.312088
00:00:00.106	1.341392	1.321612	1.323810
00:00:00.107	1.320879	1.326007	1.309158
00:00:00.107	1.294505	1.317216	1.306960
00:00:00.108	1.272527	1.315018	1.314286
00:00:00.108	1.300366	1.326740	1.331136
00:00:00.108	1.309890	1.327473	1.328205
00:00:00.140	1.281319	1.312088	1.307692
00:00:00.141	1.288645	1.317216	1.316484
00:00:00.141	1.312088	1.312821	1.316484
00:00:00.142	1.341392	1.321612	1.329670
00:00:00.142	1.336264	1.323077	1.323077
00:00:00.142	1.313553	1.313553	1.320147
00:00:00.143	1.317949	1.323810	1.325275
00:00:00.143	1.317949	1.321612	1.320879
00:00:00.143	1.321612	1.312821	1.308425
00:00:00.144	1.323810	1.306960	1.315018
00:00:00.144	1.334799	1.328938	1.330403
00:00:00.144	1.312088	1.320147	1.323810
00:00:00.145	1.298901	1.309158	1.309158
00:00:00.145	1.329670	1.330403	1.336996
00:00:00.145	1.331136	1.319414	1.325275
00:00:00.146	1.363370	1.322344	1.326740
00:00:00.146	1.372894	1.321612	1.320879
00:00:00.147	1.246886	1.324542	1.309158
00:00:00.147	1.167033	1.317949	1.309890
00:00:00.147	1.281319	1.320147	1.312821
00:00:00.148	1.320879	1.312821	1.316484
00:00:00.148	1.323810	1.313553	1.309890
00:00:00.148	1.339927	1.323077	1.326740
00:00:00.149	1.335531	1.323810	1.330403
00:00:00.149	1.333333	1.323077	1.316484
00:00:00.149	1.309158	1.315018	1.307692
00:00:00.150	1.312821	1.331136	1.315751
00:00:00.150	1.316484	1.320879	1.312821
00:00:00.152	1.309890	1.316484	1.307692
00:00:00.152	1.298901	1.312821	1.323810
00:00:00.152	1.310623	1.325275	1.334066
00:00:00.152	1.308425	1.317949	1.347253
00:00:00.152	1.316484	1.312088	1.327473
00:00:00.152	1.325275	1.319414	1.318681
00:00:00.154	1.328938	1.319414	1.321612
00:00:00.154	1.315018	1.320147	1.316484
00:00:00.154	1.308425	1.321612	1.289377
00:00:00.158	1.308425	1.317216	1.265201
00:00:00.158	1.334799	1.323077	1.317949
00:00:00.158	1.334799	1.324542	1.361172
00:00:00.158	1.321612	1.322344	1.349451
00:00:00.158	1.322344	1.317216	1.326007
00:00:00.158	1.346520	1.317949	1.313553
00:00:00.158	1.328938	1.316484	1.308425
00:00:00.158	1.285714	1.326007	1.300366
00:00:00.158	1.284982	1.325275	1.312088
00:00:00.158	1.304029	1.320147	1.329670
00:00:00.158	1.298168	1.324542	1.339194
00:00:00.158	1.315018	1.320147	1.300366
00:00:00.158	1.315751	1.324542	1.291575
00:00:00.191	1.279853	1.306960	1.283516
00:00:00.191	1.326007	1.315751	1.351648
00:00:00.191	1.381685	1.323810	1.416850
00:00:00.191	1.352381	1.323810	1.370696
00:00:00.192	1.306960	1.320879	1.312821
00:00:00.192	1.297436	1.321612	1.290110
00:00:00.192	1.279121	1.326007	1.292308
00:00:00.193	1.271795	1.323810	1.285714
00:00:00.193	1.275458	1.306227	1.276923
00:00:00.193	1.306960	1.322344	1.297436
00:00:00.194	1.317949	1.323077	1.304762
00:00:00.194	1.347253	1.315018	1.331136
00:00:00.195	1.334066	1.320147	1.334066
00:00:00.195	1.301832	1.312821	1.329670
00:00:00.195	1.335531	1.327473	1.380952
00:00:00.196	1.350916	1.318681	1.394139
00:00:00.196	1.331868	1.316484	1.348718
00:00:00.196	1.325275	1.315751	1.326007
00:00:00.197	1.328205	1.323810	1.317949
00:00:00.197	1.310623	1.326007	1.323810
00:00:00.197	1.300366	1.309890	1.261538
00:00:00.198	1.312088	1.313553	1.234432
00:00:00.198	1.319414	1.320147	1.300366
00:00:00.198	1.317216	1.320147	1.317216
00:00:00.199	1.308425	1.326740	1.323810
00:00:00.199	1.314286	1.324542	1.323810
00:00:00.200	1.306227	1.315751	1.313553
00:00:00.200	1.259341	1.315751	1.321612
00:00:00.200	1.280586	1.323077	1.323810
00:00:00.201	1.273993	1.317949	1.306227
00:00:00.201	1.320879	1.316484	1.298168
00:00:00.201	1.338462	1.328205	1.326740
00:00:00.202	1.336264	1.318681	1.321612
00:00:00.202	1.328938	1.317949	1.323810
00:00:00.202	1.313553	1.311355	1.317216
00:00:00.203	1.285714	1.317216	1.321612
00:00:00.203	1.306227	1.318681	1.322344
00:00:00.204	1.338462	1.321612	1.323810
00:00:00.204	1.344322	1.322344	1.322344
00:00:00.204	1.307692	1.320879	1.320147
00:00:00.205	1.287912	1.320879	1.317216
00:00:00.205	1.235165	1.318681	1.320147
00:00:00.205	1.265201	1.311355	1.320879
00:00:00.206	1.301832	1.322344	1.330403
00:00:00.207	1.347253	1.323810	1.327473
00:00:00.207	1.367766	1.312088	1.317949
00:00:00.207	1.405861	1.320879	1.321612
00:00:00.207	1.383150	1.317216	1.326740
00:00:00.207	1.191209	1.320879	1.322344
00:00:00.208	1.264469	1.323810	1.316484
00:00:00.240	1.321612	1.320879	1.325275
00:00:00.240	1.353114	1.327473	1.326740
00:00:00.242	1.339194	1.312088	1.322344
00:00:00.242	1.334799	1.320147	1.329670
00:00:00.242	1.323077	1.315018	1.328938
00:00:00.242	1.318681	1.318681	1.315751
00:00:00.242	1.349451	1.320879	1.317949
00:00:00.243	1.342857	1.321612	1.322344
00:00:00.243	1.316484	1.326740	1.323810
00:00:00.243	1.302564	1.328205	1.330403
00:00:00.244	1.288645	1.326007	1.321612
00:00:00.244	1.276190	1.312088	1.315751
00:00:00.244	1.295238	1.326007	1.326007
00:00:00.245	1.315751	1.331868	1.328938
00:00:00.245	1.301832	1.321612	1.311355
00:00:00.245	1.325275	1.317949	1.314286
00:00:00.247	1.312821	1.323077	1.323810
00:00:00.247	1.303297	1.322344	1.322344
00:00:00.247	1.316484	1.329670	1.318681
00:00:00.247	1.310623	1.308425	1.310623
00:00:00.248	1.312821	1.313553	1.317949
00:00:00.248	1.316484	1.317949	1.307692
00:00:00.249	1.292308	1.315751	1.307692
00:00:00.249	1.305495	1.325275	1.319414
00:00:00.249	1.309890	1.315751	1.308425
00:00:00.249	1.332601	1.313553	1.339194
00:00:00.249	1.327473	1.320147	1.345055
00:00:00.250	1.331868	1.325275	1.355311
00:00:00.250	1.331136	1.324542	1.348718
00:00:00.250	1.312821	1.311355	1.302564
00:00:00.254	1.314286	1.320879	1.322344
00:00:00.254	1.311355	1.320879	1.306960
00:00:00.254	1.298901	1.309158	1.299634
00:00:00.254	1.306227	1.311355	1.305495
00:00:00.254	1.308425	1.322344	1.304029
00:00:00.254	1.315751	1.328205	1.315751
00:00:00.254	1.302564	1.312088	1.295238
00:00:00.254	1.301832	1.320879	1.320879
00:00:00.254	1.321612	1.322344	1.327473
00:00:00.254	1.326740	1.320879	1.323810
00:00:00.254	1.323810	1.315751	1.322344
00:00:00.256	1.320147	1.317949	1.361905
00:00:00.256	1.326007	1.321612	1.355311
00:00:00.256	1.331868	1.319414	1.312088
00:00:00.256	1.305495	1.319414	1.308425
00:00:00.256	1.304762	1.324542	1.296703
00:00:00.257	1.295238	1.318681	1.312821
00:00:00.257	1.309158	1.323810	1.315018
00:00:00.257	1.294505	1.318681	1.309158
00:00:00.258	1.295238	1.312088	1.300366
00:00:00.290	1.309158	1.320879	1.295971
00:00:00.291	1.292308	1.314286	1.304029
00:00:00.291	1.300366	1.321612	1.331868
00:00:00.291	1.305495	1.320147	1.316484
00:00:00.291	1.292308	1.310623	1.323810
00:00:00.292	1.323077	1.323810	1.329670
00:00:00.292	1.353114	1.318681	1.335531
00:00:00.292	1.333333	1.315751	1.340659
00:00:00.293	1.323077	1.319414	1.315018
00:00:00.293	1.348718	1.324542	1.340659
00:00:00.293	1.309890	1.320879	1.323077
00:00:00.294	1.272527	1.312821	1.300366
00:00:00.294	1.287179	1.328938	1.310623
00:00:00.294	1.287179	1.311355	1.296703
00:00:00.295	1.288645	1.316484	1.300366
00:00:00.295	1.314286	1.323810	1.323810
00:00:00.296	1.347253	1.322344	1.336264
00:00:00.296	1.358242	1.311355	1.367766
00:00:00.296	1.361172	1.326007	1.326007
00:00:00.297	1.346520	1.320147	1.306960
00:00:00.297	1.347253	1.323077	1.309158
00:00:00.297	1.319414	1.317949	1.301099
00:00:00.298	1.310623	1.314286	1.318681
00:00:00.298	1.301832	1.323077	1.321612
00:00:00.298	1.279853	1.312088	1.327473
00:00:00.299	1.286447	1.315018	1.345788
00:00:00.299	1.268864	1.309890	1.325275
00:00:00.299	1.298168	1.315751	1.322344
00:00:00.300	1.317949	1.324542	1.312821
00:00:00.300	1.287912	1.310623	1.297436
00:00:00.301	1.278388	1.317949	1.295971
00:00:00.301	1.329670	1.321612	1.321612
00:00:00.301	1.317216	1.317216	1.323077
00:00:00.302	1.316484	1.320879	1.309158
00:00:00.302	1.317216	1.318681	1.322344
00:00:00.302	1.345055	1.320879	1.344322
00:00:00.303	1.366300	1.320147	1.333333
00:00:00.303	1.331868	1.311355	1.290842
00:00:00.303	1.306227	1.315751	1.295971
00:00:00.304	1.338462	1.327473	1.334066
00:00:00.304	1.310623	1.317949	1.320147
00:00:00.305	1.290842	1.323810	1.319414
00:00:00.306	1.271062	1.324542	1.323810
00:00:00.306	1.219048	1.309890	1.298168
00:00:00.306	1.329670	1.318681	1.310623
00:00:00.306	1.350916	1.321612	1.326007
00:00:00.306	1.340659	1.321612	1.325275
00:00:00.307	1.323810	1.317216	1.308425
00:00:00.307	1.299634	1.307692	1.310623
00:00:00.307	1.317949	1.322344	1.317949
00:00:00.344	1.321612	1.312821	1.314286
00:00:00.344	1.327473	1.319414	1.323810
00:00:00.344	1.300366	1.310623	1.314286
00:00:00.344	1.312088	1.323810	1.327473
00:00:00.344	1.309890	1.308425	1.317216
00:00:00.344	1.337729	1.318681	1.320879
00:00:00.344	1.364835	1.316484	1.320879
00:00:00.344	1.351648	1.326007	1.326007
00:00:00.344	1.213919	1.317216	1.306227
00:00:00.344	1.260806	1.312088	1.305495
00:00:00.344	1.300366	1.327473	1.323810
00:00:00.344	1.322344	1.322344	1.315018
00:00:00.344	1.317216	1.309890	1.305495
00:00:00.344	1.307692	1.314286	1.307692
00:00:00.347	1.328205	1.325275	1.325275
00:00:00.347	1.335531	1.320879	1.323810
00:00:00.347	1.304029	1.315751	1.315751
00:00:00.347	1.309158	1.326007	1.334066
00:00:00.347	1.315018	1.323810	1.349451
00:00:00.347	1.315751	1.317216	1.334799
00:00:00.347	1.304762	1.320147	1.339194
00:00:00.347	1.300366	1.311355	1.314286
00:00:00.347	1.309890	1.322344	1.322344
00:00:00.348	1.329670	1.328205	1.315751
00:00:00.348	1.330403	1.320879	1.312821
00:00:00.349	1.322344	1.310623	1.314286
00:00:00.349	1.312821	1.318681	1.325275
00:00:00.349	1.311355	1.320879	1.296703
00:00:00.350	1.298901	1.316484	1.295238
00:00:00.350	1.307692	1.321612	1.319414
00:00:00.350	1.307692	1.323077	1.305495
00:00:00.351	1.331868	1.326007	1.283516
00:00:00.351	1.327473	1.315018	1.279121
00:00:00.351	1.319414	1.315751	1.326007
00:00:00.352	1.306227	1.326740	1.327473
00:00:00.352	1.291575	1.323810	1.327473
00:00:00.352	1.300366	1.308425	1.339927
00:00:00.353	1.309890	1.320879	1.339927
00:00:00.353	1.329670	1.322344	1.375824
00:00:00.354	1.321612	1.315018	1.367766
00:00:00.354	1.325275	1.320147	1.336264
00:00:00.354	1.372894	1.321612	1.309890
00:00:00.355	1.339194	1.323077	1.295971
00:00:00.355	1.279853	1.315018	1.276190
00:00:00.355	1.274725	1.312821	1.293773
00:00:00.356	1.306227	1.324542	1.311355
00:00:00.356	1.299634	1.320879	1.312088
00:00:00.356	1.276190	1.310623	1.284249
00:00:00.357	1.298168	1.310623	1.289377
00:00:00.357	1.330403	1.323077	1.353846
00:00:00.389	1.306227	1.329670	1.341392
00:00:00.390	1.276923	1.320879	1.306960
00:00:00.390	1.304762	1.324542	1.317216
00:00:00.390	1.318681	1.320147	1.333333
00:00:00.391	1.345055	1.315018	1.322344
00:00:00.391	1.402930	1.323810	1.370696
00:00:00.392	1.405861	1.312088	1.380952
00:00:00.392	1.364835	1.312088	1.337729
00:00:00.392	1.295971	1.318681	1.287912
00:00:00.393	1.211722	1.317949	1.271795
00:00:00.393	1.238828	1.321612	1.287912
00:00:00.393	1.253480	1.323077	1.316484
00:00:00.394	1.304029	1.320147	1.316484
00:00:00.394	1.325275	1.320879	1.323077
00:00:00.394	1.312088	1.317949	1.314286
00:00:00.395	1.344322	1.323077	1.339194
00:00:00.395	1.368498	1.326740	1.380220
00:00:00.395	1.333333	1.319414	1.336264
00:00:00.396	1.340659	1.323810	1.323077
00:00:00.396	1.317216	1.318681	1.307692
00:00:00.397	1.308425	1.315751	1.303297
00:00:00.397	1.297436	1.325275	1.327473
00:00:00.397	1.249817	1.311355	1.314286
00:00:00.398	1.244689	1.316484	1.287179
00:00:00.398	1.284249	1.323810	1.301832
00:00:00.398	1.329670	1.311355	1.286447
00:00:00.399	1.366300	1.320147	1.300366
00:00:00.399	1.378022	1.326007	1.295971
00:00:00.399	1.368498	1.316484	1.285714
00:00:00.400	1.350183	1.315751	1.329670
00:00:00.400	1.293773	1.322344	1.382418
00:00:00.400	1.246886	1.319414	1.343590
00:00:00.401	1.282784	1.309890	1.300366
00:00:00.401	1.312821	1.310623	1.328938
00:00:00.402	1.336264	1.320147	1.356044
00:00:00.402	1.345788	1.326740	1.338462
00:00:00.402	1.361172	1.326007	1.320147
00:00:00.403	1.353114	1.323077	1.315018
00:00:00.403	1.360440	1.326007	1.311355
00:00:00.403	1.293040	1.321612	1.299634
00:00:00.404	1.164835	1.317216	1.295238
00:00:00.404	1.253480	1.313553	1.320879
00:00:00.404	1.308425	1.310623	1.317949
00:00:00.406	1.322344	1.326007	1.328938
00:00:00.406	1.317949	1.312821	1.309890
00:00:00.406	1.310623	1.320879	1.320879
00:00:00.407	1.316484	1.323077	1.323810
00:00:00.407	1.320879	1.325275	1.322344
00:00:00.409	1.312088	1.316484	1.312088
00:00:00.409	1.316484	1.321612	1.326007
00:00:00.440	1.306960	1.316484	1.323810
00:00:00.440	1.323810	1.323810	1.315018
00:00:00.441	1.339927	1.315751	1.305495
00:00:00.441	1.324542	1.320879	1.310623
00:00:00.441	1.318681	1.324542	1.320147
00:00:00.441	1.322344	1.318681	1.320879
00:00:00.441	1.317949	1.313553	1.317216
00:00:00.442	1.306960	1.309158	1.312088
00:00:00.446	1.314286	1.321612	1.323810
00:00:00.446	1.304762	1.317949	1.323077
00:00:00.446	1.303297	1.317949	1.314286
00:00:00.446	1.304762	1.323810	1.320879
00:00:00.446	1.295971	1.319414	1.320147
00:00:00.446	1.317216	1.322344	1.322344
00:00:00.446	1.328205	1.320147	1.327473
00:00:00.446	1.311355	1.308425	1.323810
00:00:00.446	1.309158	1.321612	1.317949
00:00:00.446	1.301099	1.315018	1.296703
00:00:00.446	1.304762	1.323077	1.311355
00:00:00.446	1.296703	1.318681	1.287179
00:00:00.446	1.280586	1.308425	1.280586
00:00:00.448	1.317216	1.318681	1.291575
00:00:00.448	1.355311	1.324542	1.363370
00:00:00.448	1.380220	1.326007	1.398535
00:00:00.448	1.338462	1.317949	1.339194
00:00:00.448	1.309890	1.315751	1.326740
00:00:00.448	1.306227	1.326740	1.323810
00:00:00.449	1.305495	1.323810	1.315018
00:00:00.449	1.269597	1.313553	1.300366
00:00:00.450	1.273260	1.325275	1.310623
00:00:00.450	1.282784	1.318681	1.309890
00:00:00.450	1.328205	1.325275	1.329670
00:00:00.451	1.323810	1.312821	1.312821
00:00:00.451	1.323077	1.310623	1.294505
00:00:00.451	1.348718	1.316484	1.298168
00:00:00.452	1.309890	1.312088	1.299634
00:00:00.452	1.285714	1.309158	1.292308
00:00:00.452	1.298168	1.315751	1.308425
00:00:00.453	1.317949	1.323077	1.342125
00:00:00.453	1.312821	1.317949	1.347253
00:00:00.453	1.320879	1.327473	1.347253
00:00:00.454	1.314286	1.320147	1.299634
00:00:00.454	1.326007	1.311355	1.333333
00:00:00.455	1.359707	1.329670	1.365568
00:00:00.455	1.323810	1.326740	1.336996
00:00:00.455	1.304762	1.316484	1.298901
00:00:00.456	1.323077	1.323077	1.311355
00:00:00.456	1.336264	1.320147	1.323810
00:00:00.456	1.361172	1.316484	1.320147
00:00:00.457	1.335531	1.318681	1.323810
00:00:00.489	1.294505	1.315018	1.323810
00:00:00.489	1.260806	1.323810	1.347253
00:00:00.490	1.284249	1.325275	1.331868
00:00:00.490	1.317949	1.309158	1.315018
00:00:00.490	1.323077	1.314286	1.306227
00:00:00.491	1.295238	1.309890	1.309890
00:00:00.491	1.308425	1.310623	1.298168
00:00:00.491	1.337729	1.315751	1.301832
00:00:00.492	1.347253	1.317949	1.296703
00:00:00.492	1.262271	1.309158	1.297436
00:00:00.492	1.210989	1.320879	1.315751
00:00:00.493	1.288645	1.328205	1.332601
00:00:00.493	1.306227	1.321612	1.309158
00:00:00.494	1.315018	1.326007	1.307692
00:00:00.494	1.333333	1.326740	1.330403
00:00:00.494	1.313553	1.315018	1.326007
00:00:00.495	1.315018	1.306227	1.315018
00:00:00.495	1.347253	1.319414	1.315751
00:00:00.495	1.337729	1.315751	1.311355
00:00:00.496	1.317949	1.311355	1.310623
00:00:00.496	1.315751	1.326007	1.322344
00:00:00.496	1.323810	1.318681	1.310623
00:00:00.497	1.332601	1.323810	1.323810
00:00:00.497	1.327473	1.327473	1.326740
00:00:00.497	1.321612	1.323810	1.323810
00:00:00.498	1.318681	1.321612	1.328205
00:00:00.498	1.305495	1.322344	1.329670
00:00:00.499	1.294505	1.325275	1.326007
00:00:00.500	1.268132	1.307692	1.304029
00:00:00.500	1.301832	1.314286	1.310623
00:00:00.501	1.306227	1.310623	1.315751
00:00:00.501	1.300366	1.315018	1.317216
00:00:00.501	1.282051	1.320879	1.326740
00:00:00.505	1.315018	1.323077	1.322344
00:00:00.505	1.326007	1.320879	1.323077
00:00:00.505	1.323810	1.321612	1.320879
00:00:00.505	1.325275	1.325275	1.323810
00:00:00.505	1.321612	1.317216	1.318681
00:00:00.505	1.329670	1.318681	1.330403
00:00:00.505	1.326740	1.311355	1.315751
00:00:00.505	1.319414	1.322344	1.309890
00:00:00.505	1.303297	1.319414	1.320147
00:00:00.505	1.309158	1.313553	1.309158
00:00:00.505	1.314286	1.320879	1.316484
00:00:00.505	1.301832	1.305495	1.312821
00:00:00.505	1.309158	1.321612	1.315018
00:00:00.505	1.300366	1.309158	1.310623
00:00:00.509	1.304029	1.314286	1.315018
00:00:00.509	1.314286	1.316484	1.290842
00:00:00.509	1.315018	1.320147	1.303297
00:00:00.541	1.305495	1.320879	1.294505
00:00:00.541	1.317949	1.314286	1.330403
00:00:00.541	1.339194	1.321612	1.375824
00:00:00.541	1.340659	1.311355	1.336264
00:00:00.541	1.326740	1.315751	1.309890
00:00:00.541	1.325275	1.320879	1.307692
00:00:00.541	1.310623	1.323810	1.328938
00:00:00.541	1.293773	1.320879	1.345055
00:00:00.542	1.271795	1.315018	1.327473
00:00:00.542	1.274725	1.321612	1.308425
00:00:00.542	1.284982	1.322344	1.296703
00:00:00.543	1.302564	1.316484	1.292308
00:00:00.543	1.317949	1.309890	1.296703
00:00:00.543	1.331868	1.316484	1.323077
00:00:00.544	1.316484	1.313553	1.329670
00:00:00.544	1.339927	1.320147	1.331136
00:00:00.544	1.343590	1.317216	1.326740
00:00:00.545	1.348718	1.329670	1.343590
00:00:00.545	1.323810	1.320879	1.327473
00:00:00.545	1.305495	1.320147	1.311355
00:00:00.546	1.278388	1.319414	1.342125
00:00:00.546	1.245421	1.331868	1.332601
00:00:00.547	1.224908	1.315018	1.306960
00:00:00.547	1.331136	1.321612	1.301099
00:00:00.547	1.331868	1.305495	1.265934
00:00:00.548	1.339927	1.308425	1.306227
00:00:00.548	1.349451	1.320879	1.342125
00:00:00.548	1.349451	1.323077	1.332601
00:00:00.549	1.336264	1.334799	1.367033
00:00:00.549	1.312821	1.310623	1.323810
00:00:00.549	1.276190	1.297436	1.298168
00:00:00.550	1.344322	1.334799	1.352381
00:00:00.550	1.355311	1.334799	1.361905
00:00:00.550	1.344322	1.320879	1.336996
00:00:00.551	1.331136	1.317949	1.328938
00:00:00.552	1.296703	1.307692	1.282784
00:00:00.552	1.304029	1.321612	1.276923
00:00:00.552	1.306227	1.321612	1.290842
00:00:00.552	1.294505	1.306960	1.300366
00:00:00.553	1.300366	1.315018	1.334066
00:00:00.553	1.322344	1.324542	1.321612
00:00:00.553	1.306960	1.326007	1.316484
00:00:00.554	1.266667	1.320147	1.312088
00:00:00.554	1.268132	1.315018	1.322344
00:00:00.554	1.323077	1.323810	1.319414
00:00:00.555	1.361905	1.318681	1.315018
00:00:00.555	1.378022	1.313553	1.305495
00:00:00.556	1.375092	1.321612	1.318681
00:00:00.556	1.323810	1.324542	1.312088
00:00:00.556	1.325275	1.317949	1.309158
00:00:00.588	1.302564	1.310623	1.318681
00:00:00.589	1.294505	1.324542	1.331136
00:00:00.589	1.247619	1.312088	1.317216
00:00:00.590	1.261538	1.314286	1.312088
00:00:00.590	1.290842	1.315751	1.317949
00:00:00.590	1.287912	1.318681	1.319414
00:00:00.591	1.299634	1.322344	1.315018
00:00:00.591	1.301832	1.319414	1.315751
00:00:00.591	1.304029	1.322344	1.318681
00:00:00.592	1.308425	1.315018	1.317949
00:00:00.592	1.341392	1.318681	1.322344
00:00:00.592	1.330403	1.315751	1.316484
00:00:00.593	1.334799	1.327473	1.327473
00:00:00.593	1.331868	1.322344	1.323077
00:00:00.593	1.335531	1.323810	1.335531
00:00:00.594	1.306227	1.319414	1.323810
00:00:00.594	1.314286	1.315018	1.320147
00:00:00.595	1.321612	1.312821	1.317949
00:00:00.595	1.315018	1.323077	1.326740
00:00:00.595	1.305495	1.320879	1.320147
00:00:00.596	1.312088	1.321612	1.327473
00:00:00.596	1.317949	1.323810	1.326740
00:00:00.596	1.315018	1.323810	1.323810
00:00:00.597	1.314286	1.312088	1.312088
00:00:00.597	1.310623	1.317949	1.322344
00:00:00.597	1.305495	1.318681	1.317949
00:00:00.598	1.297436	1.317949	1.310623
00:00:00.598	1.307692	1.319414	1.314286
00:00:00.598	1.318681	1.317216	1.329670
00:00:00.600	1.321612	1.320879	1.330403
00:00:00.600	1.321612	1.318681	1.320147
00:00:00.600	1.322344	1.320147	1.315018
00:00:00.600	1.323810	1.323077	1.318681
00:00:00.600	1.316484	1.320147	1.321612
00:00:00.601	1.314286	1.320879	1.323077
00:00:00.601	1.287912	1.316484	1.314286
00:00:00.601	1.320147	1.323810	1.315018
00:00:00.605	1.325275	1.328205	1.309890
00:00:00.605	1.306960	1.314286	1.279121
00:00:00.605	1.310623	1.328938	1.288645
00:00:00.605	1.301099	1.312088	1.290842
00:00:00.605	1.270330	1.306227	1.293040
00:00:00.605	1.295971	1.312821	1.321612
00:00:00.605	1.296703	1.323810	1.343590
00:00:00.605	1.315018	1.313553	1.369963
00:00:00.605	1.342125	1.322344	1.386813
00:00:00.605	1.353114	1.332601	1.348718
00:00:00.605	1.337729	1.326007	1.339927
00:00:00.606	1.304029	1.323077	1.289377
00:00:00.606	1.298901	1.323077	1.273993
00:00:00.638	1.284982	1.317216	1.267399
00:00:00.639	1.298901	1.315018	1.320879
00:00:00.639	1.326740	1.310623	1.347253
00:00:00.640	1.353846	1.316484	1.350916
00:00:00.640	1.336996	1.319414	1.332601
00:00:00.640	1.330403	1.330403	1.342857
00:00:00.640	1.337729	1.328938	1.366300
00:00:00.641	1.342125	1.326740	1.356777
00:00:00.641	1.328938	1.327473	1.342125
00:00:00.641	1.319414	1.317216	1.300366
00:00:00.642	1.350183	1.324542	1.312821
00:00:00.642	1.352381	1.320879	1.309158
00:00:00.643	1.305495	1.309158	1.296703
00:00:00.643	1.254945	1.310623	1.295238
00:00:00.643	1.271062	1.310623	1.305495
00:00:00.644	1.250549	1.304029	1.302564
00:00:00.644	1.269597	1.320147	1.293773
00:00:00.644	1.265201	1.311355	1.290842
00:00:00.645	1.258608	1.323810	1.297436
00:00:00.645	1.205128	1.313553	1.278388
00:00:00.645	1.259341	1.326007	1.298168
00:00:00.646	1.336264	1.316484	1.334066
00:00:00.646	1.387546	1.312088	1.317949
00:00:00.646	1.407326	1.327473	1.353114
00:00:00.647	1.464469	1.323810	1.347253
00:00:00.647	1.489377	1.319414	1.369963
00:00:00.648	1.371429	1.327473	1.352381
00:00:00.648	1.290110	1.329670	1.321612
00:00:00.648	1.322344	1.326007	1.317949
00:00:00.649	1.282051	1.321612	1.327473
00:00:00.649	1.191941	1.303297	1.325275
00:00:00.649	1.206593	1.319414	1.322344
00:00:00.650	1.303297	1.317949	1.315751
00:00:00.650	1.301099	1.318681	1.314286
00:00:00.650	1.286447	1.312821	1.290110
00:00:00.651	1.285714	1.314286	1.297436
00:00:00.651	1.325275	1.329670	1.346520
00:00:00.651	1.336996	1.320147	1.338462
00:00:00.652	1.351648	1.315018	1.320147
00:00:00.652	1.371429	1.323810	1.320879
00:00:00.653	1.341392	1.324542	1.314286
00:00:00.653	1.315018	1.322344	1.315751
00:00:00.653	1.288645	1.313553	1.306960
00:00:00.654	1.287179	1.317216	1.321612
00:00:00.654	1.308425	1.323810	1.325275
00:00:00.654	1.309890	1.323810	1.311355
00:00:00.655	1.309890	1.310623	1.300366
00:00:00.655	1.302564	1.312821	1.308425
00:00:00.655	1.309158	1.322344	1.324542
00:00:00.657	1.304029	1.320147	1.317216
00:00:00.688	1.309158	1.320879	1.323810
00:00:00.688	1.332601	1.319414	1.322344
00:00:00.689	1.363370	1.322344	1.325275
00:00:00.689	1.356044	1.323810	1.321612
00:00:00.689	1.305495	1.310623	1.312088
00:00:00.690	1.260073	1.320879	1.330403
00:00:00.690	1.255678	1.320879	1.328205
00:00:00.690	1.271795	1.314286	1.317949
00:00:00.691	1.304762	1.309158	1.304029
00:00:00.691	1.309890	1.318681	1.315018
00:00:00.694	1.318681	1.327473	1.326007
00:00:00.694	1.326740	1.321612	1.323077
00:00:00.694	1.315751	1.316484	1.305495
00:00:00.694	1.312088	1.319414	1.323810
00:00:00.694	1.312088	1.320879	1.316484
00:00:00.694	1.319414	1.326740	1.314286
00:00:00.695	1.310623	1.323077	1.315751
00:00:00.695	1.321612	1.327473	1.331136
00:00:00.695	1.326007	1.326740	1.326007
00:00:00.696	1.309890	1.328938	1.323810
00:00:00.696	1.279853	1.315751	1.318681
00:00:00.697	1.283516	1.304762	1.311355
00:00:00.697	1.320879	1.326007	1.317216
00:00:00.697	1.324542	1.317216	1.305495
00:00:00.697	1.331136	1.315751	1.304762
00:00:00.697	1.347253	1.315018	1.316484
00:00:00.697	1.363370	1.323077	1.325275
00:00:00.701	1.347253	1.317216	1.298168
00:00:00.701	1.327473	1.326740	1.326740
00:00:00.701	1.308425	1.319414	1.337729
00:00:00.701	1.298168	1.320879	1.336264
00:00:00.701	1.298901	1.321612	1.345055
00:00:00.701	1.309890	1.322344	1.321612
00:00:00.701	1.317949	1.325275	1.317216
00:00:00.701	1.311355	1.310623	1.310623
00:00:00.701	1.315751	1.323810	1.323077
00:00:00.701	1.301099	1.313553	1.312088
00:00:00.701	1.301099	1.315018	1.303297
00:00:00.702	1.291575	1.311355	1.298168
00:00:00.702	1.289377	1.315018	1.295238
00:00:00.702	1.297436	1.322344	1.300366
00:00:00.703	1.273993	1.319414	1.287912
00:00:00.703	1.282051	1.324542	1.295971
00:00:00.703	1.279121	1.320879	1.306227
00:00:00.704	1.331136	1.326740	1.362637
00:00:00.704	1.364103	1.323077	1.361905
00:00:00.704	1.376557	1.313553	1.328938
00:00:00.705	1.389011	1.320147	1.391941
00:00:00.705	1.402198	1.320879	1.334799
00:00:00.706	1.317216	1.323077	1.342857
00:00:00.738	1.260806	1.320879	1.358242
00:00:00.738	1.252747	1.319414	1.313553
00:00:00.738	1.317216	1.323810	1.347253
00:00:00.739	1.309158	1.331868	1.337729
00:00:00.739	1.298168	1.321612	1.304029
00:00:00.740	1.325275	1.311355	1.289377
00:00:00.741	1.302564	1.317216	1.305495
00:00:00.741	1.290110	1.319414	1.303297
00:00:00.741	1.269597	1.314286	1.300366
00:00:00.741	1.269597	1.325275	1.320879
00:00:00.741	1.298168	1.315751	1.315751
00:00:00.742	1.349451	1.315018	1.304029
00:00:00.742	1.392674	1.323810	1.316484
00:00:00.742	1.455678	1.324542	1.312821
00:00:00.743	1.437363	1.315018	1.291575
00:00:00.743	1.234432	1.309890	1.293773
00:00:00.743	1.205128	1.310623	1.317216
00:00:00.744	1.213919	1.322344	1.335531
00:00:00.744	1.252015	1.310623	1.315018
00:00:00.745	1.287179	1.307692	1.275458
00:00:00.745	1.299634	1.312088	1.294505
00:00:00.745	1.327473	1.323077	1.314286
00:00:00.746	1.328205	1.327473	1.310623
00:00:00.746	1.328205	1.319414	1.331136
00:00:00.746	1.331136	1.326007	1.353846
