timestamp	ch1	ch2	ch3
00:00:00.000	1.304029	1.326740	1.314286
00:00:00.001	1.300366	1.320879	1.306227
00:00:00.001	1.312088	1.320147	1.312821
00:00:00.001	1.305495	1.312088	1.303297
00:00:00.002	1.316484	1.318681	1.320879
00:00:00.002	1.319414	1.315751	1.312088
00:00:00.002	1.303297	1.320879	1.319414
00:00:00.004	1.308425	1.311355	1.317949
00:00:00.004	1.287912	1.320879	1.300366
00:00:00.004	1.305495	1.324542	1.317949
00:00:00.004	1.322344	1.321612	1.309158
00:00:00.004	1.315751	1.315018	1.314286
00:00:00.005	1.287912	1.312088	1.323810
00:00:00.005	1.323077	1.327473	1.332601
00:00:00.005	1.334066	1.320879	1.317216
00:00:00.006	1.302564	1.313553	1.294505
00:00:00.006	1.291575	1.316484	1.314286
00:00:00.006	1.323810	1.329670	1.339194
00:00:00.007	1.330403	1.324542	1.323810
00:00:00.007	1.335531	1.312821	1.312821
00:00:00.007	1.317949	1.312821	1.323077
00:00:00.008	1.313553	1.324542	1.326007
00:00:00.008	1.273993	1.314286	1.321612
00:00:00.008	1.257143	1.317949	1.323810
00:00:00.009	1.263736	1.311355	1.319414
00:00:00.041	1.310623	1.321612	1.325275
00:00:00.041	1.309158	1.308425	1.315751
00:00:00.042	1.337729	1.329670	1.331868
00:00:00.042	1.358974	1.328938	1.331868
00:00:00.042	1.370696	1.323810	1.328938
00:00:00.044	1.346520	1.328205	1.315018
00:00:00.044	1.311355	1.310623	1.290842
00:00:00.044	1.339194	1.320879	1.313553
00:00:00.044	1.330403	1.320147	1.330403
00:00:00.044	1.312088	1.323077	1.331868
00:00:00.045	1.301832	1.320879	1.320147
00:00:00.045	1.304029	1.323810	1.323810
00:00:00.045	1.327473	1.317949	1.317216
00:00:00.046	1.328205	1.321612	1.331136
00:00:00.046	1.309890	1.317949	1.331868
00:00:00.046	1.298168	1.320147	1.316484
00:00:00.048	1.298901	1.321612	1.315018
00:00:00.048	1.295971	1.316484	1.312088
00:00:00.048	1.298168	1.323810	1.317949
00:00:00.048	1.310623	1.328205	1.330403
00:00:00.048	1.300366	1.321612	1.319414
00:00:00.051	1.312088	1.318681	1.310623
00:00:00.051	1.315018	1.315018	1.311355
00:00:00.051	1.308425	1.310623	1.323077
00:00:00.051	1.309890	1.318681	1.321612
00:00:00.051	1.310623	1.311355	1.312821
00:00:00.051	1.304762	1.315751	1.306960
00:00:00.051	1.298901	1.317216	1.326007
00:00:00.051	1.315018	1.321612	1.321612
00:00:00.051	1.317949	1.321612	1.312821
00:00:00.054	1.327473	1.323810	1.323810
00:00:00.054	1.309890	1.321612	1.323810
00:00:00.054	1.322344	1.327473	1.343590
00:00:00.054	1.324542	1.320879	1.322344
00:00:00.054	1.317216	1.317949	1.298901
00:00:00.054	1.308425	1.311355	1.293773
00:00:00.054	1.321612	1.326740	1.325275
00:00:00.054	1.317216	1.326007	1.329670
00:00:00.055	1.314286	1.326007	1.320879
00:00:00.056	1.293040	1.312821	1.331868
00:00:00.056	1.306960	1.320879	1.342857
00:00:00.056	1.304029	1.314286	1.339927
00:00:00.056	1.306960	1.322344	1.297436
00:00:00.056	1.315018	1.326740	1.292308
00:00:00.057	1.300366	1.323810	1.288645
00:00:00.057	1.293040	1.319414	1.293040
00:00:00.058	1.298901	1.315751	1.290110
00:00:00.058	1.300366	1.306227	1.294505
00:00:00.058	1.306960	1.308425	1.333333
00:00:00.059	1.343590	1.317949	1.344322
00:00:00.091	1.362637	1.331136	1.360440
00:00:00.091	1.342857	1.324542	1.365568
00:00:00.092	1.316484	1.324542	1.337729
00:00:00.092	1.322344	1.325275	1.336996
00:00:00.092	1.301832	1.323810	1.318681
00:00:00.093	1.301832	1.328205	1.392674
00:00:00.093	1.354579	1.323077	1.402198
00:00:00.093	1.342857	1.315018	1.339194
00:00:00.094	1.305495	1.319414	1.297436
00:00:00.094	1.304762	1.322344	1.283516
00:00:00.094	1.306960	1.323810	1.287179
00:00:00.095	1.293040	1.309890	1.284249
00:00:00.095	1.306960	1.308425	1.307692
00:00:00.095	1.331868	1.315751	1.326007
00:00:00.096	1.301099	1.321612	1.313553
00:00:00.096	1.320879	1.318681	1.328205
00:00:00.097	1.309158	1.312821	1.305495
00:00:00.097	1.323810	1.325275	1.358242
00:00:00.097	1.315751	1.323810	1.361905
00:00:00.098	1.294505	1.313553	1.320147
00:00:00.098	1.284982	1.312088	1.306960
00:00:00.098	1.304762	1.327473	1.312821
00:00:00.099	1.301099	1.325275	1.312088
00:00:00.099	1.312088	1.328205	1.315018
00:00:00.099	1.298168	1.312088	1.284982
00:00:00.100	1.309158	1.314286	1.305495
00:00:00.100	1.316484	1.312088	1.290110
00:00:00.100	1.326740	1.321612	1.303297
00:00:00.101	1.309158	1.313553	1.294505
00:00:00.101	1.350183	1.318681	1.336264
00:00:00.102	1.345788	1.315018	1.334799
00:00:00.102	1.322344	1.316484	1.323810
00:00:00.102	1.310623	1.325275	1.323810
00:00:00.103	1.305495	1.317949	1.312821
00:00:00.103	1.298168	1.315751	1.323810
00:00:00.103	1.312088	1.317216	1.317949
00:00:00.104	1.302564	1.312821	1.314286
00:00:00.104	1.309890	1.326007	1.323810
00:00:00.104	1.315018	1.316484	1.317216
00:00:00.105	1.324542	1.326740	1.327473
00:00:00.105	1.309158	1.320147	1.320147
00:00:00.105	1.306960	1.313553	1.316484
00:00:00.106	1.314286	1.324542	1.326007
00:00:00.106	1.306227	1.315751	1.312088
00:00:00.107	1.309890	1.318681	1.318681
00:00:00.107	1.299634	1.304762	1.312821
00:00:00.108	1.310623	1.319414	1.320147
00:00:00.108	1.312088	1.323810	1.314286
00:00:00.108	1.313553	1.318681	1.311355
00:00:00.108	1.312088	1.326007	1.317949
00:00:00.141	1.312821	1.319414	1.320879
00:00:00.141	1.313553	1.312821	1.310623
00:00:00.141	1.320879	1.322344	1.345788
00:00:00.142	1.322344	1.324542	1.333333
00:00:00.142	1.326007	1.318681	1.318681
00:00:00.142	1.320879	1.317949	1.320879
00:00:00.147	1.320879	1.323077	1.323077
00:00:00.147	1.327473	1.317949	1.316484
00:00:00.147	1.315751	1.308425	1.313553
00:00:00.147	1.313553	1.323810	1.326740
00:00:00.147	1.298168	1.326740	1.321612
00:00:00.147	1.278388	1.317949	1.312088
00:00:00.147	1.286447	1.304762	1.320147
00:00:00.147	1.311355	1.325275	1.326740
00:00:00.147	1.329670	1.325275	1.323810
00:00:00.147	1.335531	1.324542	1.326007
00:00:00.147	1.303297	1.312821	1.321612
00:00:00.147	1.309890	1.323810	1.322344
00:00:00.147	1.312821	1.323810	1.307692
00:00:00.147	1.311355	1.321612	1.302564
00:00:00.150	1.322344	1.326740	1.311355
00:00:00.150	1.330403	1.323077	1.309158
00:00:00.150	1.321612	1.322344	1.309890
00:00:00.150	1.298901	1.309890	1.301832
00:00:00.150	1.304029	1.312088	1.318681
00:00:00.150	1.315018	1.327473	1.341392
00:00:00.150	1.315018	1.317216	1.334066
00:00:00.150	1.312821	1.310623	1.344322
00:00:00.151	1.321612	1.323077	1.344322
00:00:00.151	1.320879	1.323077	1.320879
00:00:00.151	1.313553	1.319414	1.306227
00:00:00.152	1.306960	1.313553	1.304762
00:00:00.152	1.309158	1.323077	1.317949
00:00:00.152	1.274725	1.320879	1.313553
00:00:00.153	1.295971	1.313553	1.321612
00:00:00.153	1.301099	1.312821	1.308425
00:00:00.153	1.310623	1.321612	1.293773
00:00:00.154	1.334799	1.320879	1.304029
00:00:00.154	1.327473	1.310623	1.306227
00:00:00.155	1.367766	1.320147	1.323810
00:00:00.155	1.367766	1.328205	1.331136
00:00:00.155	1.317216	1.320879	1.330403
00:00:00.156	1.295238	1.309158	1.355311
00:00:00.156	1.304029	1.327473	1.336264
00:00:00.156	1.317216	1.324542	1.317216
00:00:00.157	1.326007	1.314286	1.334066
00:00:00.157	1.309890	1.315018	1.323810
00:00:00.157	1.308425	1.323810	1.309890
00:00:00.158	1.316484	1.317949	1.295971
00:00:00.158	1.332601	1.317949	1.320879
00:00:00.190	1.318681	1.319414	1.347253
00:00:00.191	1.301832	1.322344	1.336996
00:00:00.191	1.290842	1.315018	1.306227
00:00:00.192	1.316484	1.319414	1.336264
00:00:00.192	1.306227	1.319414	1.318681
00:00:00.192	1.289377	1.319414	1.305495
00:00:00.192	1.302564	1.320147	1.317216
00:00:00.193	1.313553	1.317949	1.319414
00:00:00.193	1.317216	1.317216	1.309890
00:00:00.194	1.310623	1.320879	1.298901
00:00:00.194	1.315018	1.317949	1.314286
00:00:00.194	1.311355	1.315751	1.315751
00:00:00.195	1.304029	1.317216	1.335531
00:00:00.195	1.314286	1.316484	1.364835
00:00:00.195	1.311355	1.326007	1.356044
00:00:00.196	1.306227	1.330403	1.318681
00:00:00.196	1.312821	1.324542	1.298901
00:00:00.196	1.328205	1.317949	1.300366
00:00:00.197	1.344322	1.317949	1.311355
00:00:00.197	1.317216	1.306960	1.297436
00:00:00.198	1.312088	1.321612	1.315751
00:00:00.198	1.315751	1.328938	1.330403
00:00:00.198	1.285714	1.309890	1.303297
00:00:00.199	1.296703	1.312088	1.320879
00:00:00.199	1.306960	1.326007	1.334799
00:00:00.199	1.313553	1.320147	1.334066
00:00:00.200	1.325275	1.323810	1.319414
00:00:00.200	1.308425	1.315751	1.298168
00:00:00.200	1.307692	1.318681	1.290110
00:00:00.201	1.335531	1.325275	1.302564
00:00:00.201	1.350183	1.317216	1.306227
00:00:00.201	1.320147	1.309890	1.315751
00:00:00.202	1.320147	1.326007	1.336264
00:00:00.202	1.276923	1.323810	1.317949
00:00:00.203	1.271795	1.312088	1.304762
00:00:00.203	1.304762	1.318681	1.312088
00:00:00.203	1.319414	1.321612	1.320147
00:00:00.204	1.327473	1.326007	1.326740
00:00:00.204	1.334066	1.317949	1.317216
00:00:00.204	1.342857	1.312088	1.309890
00:00:00.205	1.335531	1.326007	1.339194
00:00:00.205	1.308425	1.322344	1.364103
00:00:00.205	1.311355	1.316484	1.331868
00:00:00.206	1.303297	1.316484	1.323077
00:00:00.206	1.317216	1.326007	1.320879
00:00:00.206	1.315751	1.326007	1.317216
00:00:00.208	1.306227	1.311355	1.310623
00:00:00.208	1.301832	1.308425	1.312821
00:00:00.208	1.306227	1.323077	1.323810
00:00:00.208	1.310623	1.326007	1.319414
00:00:00.243	1.307692	1.320147	1.312821
00:00:00.243	1.300366	1.324542	1.321612
00:00:00.243	1.309890	1.323810	1.323810
00:00:00.243	1.320879	1.326740	1.332601
00:00:00.243	1.314286	1.323810	1.337729
00:00:00.243	1.308425	1.322344	1.329670
00:00:00.243	1.311355	1.318681	1.312821
00:00:00.243	1.314286	1.323810	1.321612
00:00:00.243	1.317216	1.323810	1.323810
00:00:00.246	1.308425	1.312088	1.316484
00:00:00.246	1.323077	1.323810	1.320147
00:00:00.246	1.323077	1.320879	1.326007
00:00:00.246	1.308425	1.319414	1.323077
00:00:00.246	1.328938	1.327473	1.331868
00:00:00.246	1.315751	1.317949	1.328205
00:00:00.246	1.300366	1.318681	1.309890
00:00:00.246	1.305495	1.323077	1.323810
00:00:00.246	1.306960	1.321612	1.306960
00:00:00.247	1.321612	1.325275	1.293040
00:00:00.247	1.300366	1.312821	1.288645
00:00:00.247	1.314286	1.309158	1.313553
00:00:00.248	1.357509	1.335531	1.368498
00:00:00.248	1.332601	1.328205	1.351648
00:00:00.248	1.296703	1.319414	1.306960
00:00:00.249	1.303297	1.315018	1.305495
00:00:00.249	1.289377	1.314286	1.278388
00:00:00.249	1.296703	1.320879	1.295238
00:00:00.250	1.307692	1.316484	1.284249
00:00:00.250	1.314286	1.317949	1.273993
00:00:00.251	1.306227	1.311355	1.306227
00:00:00.251	1.319414	1.323810	1.358974
00:00:00.251	1.323077	1.318681	1.361905
00:00:00.252	1.370696	1.319414	1.408791
00:00:00.252	1.358974	1.323077	1.353114
00:00:00.252	1.323810	1.320147	1.377289
00:00:00.253	1.331868	1.327473	1.379487
00:00:00.253	1.294505	1.320879	1.293040
00:00:00.253	1.280586	1.309890	1.255678
00:00:00.254	1.291575	1.306227	1.259341
00:00:00.254	1.304762	1.315751	1.297436
00:00:00.254	1.299634	1.305495	1.307692
00:00:00.255	1.317949	1.318681	1.320879
00:00:00.255	1.323810	1.321612	1.334799
00:00:00.256	1.280586	1.328205	1.343590
00:00:00.256	1.268132	1.327473	1.334066
00:00:00.256	1.302564	1.327473	1.325275
00:00:00.257	1.325275	1.320879	1.308425
00:00:00.257	1.328205	1.323810	1.308425
00:00:00.257	1.343590	1.323077	1.316484
00:00:00.258	1.354579	1.309158	1.298168
00:00:00.290	1.352381	1.325275	1.309158
00:00:00.290	1.309890	1.308425	1.300366
00:00:00.291	1.300366	1.315018	1.309158
00:00:00.291	1.329670	1.323810	1.332601
00:00:00.291	1.313553	1.328205	1.332601
00:00:00.292	1.296703	1.309890	1.316484
00:00:00.292	1.309158	1.322344	1.308425
00:00:00.292	1.315018	1.323077	1.323810
00:00:00.293	1.320147	1.320147	1.345788
00:00:00.293	1.316484	1.324542	1.333333
00:00:00.293	1.312821	1.323810	1.320879
00:00:00.294	1.308425	1.320147	1.318681
00:00:00.294	1.307692	1.316484	1.309158
00:00:00.295	1.311355	1.310623	1.312821
00:00:00.295	1.299634	1.315751	1.311355
00:00:00.295	1.297436	1.308425	1.318681
00:00:00.297	1.315018	1.327473	1.337729
00:00:00.297	1.315751	1.323077	1.327473
00:00:00.297	1.299634	1.310623	1.318681
00:00:00.297	1.317216	1.321612	1.320147
00:00:00.297	1.309890	1.322344	1.326740
00:00:00.297	1.321612	1.324542	1.323810
00:00:00.298	1.317216	1.319414	1.316484
00:00:00.298	1.306227	1.318681	1.310623
00:00:00.298	1.315018	1.321612	1.317216
00:00:00.299	1.312821	1.319414	1.315018
00:00:00.299	1.309158	1.310623	1.310623
00:00:00.300	1.310623	1.316484	1.310623
00:00:00.300	1.303297	1.314286	1.318681
00:00:00.300	1.310623	1.318681	1.311355
00:00:00.301	1.311355	1.323810	1.323810
00:00:00.301	1.312088	1.324542	1.315018
00:00:00.301	1.315018	1.320879	1.326740
00:00:00.302	1.320147	1.323810	1.328938
00:00:00.302	1.318681	1.325275	1.328938
00:00:00.302	1.320879	1.325275	1.320879
00:00:00.305	1.317949	1.315751	1.313553
00:00:00.305	1.314286	1.317216	1.327473
00:00:00.305	1.333333	1.315751	1.310623
00:00:00.305	1.319414	1.314286	1.305495
00:00:00.305	1.306960	1.310623	1.300366
00:00:00.305	1.316484	1.324542	1.312821
00:00:00.305	1.307692	1.323810	1.307692
00:00:00.306	1.285714	1.312821	1.305495
00:00:00.306	1.298901	1.325275	1.330403
00:00:00.306	1.309158	1.314286	1.335531
00:00:00.306	1.328205	1.324542	1.337729
00:00:00.307	1.326740	1.327473	1.326740
00:00:00.307	1.329670	1.318681	1.315751
00:00:00.310	1.337729	1.312821	1.322344
00:00:00.342	1.315018	1.320147	1.331868
00:00:00.342	1.308425	1.316484	1.308425
00:00:00.342	1.297436	1.312088	1.315751
00:00:00.342	1.294505	1.314286	1.293040
00:00:00.342	1.301099	1.314286	1.271062
00:00:00.342	1.295238	1.319414	1.292308
00:00:00.342	1.282784	1.313553	1.309890
00:00:00.342	1.298168	1.323810	1.331868
00:00:00.342	1.284982	1.326740	1.342125
00:00:00.343	1.292308	1.316484	1.334799
00:00:00.343	1.294505	1.310623	1.317949
00:00:00.344	1.331868	1.320879	1.319414
00:00:00.344	1.359707	1.320879	1.298168
00:00:00.344	1.369963	1.318681	1.289377
00:00:00.345	1.426374	1.323077	1.361172
00:00:00.345	1.402198	1.329670	1.381685
00:00:00.345	1.309890	1.328938	1.366300
00:00:00.346	1.282784	1.318681	1.329670
00:00:00.346	1.308425	1.318681	1.310623
00:00:00.346	1.304762	1.311355	1.308425
00:00:00.347	1.307692	1.323810	1.295238
00:00:00.347	1.312088	1.323077	1.312821
00:00:00.348	1.264469	1.320879	1.312088
00:00:00.349	1.224908	1.317949	1.296703
00:00:00.349	1.246886	1.318681	1.296703
00:00:00.349	1.295238	1.323077	1.304762
00:00:00.349	1.323810	1.319414	1.334066
00:00:00.349	1.321612	1.311355	1.315751
00:00:00.350	1.323810	1.308425	1.315751
00:00:00.350	1.331868	1.321612	1.328205
00:00:00.350	1.334799	1.324542	1.363370
00:00:00.351	1.326007	1.323810	1.337729
00:00:00.351	1.299634	1.312821	1.306227
00:00:00.351	1.291575	1.319414	1.296703
00:00:00.352	1.309158	1.323077	1.310623
00:00:00.352	1.318681	1.321612	1.328938
00:00:00.353	1.314286	1.320879	1.317949
00:00:00.353	1.309158	1.319414	1.309890
00:00:00.353	1.304762	1.319414	1.299634
00:00:00.354	1.364835	1.326007	1.318681
00:00:00.354	1.356044	1.323077	1.322344
00:00:00.354	1.339927	1.326740	1.375824
00:00:00.355	1.311355	1.314286	1.363370
00:00:00.355	1.307692	1.313553	1.336264
00:00:00.355	1.306227	1.322344	1.315018
00:00:00.356	1.297436	1.320147	1.310623
00:00:00.356	1.303297	1.323077	1.309890
00:00:00.356	1.300366	1.315751	1.305495
00:00:00.357	1.294505	1.305495	1.296703
00:00:00.357	1.315018	1.320879	1.321612
00:00:00.389	1.317216	1.326007	1.317949
00:00:00.390	1.319414	1.325275	1.315018
00:00:00.390	1.296703	1.313553	1.308425
00:00:00.390	1.304029	1.318681	1.315018
00:00:00.391	1.320879	1.324542	1.322344
00:00:00.391	1.311355	1.318681	1.315018
00:00:00.392	1.309890	1.325275	1.320879
00:00:00.392	1.308425	1.312821	1.315751
00:00:00.392	1.309158	1.321612	1.320147
00:00:00.393	1.312088	1.317216	1.317949
00:00:00.393	1.312088	1.317216	1.319414
00:00:00.393	1.315018	1.320147	1.312821
00:00:00.394	1.313553	1.319414	1.317949
00:00:00.394	1.320879	1.312088	1.320147
00:00:00.394	1.315018	1.310623	1.320879
00:00:00.395	1.316484	1.319414	1.321612
00:00:00.395	1.309158	1.317216	1.323077
00:00:00.395	1.308425	1.317949	1.320879
00:00:00.396	1.300366	1.318681	1.317216
00:00:00.396	1.309890	1.316484	1.316484
00:00:00.397	1.312088	1.317949	1.316484
00:00:00.397	1.319414	1.323810	1.323810
00:00:00.397	1.315751	1.318681	1.326007
00:00:00.399	1.312088	1.320879	1.320147
00:00:00.399	1.316484	1.323810	1.316484
00:00:00.399	1.314286	1.320879	1.313553
00:00:00.400	1.302564	1.306960	1.312821
00:00:00.400	1.295971	1.315018	1.323077
00:00:00.400	1.295971	1.318681	1.315018
00:00:00.401	1.303297	1.320879	1.309890
00:00:00.402	1.310623	1.326007	1.323077
00:00:00.402	1.319414	1.321612	1.317216
00:00:00.402	1.320879	1.312821	1.312821
00:00:00.402	1.327473	1.328205	1.331136
00:00:00.402	1.312088	1.317216	1.326007
00:00:00.402	1.336264	1.300366	1.317949
00:00:00.402	1.328938	1.306960	1.310623
00:00:00.406	1.301832	1.306960	1.315018
00:00:00.406	1.291575	1.312821	1.300366
00:00:00.406	1.300366	1.328938	1.310623
00:00:00.406	1.306227	1.326740	1.309158
00:00:00.406	1.294505	1.325275	1.323810
00:00:00.406	1.305495	1.328938	1.345055
00:00:00.406	1.312088	1.323810	1.335531
00:00:00.406	1.308425	1.316484	1.328938
00:00:00.406	1.307692	1.313553	1.319414
00:00:00.406	1.320147	1.324542	1.323810
00:00:00.406	1.312821	1.315018	1.328938
00:00:00.407	1.347253	1.322344	1.342125
00:00:00.407	1.334066	1.308425	1.328205
00:00:00.439	1.309158	1.320147	1.319414
00:00:00.440	1.312088	1.328205	1.317216
00:00:00.440	1.335531	1.322344	1.327473
00:00:00.440	1.326007	1.317216	1.297436
00:00:00.441	1.307692	1.312088	1.298901
00:00:00.441	1.302564	1.323810	1.316484
00:00:00.441	1.290110	1.317949	1.311355
00:00:00.442	1.309158	1.326007	1.312821
00:00:00.442	1.303297	1.318681	1.323810
00:00:00.442	1.289377	1.311355	1.312088
00:00:00.443	1.292308	1.315018	1.302564
00:00:00.443	1.306227	1.326740	1.319414
00:00:00.443	1.305495	1.324542	1.325275
00:00:00.444	1.297436	1.323077	1.312821
00:00:00.444	1.338462	1.313553	1.323810
00:00:00.445	1.353114	1.324542	1.356777
00:00:00.445	1.333333	1.329670	1.322344
00:00:00.445	1.318681	1.306960	1.293773
00:00:00.446	1.332601	1.307692	1.309890
00:00:00.446	1.320147	1.312821	1.312088
00:00:00.446	1.316484	1.321612	1.335531
00:00:00.447	1.315751	1.324542	1.314286
00:00:00.447	1.308425	1.316484	1.312088
00:00:00.447	1.307692	1.324542	1.332601
00:00:00.448	1.299634	1.314286	1.349451
00:00:00.448	1.306227	1.325275	1.354579
00:00:00.448	1.302564	1.323077	1.312088
00:00:00.449	1.279853	1.311355	1.276923
00:00:00.449	1.284982	1.322344	1.284249
00:00:00.450	1.265201	1.320879	1.314286
00:00:00.450	1.263736	1.326740	1.316484
00:00:00.450	1.282051	1.319414	1.313553
00:00:00.451	1.333333	1.320879	1.345788
00:00:00.451	1.375824	1.312088	1.338462
00:00:00.451	1.384615	1.322344	1.323810
00:00:00.452	1.401465	1.322344	1.373626
00:00:00.452	1.385348	1.323077	1.357509
00:00:00.453	1.347253	1.324542	1.326007
00:00:00.453	1.334066	1.328205	1.343590
00:00:00.453	1.293773	1.319414	1.306227
00:00:00.453	1.283516	1.322344	1.304029
00:00:00.454	1.301832	1.321612	1.312088
00:00:00.454	1.298901	1.313553	1.294505
00:00:00.455	1.282051	1.313553	1.307692
00:00:00.455	1.295971	1.328938	1.330403
00:00:00.455	1.280586	1.317216	1.311355
00:00:00.456	1.302564	1.323810	1.300366
00:00:00.456	1.299634	1.315751	1.284982
00:00:00.456	1.331868	1.315018	1.307692
00:00:00.457	1.353114	1.322344	1.321612
00:00:00.489	1.295971	1.317949	1.298168
00:00:00.489	1.296703	1.317949	1.302564
00:00:00.490	1.293773	1.317949	1.331136
00:00:00.490	1.304762	1.317216	1.378022
00:00:00.490	1.311355	1.317949	1.361172
00:00:00.491	1.298168	1.312088	1.314286
00:00:00.491	1.317216	1.320147	1.315018
00:00:00.491	1.304029	1.310623	1.309158
00:00:00.492	1.297436	1.310623	1.298901
00:00:00.492	1.326740	1.327473	1.320879
00:00:00.492	1.312088	1.314286	1.307692
00:00:00.493	1.307692	1.326740	1.312088
00:00:00.493	1.319414	1.324542	1.318681
00:00:00.494	1.315751	1.308425	1.315751
00:00:00.494	1.315018	1.315751	1.312088
00:00:00.494	1.317949	1.326007	1.331868
00:00:00.499	1.317216	1.322344	1.323810
00:00:00.499	1.311355	1.316484	1.306227
00:00:00.499	1.309158	1.316484	1.320147
00:00:00.499	1.304029	1.321612	1.320879
00:00:00.499	1.296703	1.320147	1.320879
00:00:00.499	1.312088	1.307692	1.315751
00:00:00.499	1.315018	1.304762	1.306227
00:00:00.499	1.323810	1.313553	1.307692
00:00:00.499	1.331136	1.326007	1.322344
00:00:00.499	1.315018	1.313553	1.314286
00:00:00.499	1.298901	1.319414	1.318681
00:00:00.499	1.312088	1.322344	1.319414
00:00:00.499	1.322344	1.326007	1.326007
00:00:00.499	1.317949	1.317949	1.326740
00:00:00.503	1.301832	1.312821	1.311355
00:00:00.503	1.309158	1.320879	1.323077
00:00:00.503	1.315751	1.323077	1.317216
00:00:00.503	1.305495	1.310623	1.314286
00:00:00.503	1.310623	1.327473	1.317216
00:00:00.503	1.312821	1.324542	1.312088
00:00:00.503	1.308425	1.315751	1.301099
00:00:00.503	1.328938	1.320879	1.315018
00:00:00.503	1.320879	1.312821	1.315018
00:00:00.503	1.316484	1.318681	1.331136
00:00:00.503	1.323077	1.320147	1.332601
00:00:00.504	1.319414	1.324542	1.340659
00:00:00.504	1.307692	1.317216	1.331136
00:00:00.504	1.294505	1.312088	1.315751
00:00:00.505	1.309158	1.326740	1.320879
00:00:00.505	1.297436	1.320879	1.317216
00:00:00.505	1.309890	1.328205	1.326740
00:00:00.506	1.302564	1.318681	1.308425
00:00:00.506	1.294505	1.311355	1.320879
00:00:00.506	1.308425	1.319414	1.323810
00:00:00.539	1.308425	1.326007	1.317949
00:00:00.539	1.319414	1.323077	1.313553
00:00:00.539	1.312088	1.308425	1.312088
00:00:00.540	1.345055	1.322344	1.339194
00:00:00.540	1.317949	1.306227	1.302564
00:00:00.540	1.320879	1.326007	1.287179
00:00:00.541	1.318681	1.323077	1.303297
00:00:00.541	1.302564	1.321612	1.303297
00:00:00.542	1.306960	1.317949	1.323810
00:00:00.542	1.305495	1.309890	1.336264
00:00:00.542	1.309158	1.320147	1.347253
00:00:00.543	1.331868	1.325275	1.339194
00:00:00.543	1.323077	1.314286	1.325275
00:00:00.543	1.300366	1.320147	1.292308
00:00:00.544	1.283516	1.318681	1.295238
00:00:00.544	1.272527	1.322344	1.298901
00:00:00.544	1.283516	1.322344	1.313553
00:00:00.545	1.304762	1.320879	1.296703
00:00:00.545	1.314286	1.311355	1.273260
00:00:00.545	1.336264	1.316484	1.307692
00:00:00.546	1.356044	1.328205	1.322344
00:00:00.546	1.359707	1.320879	1.322344
00:00:00.547	1.375092	1.323810	1.424176
00:00:00.547	1.397802	1.333333	1.430769
00:00:00.547	1.354579	1.320879	1.366300
00:00:00.548	1.283516	1.314286	1.328938
00:00:00.548	1.274725	1.321612	1.309158
00:00:00.548	1.284982	1.323077	1.298168
00:00:00.549	1.293040	1.311355	1.289377
00:00:00.549	1.312088	1.315751	1.288645
00:00:00.549	1.282784	1.315018	1.284982
00:00:00.550	1.271062	1.323810	1.294505
00:00:00.550	1.289377	1.311355	1.298901
00:00:00.550	1.345788	1.328205	1.348718
00:00:00.551	1.310623	1.312821	1.305495
00:00:00.551	1.306960	1.324542	1.320147
00:00:00.552	1.323077	1.325275	1.333333
00:00:00.552	1.326740	1.326007	1.339927
00:00:00.552	1.306960	1.316484	1.320879
00:00:00.553	1.306227	1.309890	1.320147
00:00:00.553	1.320879	1.311355	1.309890
00:00:00.553	1.311355	1.326007	1.317949
00:00:00.554	1.306960	1.326740	1.315751
00:00:00.554	1.309158	1.318681	1.310623
00:00:00.554	1.310623	1.320147	1.312821
00:00:00.555	1.304029	1.317949	1.306960
00:00:00.555	1.320147	1.323810	1.328205
00:00:00.556	1.320147	1.321612	1.323810
00:00:00.556	1.317949	1.319414	1.316484
00:00:00.556	1.314286	1.318681	1.316484
00:00:00.588	1.304762	1.313553	1.317949
00:00:00.590	1.303297	1.322344	1.322344
00:00:00.590	1.301832	1.310623	1.309890
00:00:00.590	1.312088	1.316484	1.312821
00:00:00.590	1.314286	1.320147	1.320147
00:00:00.590	1.293040	1.310623	1.305495
00:00:00.591	1.313553	1.328205	1.320879
00:00:00.591	1.327473	1.318681	1.332601
00:00:00.591	1.318681	1.325275	1.331868
00:00:00.593	1.298901	1.315751	1.317949
00:00:00.593	1.313553	1.320147	1.321612
00:00:00.593	1.331868	1.323810	1.327473
00:00:00.595	1.323810	1.312088	1.323810
00:00:00.595	1.336264	1.321612	1.323810
00:00:00.595	1.331868	1.317949	1.315751
00:00:00.595	1.312088	1.318681	1.317216
00:00:00.595	1.302564	1.309890	1.309890
00:00:00.595	1.310623	1.323077	1.327473
00:00:00.595	1.313553	1.319414	1.328938
00:00:00.595	1.310623	1.314286	1.323810
00:00:00.596	1.304762	1.314286	1.317216
00:00:00.596	1.313553	1.326007	1.323810
00:00:00.596	1.316484	1.321612	1.320879
00:00:00.600	1.317949	1.320147	1.312821
00:00:00.600	1.279121	1.318681	1.320147
00:00:00.600	1.254945	1.320879	1.320879
00:00:00.600	1.271062	1.320147	1.319414
00:00:00.600	1.301832	1.318681	1.318681
00:00:00.600	1.342125	1.318681	1.320147
00:00:00.600	1.343590	1.315018	1.310623
00:00:00.600	1.355311	1.320879	1.312088
00:00:00.600	1.350183	1.323077	1.315751
00:00:00.600	1.344322	1.323810	1.320147
00:00:00.600	1.310623	1.316484	1.320147
00:00:00.601	1.319414	1.321612	1.338462
00:00:00.601	1.334066	1.328938	1.356044
00:00:00.601	1.338462	1.325275	1.341392
00:00:00.602	1.334799	1.326740	1.323810
00:00:00.602	1.295238	1.317949	1.309890
00:00:00.602	1.257143	1.310623	1.299634
00:00:00.603	1.231502	1.319414	1.315018
00:00:00.603	1.258608	1.317216	1.315018
00:00:00.603	1.295238	1.317216	1.318681
00:00:00.604	1.300366	1.316484	1.310623
00:00:00.604	1.317216	1.323077	1.300366
00:00:00.605	1.323077	1.321612	1.272527
00:00:00.605	1.367033	1.315751	1.300366
00:00:00.605	1.380220	1.316484	1.312088
00:00:00.606	1.367033	1.325275	1.316484
00:00:00.606	1.367766	1.316484	1.336996
00:00:00.638	1.385348	1.324542	1.359707
00:00:00.639	1.371429	1.326740	1.369963
00:00:00.639	1.326740	1.328938	1.402930
00:00:00.639	1.293773	1.328205	1.358974
00:00:00.640	1.220513	1.312088	1.314286
00:00:00.640	1.214652	1.317216	1.293773
00:00:00.640	1.276190	1.329670	1.305495
00:00:00.641	1.292308	1.317216	1.294505
00:00:00.642	1.279853	1.312088	1.287179
00:00:00.642	1.288645	1.324542	1.299634
00:00:00.642	1.323077	1.309158	1.306960
00:00:00.642	1.345055	1.317216	1.333333
00:00:00.642	1.345055	1.312088	1.305495
00:00:00.643	1.339927	1.315018	1.323077
00:00:00.643	1.334066	1.332601	1.332601
00:00:00.644	1.293773	1.329670	1.291575
00:00:00.644	1.279853	1.318681	1.291575
00:00:00.644	1.311355	1.318681	1.303297
00:00:00.645	1.306960	1.312088	1.313553
00:00:00.645	1.326007	1.319414	1.309158
00:00:00.645	1.369963	1.320147	1.349451
00:00:00.646	1.358974	1.309890	1.353846
00:00:00.646	1.348718	1.319414	1.370696
00:00:00.646	1.326740	1.315751	1.358974
00:00:00.647	1.302564	1.315018	1.356777
00:00:00.647	1.304762	1.327473	1.322344
00:00:00.647	1.298168	1.325275	1.285714
00:00:00.648	1.301099	1.319414	1.295238
00:00:00.648	1.292308	1.313553	1.293773
00:00:00.649	1.290110	1.309890	1.300366
00:00:00.649	1.287179	1.312821	1.306960
00:00:00.649	1.304029	1.320147	1.315018
00:00:00.650	1.299634	1.320879	1.309890
00:00:00.650	1.317216	1.324542	1.323810
00:00:00.650	1.300366	1.315751	1.317949
00:00:00.652	1.314286	1.320879	1.323810
00:00:00.652	1.316484	1.323077	1.315751
00:00:00.652	1.307692	1.311355	1.311355
00:00:00.652	1.300366	1.311355	1.311355
00:00:00.652	1.303297	1.315751	1.320879
00:00:00.653	1.314286	1.323810	1.326007
00:00:00.653	1.321612	1.325275	1.324542
00:00:00.653	1.317216	1.318681	1.320879
00:00:00.654	1.318681	1.323810	1.323810
00:00:00.654	1.317216	1.326007	1.320147
00:00:00.654	1.305495	1.310623	1.318681
00:00:00.657	1.311355	1.325275	1.326007
00:00:00.657	1.315018	1.321612	1.320147
00:00:00.657	1.300366	1.317949	1.306227
00:00:00.657	1.320147	1.317216	1.314286
00:00:00.691	1.329670	1.318681	1.331868
00:00:00.691	1.312088	1.320879	1.323810
00:00:00.691	1.314286	1.326007	1.330403
00:00:00.691	1.309890	1.328205	1.324542
00:00:00.691	1.294505	1.320147	1.319414
00:00:00.691	1.295238	1.311355	1.311355
00:00:00.691	1.311355	1.314286	1.332601
00:00:00.691	1.321612	1.326007	1.312088
00:00:00.691	1.322344	1.320879	1.314286
00:00:00.691	1.339194	1.326740	1.323077
00:00:00.695	1.325275	1.324542	1.323810
00:00:00.695	1.309158	1.315751	1.309890
00:00:00.695	1.280586	1.306960	1.296703
00:00:00.695	1.296703	1.315751	1.313553
00:00:00.695	1.317216	1.312088	1.300366
00:00:00.695	1.313553	1.319414	1.317216
00:00:00.695	1.323810	1.321612	1.323810
00:00:00.695	1.317949	1.325275	1.332601
00:00:00.695	1.316484	1.313553	1.333333
00:00:00.695	1.314286	1.326007	1.351648
00:00:00.695	1.275458	1.312088	1.346520
00:00:00.695	1.255678	1.320879	1.326740
00:00:00.696	1.231502	1.308425	1.301832
00:00:00.696	1.264469	1.313553	1.304029
00:00:00.697	1.301099	1.323810	1.304762
00:00:00.697	1.353114	1.316484	1.293040
00:00:00.697	1.420513	1.310623	1.288645
00:00:00.698	1.439560	1.323077	1.280586
00:00:00.698	1.427839	1.313553	1.353114
00:00:00.698	1.386081	1.328938	1.359707
00:00:00.699	1.312088	1.320879	1.341392
00:00:00.699	1.285714	1.308425	1.321612
00:00:00.699	1.273993	1.313553	1.314286
00:00:00.700	1.284249	1.324542	1.336996
00:00:00.700	1.301832	1.332601	1.323077
00:00:00.700	1.292308	1.309890	1.292308
00:00:00.701	1.301832	1.320879	1.308425
00:00:00.701	1.301832	1.324542	1.319414
00:00:00.702	1.297436	1.322344	1.313553
00:00:00.702	1.310623	1.322344	1.346520
00:00:00.702	1.309158	1.318681	1.350183
00:00:00.703	1.315751	1.323077	1.326740
00:00:00.703	1.299634	1.322344	1.315751
00:00:00.703	1.298901	1.325275	1.309158
00:00:00.704	1.304762	1.320147	1.295238
00:00:00.704	1.306960	1.320879	1.306227
00:00:00.704	1.311355	1.314286	1.298168
00:00:00.705	1.317216	1.314286	1.306960
00:00:00.705	1.310623	1.307692	1.298901
00:00:00.705	1.320879	1.313553	1.293040
00:00:00.738	1.301099	1.310623	1.299634
00:00:00.738	1.284249	1.328938	1.333333
00:00:00.738	1.311355	1.323810	1.342857
00:00:00.739	1.311355	1.323810	1.343590
00:00:00.739	1.315018	1.328938	1.336996
00:00:00.739	1.325275	1.315751	1.333333
00:00:00.740	1.305495	1.309890	1.306227
00:00:00.740	1.306227	1.316484	1.315751
00:00:00.741	1.315018	1.320147	1.323810
00:00:00.741	1.307692	1.304762	1.314286
00:00:00.741	1.335531	1.330403	1.332601
00:00:00.742	1.326740	1.326007	1.332601
00:00:00.742	1.293040	1.312821	1.312088
00:00:00.742	1.296703	1.316484	1.310623
00:00:00.743	1.289377	1.326740	1.300366
00:00:00.743	1.280586	1.323077	1.283516
00:00:00.743	1.293040	1.320147	1.264469
00:00:00.744	1.306227	1.314286	1.260806
00:00:00.744	1.291575	1.310623	1.278388
00:00:00.744	1.284249	1.321612	1.316484
00:00:00.745	1.323810	1.317949	1.351648
00:00:00.746	1.390476	1.319414	1.403663
00:00:00.746	1.391941	1.327473	1.385348
00:00:00.746	1.341392	1.323810	1.335531
00:00:00.746	1.329670	1.312088	1.344322
