timestamp	ch1	ch2	ch3
00:00:00.000	1.339194	1.323077	1.318681
00:00:00.000	1.311355	1.323077	1.316484
00:00:00.000	1.288645	1.313553	1.314286
00:00:00.000	1.314286	1.318681	1.317949
00:00:00.000	1.323810	1.311355	1.320147
00:00:00.001	1.317949	1.323077	1.319414
00:00:00.002	1.296703	1.317216	1.315751
00:00:00.002	1.316484	1.323810	1.319414
00:00:00.002	1.321612	1.315751	1.304029
00:00:00.002	1.332601	1.324542	1.323810
00:00:00.003	1.305495	1.315018	1.326007
00:00:00.003	1.306227	1.317949	1.312821
00:00:00.003	1.299634	1.322344	1.321612
00:00:00.004	1.302564	1.320879	1.322344
00:00:00.004	1.306960	1.320879	1.333333
00:00:00.004	1.305495	1.322344	1.330403
00:00:00.005	1.305495	1.318681	1.326007
00:00:00.005	1.297436	1.324542	1.320147
00:00:00.005	1.292308	1.323077	1.316484
00:00:00.006	1.290842	1.317216	1.317216
00:00:00.006	1.334799	1.325275	1.308425
00:00:00.006	1.351648	1.312088	1.293773
00:00:00.007	1.358242	1.316484	1.308425
00:00:00.007	1.401465	1.323077	1.323810
00:00:00.008	1.372161	1.323810	1.337729
00:00:00.008	1.323810	1.310623	1.335531
00:00:00.008	1.247619	1.326007	1.338462
00:00:00.009	1.185348	1.309158	1.306227
00:00:00.009	1.167033	1.315018	1.323077
00:00:00.009	1.257875	1.312821	1.309158
00:00:00.010	1.273993	1.309890	1.309890
00:00:00.010	1.320147	1.320147	1.319414
00:00:00.010	1.345788	1.326740	1.323810
00:00:00.011	1.383883	1.323810	1.317949
00:00:00.011	1.360440	1.306960	1.308425
00:00:00.012	1.334799	1.317216	1.333333
00:00:00.012	1.372894	1.324542	1.323077
00:00:00.012	1.331136	1.309890	1.310623
00:00:00.013	1.304029	1.306227	1.304029
00:00:00.013	1.326007	1.324542	1.326740
00:00:00.013	1.296703	1.320879	1.326007
00:00:00.014	1.291575	1.320879	1.322344
00:00:00.014	1.280586	1.328205	1.320147
00:00:00.014	1.270330	1.312088	1.312088
00:00:00.015	1.273260	1.314286	1.313553
00:00:00.015	1.265934	1.323810	1.319414
00:00:00.015	1.294505	1.328205	1.323810
00:00:00.016	1.322344	1.328205	1.328205
00:00:00.016	1.307692	1.323810	1.330403
00:00:00.017	1.276190	1.317949	1.319414
00:00:00.049	1.411722	1.323077	1.323077
00:00:00.049	1.521612	1.331868	1.336264
00:00:00.049	1.474725	1.319414	1.317949
00:00:00.050	1.338462	1.320147	1.304762
00:00:00.050	1.345788	1.322344	1.313553
00:00:00.051	1.200733	1.321612	1.312088
00:00:00.051	1.175092	1.320879	1.307692
00:00:00.051	1.115751	1.323077	1.329670
00:00:00.052	1.259341	1.312821	1.319414
00:00:00.052	1.360440	1.317949	1.307692
00:00:00.052	1.446154	1.318681	1.312088
00:00:00.053	1.424176	1.311355	1.320879
00:00:00.053	1.360440	1.322344	1.334066
00:00:00.053	1.328938	1.324542	1.326740
00:00:00.054	1.258608	1.317949	1.322344
00:00:00.054	1.264469	1.326007	1.326007
00:00:00.054	1.271795	1.313553	1.317949
00:00:00.055	1.276923	1.317949	1.323810
00:00:00.055	1.309158	1.317949	1.326007
00:00:00.057	1.352381	1.321612	1.317949
00:00:00.057	1.347253	1.312821	1.307692
00:00:00.057	1.271795	1.316484	1.323810
00:00:00.058	1.290842	1.323810	1.315018
00:00:00.058	1.318681	1.323077	1.309158
00:00:00.058	1.337729	1.321612	1.312821
00:00:00.059	1.319414	1.323077	1.322344
00:00:00.059	1.295238	1.312821	1.315751
00:00:00.059	1.305495	1.321612	1.323810
00:00:00.059	1.314286	1.324542	1.328205
00:00:00.059	1.332601	1.327473	1.333333
00:00:00.059	1.349451	1.314286	1.331868
00:00:00.060	1.334799	1.260806	1.320879
00:00:00.060	1.309890	1.248352	1.309158
00:00:00.065	1.294505	1.297436	1.316484
00:00:00.065	1.245421	1.326007	1.312821
00:00:00.065	1.235897	1.336264	1.309158
00:00:00.065	1.225641	1.329670	1.308425
00:00:00.065	1.319414	1.364103	1.323810
00:00:00.065	1.361172	1.404396	1.318681
00:00:00.065	1.353846	1.378755	1.312088
00:00:00.065	1.342857	1.323810	1.326007
00:00:00.065	1.334799	1.317949	1.317949
00:00:00.065	1.339927	1.311355	1.311355
00:00:00.065	1.332601	1.337729	1.317949
00:00:00.065	1.327473	1.347253	1.313553
00:00:00.065	1.299634	1.350183	1.323810
00:00:00.065	1.300366	1.318681	1.327473
00:00:00.066	1.300366	1.296703	1.320879
00:00:00.066	1.301099	1.298168	1.317216
00:00:00.066	1.298901	1.299634	1.321612
00:00:00.098	1.306960	1.307692	1.326007
00:00:00.099	1.332601	1.313553	1.332601
00:00:00.099	1.329670	1.315751	1.328938
00:00:00.100	1.329670	1.306227	1.328938
00:00:00.100	1.325275	1.316484	1.334066
00:00:00.100	1.327473	1.319414	1.327473
00:00:00.101	1.275458	1.312821	1.314286
00:00:00.101	1.233700	1.306960	1.304029
00:00:00.101	1.249084	1.318681	1.309890
00:00:00.102	1.276923	1.331136	1.318681
00:00:00.102	1.320147	1.329670	1.317216
00:00:00.102	1.324542	1.312821	1.300366
00:00:00.103	1.323810	1.309158	1.318681
00:00:00.103	1.426374	1.316484	1.323810
00:00:00.104	1.468132	1.312088	1.318681
00:00:00.104	1.469597	1.300366	1.323077
00:00:00.104	1.304762	1.316484	1.333333
00:00:00.105	1.149451	1.301832	1.296703
00:00:00.105	1.273260	1.311355	1.308425
00:00:00.105	1.332601	1.323810	1.330403
00:00:00.106	1.328205	1.332601	1.328938
00:00:00.106	1.312088	1.326007	1.318681
00:00:00.106	1.329670	1.320879	1.326740
00:00:00.107	1.312088	1.325275	1.329670
00:00:00.107	1.305495	1.326007	1.320879
00:00:00.107	1.315018	1.319414	1.317216
00:00:00.108	1.282051	1.312821	1.304029
00:00:00.108	1.218315	1.313553	1.312088
00:00:00.109	1.316484	1.312821	1.309890
00:00:00.109	1.389744	1.331868	1.333333
00:00:00.109	1.388278	1.326007	1.331136
00:00:00.110	1.312088	1.318681	1.303297
00:00:00.110	1.258608	1.316484	1.306227
00:00:00.110	1.249084	1.317949	1.323810
00:00:00.111	1.198535	1.323810	1.330403
00:00:00.111	1.268864	1.320879	1.318681
00:00:00.111	1.315018	1.315751	1.318681
00:00:00.112	1.333333	1.317949	1.323810
00:00:00.112	1.334066	1.315018	1.320879
00:00:00.112	1.315018	1.323077	1.332601
00:00:00.113	1.276923	1.320147	1.322344
00:00:00.113	1.329670	1.317216	1.317949
00:00:00.114	1.331136	1.319414	1.310623
00:00:00.115	1.293040	1.321612	1.300366
00:00:00.115	1.277656	1.320879	1.294505
00:00:00.115	1.295971	1.323077	1.290842
00:00:00.115	1.318681	1.312821	1.291575
00:00:00.115	1.322344	1.307692	1.284249
00:00:00.116	1.343590	1.318681	1.307692
00:00:00.116	1.387546	1.315018	1.347253
00:00:00.148	1.364835	1.312088	1.353846
00:00:00.149	1.332601	1.323077	1.375824
00:00:00.149	1.300366	1.312088	1.355311
00:00:00.149	1.392674	1.320147	1.377289
00:00:00.150	1.297436	1.320147	1.328205
00:00:00.150	1.268864	1.319414	1.293040
00:00:00.150	1.271062	1.317949	1.285714
00:00:00.151	1.260806	1.321612	1.304762
00:00:00.151	1.261538	1.320879	1.306227
00:00:00.151	1.292308	1.323810	1.323810
00:00:00.152	1.305495	1.314286	1.309890
00:00:00.152	1.338462	1.318681	1.312821
00:00:00.154	1.378755	1.310623	1.306227
00:00:00.154	1.320147	1.318681	1.306227
00:00:00.154	1.318681	1.317216	1.304762
00:00:00.156	1.326007	1.322344	1.332601
00:00:00.156	1.333333	1.319414	1.328205
00:00:00.156	1.347985	1.315751	1.300366
00:00:00.156	1.380952	1.317216	1.323810
00:00:00.156	1.369963	1.318681	1.363370
00:00:00.156	1.282051	1.309890	1.328205
00:00:00.156	1.256410	1.312821	1.298168
00:00:00.156	1.231502	1.319414	1.304762
00:00:00.156	1.293040	1.323810	1.309158
00:00:00.161	1.309158	1.313553	1.305495
00:00:00.161	1.313553	1.319414	1.320879
00:00:00.161	1.323810	1.318681	1.331868
00:00:00.161	1.351648	1.328205	1.331136
00:00:00.161	1.351648	1.326740	1.328205
00:00:00.161	1.305495	1.323077	1.313553
00:00:00.161	1.333333	1.320147	1.311355
00:00:00.161	1.266667	1.306960	1.307692
00:00:00.161	1.301099	1.317949	1.317216
00:00:00.161	1.309158	1.323077	1.323810
00:00:00.161	1.424176	1.318681	1.327473
00:00:00.161	1.394139	1.304029	1.317216
00:00:00.161	1.283516	1.318681	1.326740
00:00:00.162	1.158242	1.316484	1.322344
00:00:00.163	1.257875	1.317949	1.323077
00:00:00.163	1.271795	1.323077	1.319414
00:00:00.163	1.270330	1.320879	1.316484
00:00:00.163	1.285714	1.309890	1.312088
00:00:00.163	1.345055	1.330403	1.323810
00:00:00.164	1.381685	1.330403	1.327473
00:00:00.164	1.389011	1.320879	1.318681
00:00:00.164	1.372161	1.319414	1.321612
00:00:00.165	1.260073	1.307692	1.305495
00:00:00.165	1.310623	1.306960	1.311355
00:00:00.165	1.330403	1.251282	1.330403
00:00:00.166	1.274725	1.258608	1.332601
