t_ns,ch1_V,ch2_V,ch3_V
0,0.500000,1.500000,2.500000
1990500,0.500000,1.500000,2.500000
7405000,0.500000,1.500000,2.500000
8605000,0.500000,1.500000,2.500000
10109399,0.500000,1.500000,2.500000
11685099,0.500000,1.500000,2.500000
13395000,0.500000,1.500000,2.500000
14997899,0.500000,1.500000,2.500000
16581199,0.500000,1.500000,2.500000
18182899,0.500000,1.500000,2.500000
19788199,0.500000,1.500000,2.500000
21391200,0.500000,1.500000,2.500000
22993700,0.500000,1.500000,2.500000
24569499,0.500000,1.500000,2.500000
26150700,0.500000,1.500000,2.500000
27744799,0.500000,1.500000,2.500000
29452499,0.500000,1.500000,2.500000
31082900,0.500000,1.500000,2.500000
32609399,0.500000,1.500000,2.500000
34190200,0.500000,1.500000,2.500000
35766699,0.500000,1.500000,2.500000
37414600,0.500000,1.500000,2.500000
38998000,0.500000,1.500000,2.500000
40573799,0.500000,1.500000,2.500000
42119099,0.500000,1.500000,2.500000
44522500,0.500000,1.500000,2.500000
47599500,0.500000,1.500000,2.500000
49822200,0.500000,1.500000,2.500000
51457900,0.500000,1.500000,2.500000
55208700,0.500000,1.500000,2.500000
65485600,0.500000,1.500000,2.500000
66879300,0.500000,1.500000,2.500000
68376700,0.500000,1.500000,2.500000
71308400,0.500000,1.500000,2.500000
75855100,0.500000,1.500000,2.500000
83231000,0.500000,1.500000,2.500000
84393600,0.500000,1.500000,2.500000
91253400,0.500000,1.500000,2.500000
92981800,0.500000,1.500000,2.500000
95062899,0.500000,1.500000,2.500000
96659700,0.500000,1.500000,2.500000
101992800,0.500000,1.500000,2.500000
103622900,0.500000,1.500000,2.500000
106030299,0.500000,1.500000,2.500000
113160300,0.500000,1.500000,2.500000
114788300,0.500000,1.500000,2.500000
116409000,0.500000,1.500000,2.500000
118177199,0.500000,1.500000,2.500000
123696200,0.500000,1.500000,2.500000
125390799,0.500000,1.500000,2.500000
127042899,0.500000,1.500000,2.500000
128664299,0.500000,1.500000,2.500000
130365299,0.500000,1.500000,2.500000
134515500,0.500000,1.500000,2.500000
143104000,0.500000,1.500000,2.500000
145456300,0.500000,1.500000,2.500000
146686100,0.500000,1.500000,2.500000
148602200,0.500000,1.500000,2.500000
149722000,0.500000,1.500000,2.500000
151311000,0.500000,1.500000,2.500000
152932800,0.500000,1.500000,2.500000
154911600,0.500000,1.500000,2.500000
157380000,0.500000,1.500000,2.500000
162007200,0.500000,1.500000,2.500000
168437100,0.500000,1.500000,2.500000
171635099,0.500000,1.500000,2.500000
173252300,0.500000,1.500000,2.500000
174868300,0.500000,1.500000,2.500000
176474600,0.500000,1.500000,2.500000
178407999,0.500000,1.500000,2.500000
185565400,0.500000,1.500000,2.500000
187085199,0.500000,1.500000,2.500000
194690900,0.500000,1.500000,2.500000
195933700,0.500000,1.500000,2.500000
201698099,0.500000,1.500000,2.500000
203686699,0.500000,1.500000,2.500000
204810800,0.500000,1.500000,2.500000
207036100,0.500000,1.500000,2.500000
208439000,0.500000,1.500000,2.500000
212897700,0.500000,1.500000,2.500000
214077700,0.500000,1.500000,2.500000
215607800,0.500000,1.500000,2.500000
217538700,0.500000,1.500000,2.500000
219180899,0.500000,1.500000,2.500000
223030799,0.500000,1.500000,2.500000
230011899,0.500000,1.500000,2.500000
232048300,0.500000,1.500000,2.500000
234271200,0.500000,1.500000,2.500000
235898300,0.500000,1.500000,2.500000
238234399,0.500000,1.500000,2.500000
241657600,0.500000,1.500000,2.500000
250517599,0.500000,1.500000,2.500000
251887899,0.500000,1.500000,2.500000
253949400,0.500000,1.500000,2.500000
259382099,0.500000,1.500000,2.500000
261116699,0.500000,1.500000,2.500000
268097599,0.500000,1.500000,2.500000
270490100,0.500000,1.500000,2.500000
271628800,0.500000,1.500000,2.500000
276383700,0.500000,1.500000,2.500000
278335200,0.500000,1.500000,2.500000
279766200,0.500000,1.500000,2.500000
284766199,0.500000,1.500000,2.500000
285870300,0.500000,1.500000,2.500000
287369099,0.500000,1.500000,2.500000
288947200,0.500000,1.500000,2.500000
290509300,0.500000,1.500000,2.500000
292514699,0.500000,1.500000,2.500000
297865699,0.500000,1.500000,2.500000
304113099,0.500000,1.500000,2.500000
306390300,0.500000,1.500000,2.500000
307694900,0.500000,1.500000,2.500000
317044800,0.500000,1.500000,2.500000
319329700,0.500000,1.500000,2.500000
320950699,0.500000,1.500000,2.500000
327143800,0.500000,1.500000,2.500000
328534799,0.500000,1.500000,2.500000
330061400,0.500000,1.500000,2.500000
332188400,0.500000,1.500000,2.500000
335178699,0.500000,1.500000,2.500000
336782099,0.500000,1.500000,2.500000
338377400,0.500000,1.500000,2.500000
340122599,0.500000,1.500000,2.500000
344792399,0.500000,1.500000,2.500000
352770299,0.500000,1.500000,2.500000
353909899,0.500000,1.500000,2.500000
362117500,0.500000,1.500000,2.500000
363784599,0.500000,1.500000,2.500000
370743500,0.500000,1.500000,2.500000
372033899,0.500000,1.500000,2.500000
376970999,0.500000,1.500000,2.500000
379249899,0.500000,1.500000,2.500000
380941399,0.500000,1.500000,2.500000
382469299,0.500000,1.500000,2.500000
384690099,0.500000,1.500000,2.500000
389410399,0.500000,1.500000,2.500000
390733500,0.500000,1.500000,2.500000
392271099,0.500000,1.500000,2.500000
394964400,0.500000,1.500000,2.500000
398134200,0.500000,1.500000,2.500000
402445600,0.500000,1.500000,2.500000
408576699,0.500000,1.500000,2.500000
409906799,0.500000,1.500000,2.500000
417315099,0.500000,1.500000,2.500000
418488499,0.500000,1.500000,2.500000
420073300,0.500000,1.500000,2.500000
425765200,0.500000,1.500000,2.500000
427396799,0.500000,1.500000,2.500000
429831800,0.500000,1.500000,2.500000
431631300,0.500000,1.500000,2.500000
436607299,0.500000,1.500000,2.500000
437729299,0.500000,1.500000,2.500000
439351799,0.500000,1.500000,2.500000
441847100,0.500000,1.500000,2.500000
447775500,0.500000,1.500000,2.500000
454597299,0.500000,1.500000,2.500000
456211299,0.500000,1.500000,2.500000
464773799,0.500000,1.500000,2.500000
466138600,0.500000,1.500000,2.500000
467576700,0.500000,1.500000,2.500000
473672799,0.500000,1.500000,2.500000
474784099,0.500000,1.500000,2.500000
478849400,0.500000,1.500000,2.500000
480347600,0.500000,1.500000,2.500000
486887200,0.500000,1.500000,2.500000
488513800,0.500000,1.500000,2.500000
490911499,0.500000,1.500000,2.500000
494758100,0.500000,1.500000,2.500000
499398599,0.500000,1.500000,2.500000
505131400,0.500000,1.500000,2.500000
507581600,0.500000,1.500000,2.500000
508714700,0.500000,1.500000,2.500000
518388800,0.500000,1.500000,2.500000
519842300,0.500000,1.500000,2.500000
526221200,0.500000,1.500000,2.500000
527370700,0.500000,1.500000,2.500000
529113199,0.500000,1.500000,2.500000
530917900,0.500000,1.500000,2.500000
532489999,0.500000,1.500000,2.500000
537533100,0.500000,1.500000,2.500000
538652499,0.500000,1.500000,2.500000
540536799,0.500000,1.500000,2.500000
543126700,0.500000,1.500000,2.500000
548686699,0.500000,1.500000,2.500000
556341800,0.500000,1.500000,2.500000
558848699,0.500000,1.500000,2.500000
559944100,0.500000,1.500000,2.500000
561849800,0.500000,1.500000,2.500000
569650999,0.500000,1.500000,2.500000
570972000,0.500000,1.500000,2.500000
572689900,0.500000,1.500000,2.500000
578122300,0.500000,1.500000,2.500000
579282999,0.500000,1.500000,2.500000
582155399,0.500000,1.500000,2.500000
585532999,0.500000,1.500000,2.500000
586618100,0.500000,1.500000,2.500000
588265899,0.500000,1.500000,2.500000
589930900,0.500000,1.500000,2.500000
596538300,0.500000,1.500000,2.500000
606519799,0.500000,1.500000,2.500000
607944900,0.500000,1.500000,2.500000
609259400,0.500000,1.500000,2.500000
610871600,0.500000,1.500000,2.500000
612374800,0.500000,1.500000,2.500000
615728600,0.500000,1.500000,2.500000
621253400,0.500000,1.500000,2.500000
625597500,0.500000,1.500000,2.500000
633665200,0.500000,1.500000,2.500000
634824200,0.500000,1.500000,2.500000
636461200,0.500000,1.500000,2.500000
638077700,0.500000,1.500000,2.500000
645153400,0.500000,1.500000,2.500000
646754000,0.500000,1.500000,2.500000
648369399,0.500000,1.500000,2.500000
658537000,0.500000,1.500000,2.500000
659658600,0.500000,1.500000,2.500000
666196099,0.500000,1.500000,2.500000
668849200,0.500000,1.500000,2.500000
673701200,0.500000,1.500000,2.500000
674953800,0.500000,1.500000,2.500000
676523900,0.500000,1.500000,2.500000
678118000,0.500000,1.500000,2.500000
680695600,0.500000,1.500000,2.500000
685238600,0.500000,1.500000,2.500000
691089100,0.500000,1.500000,2.500000
693835199,0.500000,1.500000,2.500000
695223599,0.500000,1.500000,2.500000
696332799,0.500000,1.500000,2.500000
704075000,0.500000,1.500000,2.500000
705702699,0.500000,1.500000,2.500000
712539699,0.500000,1.500000,2.500000
714128200,0.500000,1.500000,2.500000
716175900,0.500000,1.500000,2.500000
717687000,0.500000,1.500000,2.500000
722252200,0.500000,1.500000,2.500000
723807900,0.500000,1.500000,2.500000
725332399,0.500000,1.500000,2.500000
726880900,0.500000,1.500000,2.500000
730143100,0.500000,1.500000,2.500000
734846799,0.500000,1.500000,2.500000
741917300,0.500000,1.500000,2.500000
743524700,0.500000,1.500000,2.500000
747649700,0.500000,1.500000,2.500000
749035200,0.500000,1.500000,2.500000
751499800,0.500000,1.500000,2.500000
755824799,0.500000,1.500000,2.500000
762140999,0.500000,1.500000,2.500000
765842699,0.500000,1.500000,2.500000
766911700,0.500000,1.500000,2.500000
768447599,0.500000,1.500000,2.500000
769977700,0.500000,1.500000,2.500000
775256499,0.500000,1.500000,2.500000
776516800,0.500000,1.500000,2.500000
783914799,0.500000,1.500000,2.500000
786741700,0.500000,1.500000,2.500000
787840500,0.500000,1.500000,2.500000
789409400,0.500000,1.500000,2.500000
791011400,0.500000,1.500000,2.500000
792577899,0.500000,1.500000,2.500000
794228099,0.500000,1.500000,2.500000
796040699,0.500000,1.500000,2.500000
797978599,0.500000,1.500000,2.500000
799543900,0.500000,1.500000,2.500000
800638000,0.500000,1.500000,2.500000
805186600,0.500000,1.500000,2.500000
806264600,0.500000,1.500000,2.500000
808107000,0.500000,1.500000,2.500000
810809700,0.500000,1.500000,2.500000
813038400,0.500000,1.500000,2.500000
819162799,0.500000,1.500000,2.500000
827301299,0.500000,1.500000,2.500000
828457100,0.500000,1.500000,2.500000
830066800,0.500000,1.500000,2.500000
836864199,0.500000,1.500000,2.500000
839536300,0.500000,1.500000,2.500000
841154399,0.500000,1.500000,2.500000
848043500,0.500000,1.500000,2.500000
849114600,0.500000,1.500000,2.500000
851679100,0.500000,1.500000,2.500000
856287200,0.500000,1.500000,2.500000
858031399,0.500000,1.500000,2.500000
859642100,0.500000,1.500000,2.500000
861371400,0.500000,1.500000,2.500000
862842900,0.500000,1.500000,2.500000
866164300,0.500000,1.500000,2.500000
870036899,0.500000,1.500000,2.500000
876569500,0.500000,1.500000,2.500000
877677299,0.500000,1.500000,2.500000
879266100,0.500000,1.500000,2.500000
888588100,0.500000,1.500000,2.500000
890299600,0.500000,1.500000,2.500000
892937700,0.500000,1.500000,2.500000
897928700,0.500000,1.500000,2.500000
899104000,0.500000,1.500000,2.500000
901243699,0.500000,1.500000,2.500000
906192700,0.500000,1.500000,2.500000
907810999,0.500000,1.500000,2.500000
909407799,0.500000,1.500000,2.500000
914400699,0.500000,1.500000,2.500000
918413699,0.500000,1.500000,2.500000
928932599,0.500000,1.500000,2.500000
930700500,0.500000,1.500000,2.500000
938352299,0.500000,1.500000,2.500000
940011099,0.500000,1.500000,2.500000
947360400,0.500000,1.500000,2.500000
948691600,0.500000,1.500000,2.500000
950391600,0.500000,1.500000,2.500000
953004900,0.500000,1.500000,2.500000
957805600,0.500000,1.500000,2.500000
959066299,0.500000,1.500000,2.500000
960473400,0.500000,1.500000,2.500000
963037599,0.500000,1.500000,2.500000
965417699,0.500000,1.500000,2.500000
970397500,0.500000,1.500000,2.500000
978236800,0.500000,1.500000,2.500000
979810099,0.500000,1.500000,2.500000
988851499,0.500000,1.500000,2.500000
992393500,0.500000,1.500000,2.500000
993513499,0.500000,1.500000,2.500000
995250599,0.500000,1.500000,2.500000
1000202700,0.500000,1.500000,2.500000
1003709900,0.500000,1.500000,2.500000
1004811300,0.500000,1.500000,2.500000
1009137699,0.500000,1.500000,2.500000
1010392500,0.500000,1.500000,2.500000
1011892000,0.500000,1.500000,2.500000
1013591000,0.500000,1.500000,2.500000
1015385400,0.500000,1.500000,2.500000
1018497700,0.500000,1.500000,2.500000
1023765500,0.500000,1.500000,2.500000
1028982499,0.500000,1.500000,2.500000
1035939499,0.500000,1.500000,2.500000
1037094100,0.500000,1.500000,2.500000
1039050799,0.500000,1.500000,2.500000
1040117099,0.500000,1.500000,2.500000
1042326900,0.500000,1.500000,2.500000
1048498600,0.500000,1.500000,2.500000
1056832100,0.500000,1.500000,2.500000
1058438100,0.500000,1.500000,2.500000
1060022899,0.500000,1.500000,2.500000
1062433300,0.500000,1.500000,2.500000
1069175399,0.500000,1.500000,2.500000
1070624799,0.500000,1.500000,2.500000
1079044300,0.500000,1.500000,2.500000
1080757900,0.500000,1.500000,2.500000
1082264299,0.500000,1.500000,2.500000
1086831900,0.500000,1.500000,2.500000
1088784300,0.500000,1.500000,2.500000
1091519200,0.500000,1.500000,2.500000
1098038700,0.500000,1.500000,2.500000
1099502500,0.500000,1.500000,2.500000
1101550300,0.500000,1.500000,2.500000
1106527600,0.500000,1.500000,2.500000
1116484300,0.500000,1.500000,2.500000
1117732700,0.500000,1.500000,2.500000
1125991200,0.500000,1.500000,2.500000
1127605399,0.500000,1.500000,2.500000
1137948299,0.500000,1.500000,2.500000
1142075199,0.500000,1.500000,2.500000
1146745800,0.500000,1.500000,2.500000
1148391800,0.500000,1.500000,2.500000
1149976500,0.500000,1.500000,2.500000
1152710000,0.500000,1.500000,2.500000
1157407099,0.500000,1.500000,2.500000
1165417500,0.500000,1.500000,2.500000
1166510200,0.500000,1.500000,2.500000
1173394199,0.500000,1.500000,2.500000
1174475300,0.500000,1.500000,2.500000
1179717200,0.500000,1.500000,2.500000
1181085099,0.500000,1.500000,2.500000
1182792600,0.500000,1.500000,2.500000
1183887099,0.500000,1.500000,2.500000
1188384799,0.500000,1.500000,2.500000
1189460900,0.500000,1.500000,2.500000
1191117200,0.500000,1.500000,2.500000
1192948000,0.500000,1.500000,2.500000
1197270500,0.500000,1.500000,2.500000
1204535700,0.500000,1.500000,2.500000
1205611900,0.500000,1.500000,2.500000
1212604000,0.500000,1.500000,2.500000
1213745400,0.500000,1.500000,2.500000
1219399100,0.500000,1.500000,2.500000
1222094099,0.500000,1.500000,2.500000
1226117899,0.500000,1.500000,2.500000
1227183299,0.500000,1.500000,2.500000
1230073200,0.500000,1.500000,2.500000
1234102900,0.500000,1.500000,2.500000
1239739299,0.500000,1.500000,2.500000
1240794299,0.500000,1.500000,2.500000
1248057700,0.500000,1.500000,2.500000
1253351100,0.500000,1.500000,2.500000
1257047300,0.500000,1.500000,2.500000
1259139000,0.500000,1.500000,2.500000
1264684200,0.500000,1.500000,2.500000
1266302399,0.500000,1.500000,2.500000
1270827300,0.500000,1.500000,2.500000
1276828800,0.500000,1.500000,2.500000
1278001099,0.500000,1.500000,2.500000
1283879800,0.500000,1.500000,2.500000
1287683399,0.500000,1.500000,2.500000
1291639700,0.500000,1.500000,2.500000
1292814400,0.500000,1.500000,2.500000
1294472699,0.500000,1.500000,2.500000
1296069000,0.500000,1.500000,2.500000
1297960900,0.500000,1.500000,2.500000
1299079500,0.500000,1.500000,2.500000
1300649500,0.500000,1.500000,2.500000
1302758600,0.500000,1.500000,2.500000
1304838500,0.500000,1.500000,2.500000
1306371099,0.500000,1.500000,2.500000
1308001600,0.500000,1.500000,2.500000
1309703700,0.500000,1.500000,2.500000
1311350600,0.500000,1.500000,2.500000
1313077400,0.500000,1.500000,2.500000
1317708700,0.500000,1.500000,2.500000
1319332600,0.500000,1.500000,2.500000
1322455100,0.500000,1.500000,2.500000
1325098300,0.500000,1.500000,2.500000
1332564600,0.500000,1.500000,2.500000
1333991500,0.500000,1.500000,2.500000
1339128600,0.500000,1.500000,2.500000
1340717999,0.500000,1.500000,2.500000
1345363000,0.500000,1.500000,2.500000
1346613100,0.500000,1.500000,2.500000
1350111500,0.500000,1.500000,2.500000
1351995099,0.500000,1.500000,2.500000
1355315699,0.500000,1.500000,2.500000
1356802300,0.500000,1.500000,2.500000
1360095600,0.500000,1.500000,2.500000
1363809900,0.500000,1.500000,2.500000
1368004500,0.500000,1.500000,2.500000
1369064500,0.500000,1.500000,2.500000
1374842099,0.500000,1.500000,2.500000
1376435500,0.500000,1.500000,2.500000
1381859699,0.500000,1.500000,2.500000
1383036799,0.500000,1.500000,2.500000
1385169100,0.500000,1.500000,2.500000
1386689500,0.500000,1.500000,2.500000
1388097200,0.500000,1.500000,2.500000
1389692800,0.500000,1.500000,2.500000
1391447699,0.500000,1.500000,2.500000
1393037599,0.500000,1.500000,2.500000
1394611000,0.500000,1.500000,2.500000
1396183400,0.500000,1.500000,2.500000
1397751500,0.500000,1.500000,2.500000
1399328999,0.500000,1.500000,2.500000
1400895099,0.500000,1.500000,2.500000
1402518299,0.500000,1.500000,2.500000
1404638699,0.500000,1.500000,2.500000
1408099200,0.500000,1.500000,2.500000
1409613299,0.500000,1.500000,2.500000
1411319799,0.500000,1.500000,2.500000
1415364500,0.500000,1.500000,2.500000
1420167900,0.500000,1.500000,2.500000
1421495200,0.500000,1.500000,2.500000
1427527400,0.500000,1.500000,2.500000
1429211900,0.500000,1.500000,2.500000
1434642300,0.500000,1.500000,2.500000
1437484000,0.500000,1.500000,2.500000
1439202900,0.500000,1.500000,2.500000
1440875500,0.500000,1.500000,2.500000
1443063999,0.500000,1.500000,2.500000
1444678600,0.500000,1.500000,2.500000
1446302199,0.500000,1.500000,2.500000
1447885300,0.500000,1.500000,2.500000
1449735399,0.500000,1.500000,2.500000
1451681400,0.500000,1.500000,2.500000
1452955400,0.500000,1.500000,2.500000
1455487400,0.500000,1.500000,2.500000
1457056400,0.500000,1.500000,2.500000
1458885400,0.500000,1.500000,2.500000
1462624899,0.500000,1.500000,2.500000
1467805699,0.500000,1.500000,2.500000
1473078499,0.500000,1.500000,2.500000
1474673400,0.500000,1.500000,2.500000
1478807300,0.500000,1.500000,2.500000
1483249700,0.500000,1.500000,2.500000
1484325500,0.500000,1.500000,2.500000
1485895400,0.500000,1.500000,2.500000
1487448300,0.500000,1.500000,2.500000
1489029099,0.500000,1.500000,2.500000
1490875499,0.500000,1.500000,2.500000
1492407400,0.500000,1.500000,2.500000
1494498100,0.500000,1.500000,2.500000
1496445400,0.500000,1.500000,2.500000
1499989500,0.500000,1.500000,2.500000
1503679800,0.500000,1.500000,2.500000
1505257400,0.500000,1.500000,2.500000
1507635699,0.500000,1.500000,2.500000
1510283399,0.500000,1.500000,2.500000
1517799599,0.500000,1.500000,2.500000
1523908600,0.500000,1.500000,2.500000
1525580400,0.500000,1.500000,2.500000
1529728400,0.500000,1.500000,2.500000
1532893199,0.500000,1.500000,2.500000
1534498699,0.500000,1.500000,2.500000
1536077400,0.500000,1.500000,2.500000
1537818500,0.500000,1.500000,2.500000
1539872699,0.500000,1.500000,2.500000
1541881199,0.500000,1.500000,2.500000
1543443700,0.500000,1.500000,2.500000
1545607400,0.500000,1.500000,2.500000
1548400100,0.500000,1.500000,2.500000
1550224400,0.500000,1.500000,2.500000
1553275400,0.500000,1.500000,2.500000
1554618399,0.500000,1.500000,2.500000
1557102099,0.500000,1.500000,2.500000
1559298500,0.500000,1.500000,2.500000
1565633199,0.500000,1.500000,2.500000
1570314500,0.500000,1.500000,2.500000
1575417300,0.500000,1.500000,2.500000
1576987200,0.500000,1.500000,2.500000
1580813300,0.500000,1.500000,2.500000
1582615600,0.500000,1.500000,2.500000
1584167799,0.500000,1.500000,2.500000
1585671599,0.500000,1.500000,2.500000
1587228700,0.500000,1.500000,2.500000
1588787000,0.500000,1.500000,2.500000
1590530000,0.500000,1.500000,2.500000
1592130500,0.500000,1.500000,2.500000
1593698000,0.500000,1.500000,2.500000
1598530299,0.500000,1.500000,2.500000
1599619100,0.500000,1.500000,2.500000
1601638200,0.500000,1.500000,2.500000
1604399399,0.500000,1.500000,2.500000
1609093799,0.500000,1.500000,2.500000
1610154499,0.500000,1.500000,2.500000
1616627900,0.500000,1.500000,2.500000
1617703700,0.500000,1.500000,2.500000
1622590999,0.500000,1.500000,2.500000
1623911299,0.500000,1.500000,2.500000
1628535299,0.500000,1.500000,2.500000
1629626100,0.500000,1.500000,2.500000
1631179900,0.500000,1.500000,2.500000
1632764900,0.500000,1.500000,2.500000
1634346999,0.500000,1.500000,2.500000
1635903800,0.500000,1.500000,2.500000
1637501900,0.500000,1.500000,2.500000
1639126800,0.500000,1.500000,2.500000
1640860500,0.500000,1.500000,2.500000
1644816200,0.500000,1.500000,2.500000
1645903700,0.500000,1.500000,2.500000
1647607700,0.500000,1.500000,2.500000
1649306999,0.500000,1.500000,2.500000
1651020900,0.500000,1.500000,2.500000
1652640799,0.500000,1.500000,2.500000
1657631300,0.500000,1.500000,2.500000
1659199599,0.500000,1.500000,2.500000
1665717700,0.500000,1.500000,2.500000
1666812900,0.500000,1.500000,2.500000
1670326799,0.500000,1.500000,2.500000
1674191500,0.500000,1.500000,2.500000
1675357500,0.500000,1.500000,2.500000
1676868200,0.500000,1.500000,2.500000
1678446500,0.500000,1.500000,2.500000
1680015700,0.500000,1.500000,2.500000
1681585799,0.500000,1.500000,2.500000
1683139400,0.500000,1.500000,2.500000
1684735700,0.500000,1.500000,2.500000
1686368299,0.500000,1.500000,2.500000
1689674599,0.500000,1.500000,2.500000
1690834799,0.500000,1.500000,2.500000
1693621899,0.500000,1.500000,2.500000
1695397600,0.500000,1.500000,2.500000
1696958100,0.500000,1.500000,2.500000
1698607700,0.500000,1.500000,2.500000
1704901400,0.500000,1.500000,2.500000
1705950299,0.500000,1.500000,2.500000
1710851299,0.500000,1.500000,2.500000
1712037999,0.500000,1.500000,2.500000
1713540800,0.500000,1.500000,2.500000
1717821899,0.500000,1.500000,2.500000
1720903400,0.500000,1.500000,2.500000
1722427300,0.500000,1.500000,2.500000
1723989099,0.500000,1.500000,2.500000
1725560300,0.500000,1.500000,2.500000
1727180499,0.500000,1.500000,2.500000
1728881399,0.500000,1.500000,2.500000
1730558100,0.500000,1.500000,2.500000
1732131600,0.500000,1.500000,2.500000
1733929599,0.500000,1.500000,2.500000
1737159399,0.500000,1.500000,2.500000
1738299299,0.500000,1.500000,2.500000
1739879799,0.500000,1.500000,2.500000
1741592400,0.500000,1.500000,2.500000
1742940100,0.500000,1.500000,2.500000
1744826699,0.500000,1.500000,2.500000
1747471100,0.500000,1.500000,2.500000
1754275100,0.500000,1.500000,2.500000
1755623099,0.500000,1.500000,2.500000
1762476000,0.500000,1.500000,2.500000
1763738300,0.500000,1.500000,2.500000
1766817199,0.500000,1.500000,2.500000
1769892299,0.500000,1.500000,2.500000
1770971400,0.500000,1.500000,2.500000
1772551100,0.500000,1.500000,2.500000
1774113400,0.500000,1.500000,2.500000
1775657800,0.500000,1.500000,2.500000
1777205200,0.500000,1.500000,2.500000
1778764599,0.500000,1.500000,2.500000
1780513400,0.500000,1.500000,2.500000
1782871199,0.500000,1.500000,2.500000
1786863200,0.500000,1.500000,2.500000
1787946600,0.500000,1.500000,2.500000
1790408900,0.500000,1.500000,2.500000
1791949899,0.500000,1.500000,2.500000
1793273499,0.500000,1.500000,2.500000
1795319299,0.500000,1.500000,2.500000
1797276600,0.500000,1.500000,2.500000
1802688100,0.500000,1.500000,2.500000
1803758599,0.500000,1.500000,2.500000
1809239100,0.500000,1.500000,2.500000
1810358299,0.500000,1.500000,2.500000
1812017000,0.500000,1.500000,2.500000
1816375399,0.500000,1.500000,2.500000
1819515100,0.500000,1.500000,2.500000
1821911300,0.500000,1.500000,2.500000
1823167000,0.500000,1.500000,2.500000
1826768300,0.500000,1.500000,2.500000
1827951799,0.500000,1.500000,2.500000
1829571700,0.500000,1.500000,2.500000
1832216200,0.500000,1.500000,2.500000
1834325800,0.500000,1.500000,2.500000
1835515799,0.500000,1.500000,2.500000
1838833699,0.500000,1.500000,2.500000
1846518600,0.500000,1.500000,2.500000
1848106899,0.500000,1.500000,2.500000
1854084300,0.500000,1.500000,2.500000
1855283000,0.500000,1.500000,2.500000
1856797599,0.500000,1.500000,2.500000
1860470799,0.500000,1.500000,2.500000
1864981799,0.500000,1.500000,2.500000
1866551700,0.500000,1.500000,2.500000
1868110299,0.500000,1.500000,2.500000
1869707899,0.500000,1.500000,2.500000
1871279899,0.500000,1.500000,2.500000
1872338799,0.500000,1.500000,2.500000
1873976700,0.500000,1.500000,2.500000
1875695499,0.500000,1.500000,2.500000
1880466499,0.500000,1.500000,2.500000
1881819900,0.500000,1.500000,2.500000
1884062199,0.500000,1.500000,2.500000
1885119200,0.500000,1.500000,2.500000
1887779900,0.500000,1.500000,2.500000
1893633500,0.500000,1.500000,2.500000
1894858899,0.500000,1.500000,2.500000
1902323700,0.500000,1.500000,2.500000
1903464299,0.500000,1.500000,2.500000
1907692500,0.500000,1.500000,2.500000
1911760399,0.500000,1.500000,2.500000
1912852499,0.500000,1.500000,2.500000
1914051200,0.500000,1.500000,2.500000
1915630600,0.500000,1.500000,2.500000
1917190400,0.500000,1.500000,2.500000
1918743300,0.500000,1.500000,2.500000
1920385400,0.500000,1.500000,2.500000
1922075100,0.500000,1.500000,2.500000
1926096600,0.500000,1.500000,2.500000
1927131199,0.500000,1.500000,2.500000
1928820200,0.500000,1.500000,2.500000
1930401199,0.500000,1.500000,2.500000
1933986399,0.500000,1.500000,2.500000
1939096399,0.500000,1.500000,2.500000
1940152600,0.500000,1.500000,2.500000
1945303300,0.500000,1.500000,2.500000
1946378799,0.500000,1.500000,2.500000
1948081499,0.500000,1.500000,2.500000
1949695199,0.500000,1.500000,2.500000
1953926300,0.500000,1.500000,2.500000
1956992400,0.500000,1.500000,2.500000
1958055800,0.500000,1.500000,2.500000
1959616400,0.500000,1.500000,2.500000
1961211599,0.500000,1.500000,2.500000
1962793400,0.500000,1.500000,2.500000
1964342600,0.500000,1.500000,2.500000
1965891799,0.500000,1.500000,2.500000
1967524500,0.500000,1.500000,2.500000
1969648700,0.500000,1.500000,2.500000
1971127199,0.500000,1.500000,2.500000
1973897299,0.500000,1.500000,2.500000
1975467500,0.500000,1.500000,2.500000
1977025100,0.500000,1.500000,2.500000
1978787500,0.500000,1.500000,2.500000
1981436100,0.500000,1.500000,2.500000
1986360900,0.500000,1.500000,2.500000
1987440900,0.500000,1.500000,2.500000
1992940199,0.500000,1.500000,2.500000
1994036800,0.500000,1.500000,2.500000
1998684199,0.500000,1.500000,2.500000
2002011700,0.500000,1.500000,2.500000
2003587600,0.500000,1.500000,2.500000
2005139400,0.500000,1.500000,2.500000
2006686900,0.500000,1.500000,2.500000
2008233300,0.500000,1.500000,2.500000
2009790700,0.500000,1.500000,2.500000
2011667300,0.500000,1.500000,2.500000
2013324899,0.500000,1.500000,2.500000
2015095000,0.500000,1.500000,2.500000
2017186600,0.500000,1.500000,2.500000
2020584300,0.500000,1.500000,2.500000
2021700600,0.500000,1.500000,2.500000
2023322300,0.500000,1.500000,2.500000
2025302699,0.500000,1.500000,2.500000
2026839700,0.500000,1.500000,2.500000
2028514099,0.500000,1.500000,2.500000
2034222599,0.500000,1.500000,2.500000
2039541300,0.500000,1.500000,2.500000
2040606900,0.500000,1.500000,2.500000
2042286800,0.500000,1.500000,2.500000
2046986800,0.500000,1.500000,2.500000
2049836400,0.500000,1.500000,2.500000
2050889600,0.500000,1.500000,2.500000
2052448000,0.500000,1.500000,2.500000
2053956100,0.500000,1.500000,2.500000
2055486700,0.500000,1.500000,2.500000
2056996600,0.500000,1.500000,2.500000
2058560500,0.500000,1.500000,2.500000
2060129600,0.500000,1.500000,2.500000
2061722099,0.500000,1.500000,2.500000
2063645399,0.500000,1.500000,2.500000
2065147400,0.500000,1.500000,2.500000
2068500400,0.500000,1.500000,2.500000
2069597100,0.500000,1.500000,2.500000
2071372300,0.500000,1.500000,2.500000
2074649800,0.500000,1.500000,2.500000
2079576800,0.500000,1.500000,2.500000
2080646900,0.500000,1.500000,2.500000
2085480800,0.500000,1.500000,2.500000
2086795499,0.500000,1.500000,2.500000
2090023800,0.500000,1.500000,2.500000
2091372599,0.500000,1.500000,2.500000
2092844600,0.500000,1.500000,2.500000
2095696500,0.500000,1.500000,2.500000
2097265700,0.500000,1.500000,2.500000
2098825900,0.500000,1.500000,2.500000
2100372499,0.500000,1.500000,2.500000
2102110400,0.500000,1.500000,2.500000
2103687599,0.500000,1.500000,2.500000
2105233100,0.500000,1.500000,2.500000
2106813899,0.500000,1.500000,2.500000
2108758100,0.500000,1.500000,2.500000
2110402400,0.500000,1.500000,2.500000
2111851000,0.500000,1.500000,2.500000
2115524100,0.500000,1.500000,2.500000
2116912500,0.500000,1.500000,2.500000
2118651299,0.500000,1.500000,2.500000
2121375499,0.500000,1.500000,2.500000
2126838000,0.500000,1.500000,2.500000
2127922500,0.500000,1.500000,2.500000
2129519000,0.500000,1.500000,2.500000
2134929699,0.500000,1.500000,2.500000
2136024999,0.500000,1.500000,2.500000
2139191200,0.500000,1.500000,2.500000
2142278699,0.500000,1.500000,2.500000
2143347199,0.500000,1.500000,2.500000
2144397100,0.500000,1.500000,2.500000
2145949899,0.500000,1.500000,2.500000
2147488000,0.500000,1.500000,2.500000
2149033200,0.500000,1.500000,2.500000
2150575600,0.500000,1.500000,2.500000
2152335300,0.500000,1.500000,2.500000
2153934200,0.500000,1.500000,2.500000
2155463299,0.500000,1.500000,2.500000
2158072500,0.500000,1.500000,2.500000
2161939800,0.500000,1.500000,2.500000
2163588800,0.500000,1.500000,2.500000
2165475800,0.500000,1.500000,2.500000
2167956500,0.500000,1.500000,2.500000
2172328500,0.500000,1.500000,2.500000
2179411999,0.500000,1.500000,2.500000
2181004099,0.500000,1.500000,2.500000
2183819999,0.500000,1.500000,2.500000
2186886700,0.500000,1.500000,2.500000
2187944199,0.500000,1.500000,2.500000
2189492199,0.500000,1.500000,2.500000
2191047100,0.500000,1.500000,2.500000
2192092700,0.500000,1.500000,2.500000
2193626200,0.500000,1.500000,2.500000
2195217599,0.500000,1.500000,2.500000
2196776000,0.500000,1.500000,2.500000
2198344000,0.500000,1.500000,2.500000
2199911600,0.500000,1.500000,2.500000
2201513300,0.500000,1.500000,2.500000
2202607200,0.500000,1.500000,2.500000
2204440400,0.500000,1.500000,2.500000
2207059599,0.500000,1.500000,2.500000
2208733200,0.500000,1.500000,2.500000
2210439700,0.500000,1.500000,2.500000
2214310000,0.500000,1.500000,2.500000
2219358700,0.500000,1.500000,2.500000
2224973000,0.500000,1.500000,2.500000
2230633999,0.500000,1.500000,2.500000
2234242700,0.500000,1.500000,2.500000
2235829600,0.500000,1.500000,2.500000
2237411599,0.500000,1.500000,2.500000
2238986199,0.500000,1.500000,2.500000
2240552200,0.500000,1.500000,2.500000
2242468700,0.500000,1.500000,2.500000
2244062800,0.500000,1.500000,2.500000
2245616300,0.500000,1.500000,2.500000
2247166799,0.500000,1.500000,2.500000
2248779200,0.500000,1.500000,2.500000
2251161100,0.500000,1.500000,2.500000
2255072300,0.500000,1.500000,2.500000
2256126799,0.500000,1.500000,2.500000
2257741599,0.500000,1.500000,2.500000
2259400399,0.500000,1.500000,2.500000
2261680100,0.500000,1.500000,2.500000
2267085100,0.500000,1.500000,2.500000
2272463499,0.500000,1.500000,2.500000
2273533699,0.500000,1.500000,2.500000
2274661299,0.500000,1.500000,2.500000
2277844399,0.500000,1.500000,2.500000
2281294899,0.500000,1.500000,2.500000
2282713200,0.500000,1.500000,2.500000
2284255999,0.500000,1.500000,2.500000
2285779700,0.500000,1.500000,2.500000
2287297299,0.500000,1.500000,2.500000
2288812700,0.500000,1.500000,2.500000
2290331199,0.500000,1.500000,2.500000
2291875499,0.500000,1.500000,2.500000
2293452700,0.500000,1.500000,2.500000
2295134699,0.500000,1.500000,2.500000
2296750599,0.500000,1.500000,2.500000
2299412000,0.500000,1.500000,2.500000
2300856699,0.500000,1.500000,2.500000
2302751499,0.500000,1.500000,2.500000
2304866700,0.500000,1.500000,2.500000
2308621500,0.500000,1.500000,2.500000
2313651399,0.500000,1.500000,2.500000
2314746500,0.500000,1.500000,2.500000
2316729899,0.500000,1.500000,2.500000
2319902499,0.500000,1.500000,2.500000
2321465599,0.500000,1.500000,2.500000
2323024299,0.500000,1.500000,2.500000
2324563100,0.500000,1.500000,2.500000
2326174000,0.500000,1.500000,2.500000
2327870300,0.500000,1.500000,2.500000
2329421100,0.500000,1.500000,2.500000
2330970700,0.500000,1.500000,2.500000
2332522999,0.500000,1.500000,2.500000
2334083699,0.500000,1.500000,2.500000
2335651200,0.500000,1.500000,2.500000
2337218699,0.500000,1.500000,2.500000
2338785600,0.500000,1.500000,2.500000
2340357400,0.500000,1.500000,2.500000
2341962999,0.500000,1.500000,2.500000
2343643200,0.500000,1.500000,2.500000
2345922100,0.500000,1.500000,2.500000
2348529700,0.500000,1.500000,2.500000
2349599699,0.500000,1.500000,2.500000
2351148699,0.500000,1.500000,2.500000
2352841699,0.500000,1.500000,2.500000
2354394100,0.500000,1.500000,2.500000
2358291700,0.500000,1.500000,2.500000
2364791300,0.500000,1.500000,2.500000
2368074400,0.500000,1.500000,2.500000
2370700600,0.500000,1.500000,2.500000
2372152000,0.500000,1.500000,2.500000
2373759699,0.500000,1.500000,2.500000
2375320899,0.500000,1.500000,2.500000
2376897399,0.500000,1.500000,2.500000
2378455400,0.500000,1.500000,2.500000
2379993599,0.500000,1.500000,2.500000
2381674900,0.500000,1.500000,2.500000
2383258300,0.500000,1.500000,2.500000
2384820600,0.500000,1.500000,2.500000
2386389899,0.500000,1.500000,2.500000
2387957799,0.500000,1.500000,2.500000
2389759199,0.500000,1.500000,2.500000
2391622499,0.500000,1.500000,2.500000
2394574899,0.500000,1.500000,2.500000
2396186400,0.500000,1.500000,2.500000
2397624999,0.500000,1.500000,2.500000
2399248100,0.500000,1.500000,2.500000
2401083999,0.500000,1.500000,2.500000
2404288099,0.500000,1.500000,2.500000
2408949600,0.500000,1.500000,2.500000
2413396900,0.500000,1.500000,2.500000
2414459500,0.500000,1.500000,2.500000
2416749199,0.500000,1.500000,2.500000
2417796499,0.500000,1.500000,2.500000
2419334800,0.500000,1.500000,2.500000
2421002800,0.500000,1.500000,2.500000
2422583100,0.500000,1.500000,2.500000
2424138300,0.500000,1.500000,2.500000
2425705300,0.500000,1.500000,2.500000
2427277700,0.500000,1.500000,2.500000
2428823399,0.500000,1.500000,2.500000
2430164500,0.500000,1.500000,2.500000
2431678499,0.500000,1.500000,2.500000
2433246799,0.500000,1.500000,2.500000
2434814400,0.500000,1.500000,2.500000
2436495599,0.500000,1.500000,2.500000
2438128000,0.500000,1.500000,2.500000
2440148599,0.500000,1.500000,2.500000
2441262500,0.500000,1.500000,2.500000
2443445099,0.500000,1.500000,2.500000
2445159599,0.500000,1.500000,2.500000
2447288900,0.500000,1.500000,2.500000
2450501500,0.500000,1.500000,2.500000
2456228499,0.500000,1.500000,2.500000
2459697300,0.500000,1.500000,2.500000
2463976099,0.500000,1.500000,2.500000
2465035200,0.500000,1.500000,2.500000
2466070100,0.500000,1.500000,2.500000
2467803600,0.500000,1.500000,2.500000
2469374100,0.500000,1.500000,2.500000
2470954099,0.500000,1.500000,2.500000
2472511300,0.500000,1.500000,2.500000
2474121799,0.500000,1.500000,2.500000
2475691899,0.500000,1.500000,2.500000
2477269100,0.500000,1.500000,2.500000
2478815100,0.500000,1.500000,2.500000
2480397699,0.500000,1.500000,2.500000
2481687999,0.500000,1.500000,2.500000
2482891799,0.500000,1.500000,2.500000
2485375800,0.500000,1.500000,2.500000
2487516599,0.500000,1.500000,2.500000
2488980300,0.500000,1.500000,2.500000
2491917600,0.500000,1.500000,2.500000
2494581999,0.500000,1.500000,2.500000
2498958199,0.500000,1.500000,2.500000
2503823899,0.500000,1.500000,2.500000
2506622000,0.500000,1.500000,2.500000
2509019700,0.500000,1.500000,2.500000
2510221500,0.500000,1.500000,2.500000
2512058000,0.500000,1.500000,2.500000
2513639199,0.500000,1.500000,2.500000
2515172999,0.500000,1.500000,2.500000
2516734299,0.500000,1.500000,2.500000
2518296900,0.500000,1.500000,2.500000
2519864800,0.500000,1.500000,2.500000
2521450500,0.500000,1.500000,2.500000
2523029800,0.500000,1.500000,2.500000
2524586400,0.500000,1.500000,2.500000
2526166800,0.500000,1.500000,2.500000
2527763500,0.500000,1.500000,2.500000
2529447499,0.500000,1.500000,2.500000
2531324600,0.500000,1.500000,2.500000
2534199200,0.500000,1.500000,2.500000
2536383099,0.500000,1.500000,2.500000
2538052399,0.500000,1.500000,2.500000
2540174000,0.500000,1.500000,2.500000
2543916200,0.500000,1.500000,2.500000
2549186600,0.500000,1.500000,2.500000
2552423400,0.500000,1.500000,2.500000
2554716799,0.500000,1.500000,2.500000
2555999399,0.500000,1.500000,2.500000
2557524600,0.500000,1.500000,2.500000
2558574800,0.500000,1.500000,2.500000
2560237600,0.500000,1.500000,2.500000
2561706599,0.500000,1.500000,2.500000
2563249099,0.500000,1.500000,2.500000
2564305899,0.500000,1.500000,2.500000
2565847300,0.500000,1.500000,2.500000
2567411900,0.500000,1.500000,2.500000
2568985899,0.500000,1.500000,2.500000
2570544300,0.500000,1.500000,2.500000
2572443700,0.500000,1.500000,2.500000
2574050000,0.500000,1.500000,2.500000
2575787300,0.500000,1.500000,2.500000
2577703800,0.500000,1.500000,2.500000
2580265000,0.500000,1.500000,2.500000
2581471099,0.500000,1.500000,2.500000
2583429099,0.500000,1.500000,2.500000
2584924800,0.500000,1.500000,2.500000
2588024900,0.500000,1.500000,2.500000
2593275400,0.500000,1.500000,2.500000
2594339200,0.500000,1.500000,2.500000
2597243500,0.500000,1.500000,2.500000
2599549999,0.500000,1.500000,2.500000
2601168300,0.500000,1.500000,2.500000
2602727099,0.500000,1.500000,2.500000
2604290800,0.500000,1.500000,2.500000
2605836800,0.500000,1.500000,2.500000
2607447800,0.500000,1.500000,2.500000
2609006799,0.500000,1.500000,2.500000
2610567499,0.500000,1.500000,2.500000
2611821200,0.500000,1.500000,2.500000
2613405700,0.500000,1.500000,2.500000
2614978400,0.500000,1.500000,2.500000
2616547600,0.500000,1.500000,2.500000
2618095899,0.500000,1.500000,2.500000
2619651000,0.500000,1.500000,2.500000
2621203499,0.500000,1.500000,2.500000
2622859200,0.500000,1.500000,2.500000
2624437300,0.500000,1.500000,2.500000
2626360599,0.500000,1.500000,2.500000
2627532300,0.500000,1.500000,2.500000
2629149300,0.500000,1.500000,2.500000
2630620199,0.500000,1.500000,2.500000
2632233600,0.500000,1.500000,2.500000
2635533000,0.500000,1.500000,2.500000
2640336199,0.500000,1.500000,2.500000
2643733000,0.500000,1.500000,2.500000
2646541800,0.500000,1.500000,2.500000
2648093499,0.500000,1.500000,2.500000
2649651100,0.500000,1.500000,2.500000
2651196400,0.500000,1.500000,2.500000
2652738099,0.500000,1.500000,2.500000
2654371800,0.500000,1.500000,2.500000
2655788199,0.500000,1.500000,2.500000
2657347400,0.500000,1.500000,2.500000
2658918300,0.500000,1.500000,2.500000
2660491700,0.500000,1.500000,2.500000
2661997200,0.500000,1.500000,2.500000
2663564700,0.500000,1.500000,2.500000
2665147899,0.500000,1.500000,2.500000
2666720200,0.500000,1.500000,2.500000
2668274600,0.500000,1.500000,2.500000
2669901200,0.500000,1.500000,2.500000
2671526899,0.500000,1.500000,2.500000
2673817499,0.500000,1.500000,2.500000
2675299299,0.500000,1.500000,2.500000
2676701299,0.500000,1.500000,2.500000
2678948400,0.500000,1.500000,2.500000
2680963099,0.500000,1.500000,2.500000
2684642300,0.500000,1.500000,2.500000
2689924099,0.500000,1.500000,2.500000
2691129899,0.500000,1.500000,2.500000
2693558200,0.500000,1.500000,2.500000
2697379900,0.500000,1.500000,2.500000
2698613200,0.500000,1.500000,2.500000
2700131300,0.500000,1.500000,2.500000
2702440900,0.500000,1.500000,2.500000
2703502000,0.500000,1.500000,2.500000
2705043599,0.500000,1.500000,2.500000
2706624700,0.500000,1.500000,2.500000
2708198799,0.500000,1.500000,2.500000
2709779099,0.500000,1.500000,2.500000
2711493800,0.500000,1.500000,2.500000
2712799699,0.500000,1.500000,2.500000
2713863999,0.500000,1.500000,2.500000
2715429500,0.500000,1.500000,2.500000
2717089500,0.500000,1.500000,2.500000
2719158100,0.500000,1.500000,2.500000
2720329000,0.500000,1.500000,2.500000
2722466799,0.500000,1.500000,2.500000
2723514400,0.500000,1.500000,2.500000
2725117300,0.500000,1.500000,2.500000
2727146299,0.500000,1.500000,2.500000
2729183100,0.500000,1.500000,2.500000
2734460899,0.500000,1.500000,2.500000
2735517200,0.500000,1.500000,2.500000
2739716500,0.500000,1.500000,2.500000
2742974400,0.500000,1.500000,2.500000
2744035700,0.500000,1.500000,2.500000
2746992799,0.500000,1.500000,2.500000
2748108799,0.500000,1.500000,2.500000
2749642100,0.500000,1.500000,2.500000
2751206100,0.500000,1.500000,2.500000
2752705600,0.500000,1.500000,2.500000
2754227800,0.500000,1.500000,2.500000
2755755099,0.500000,1.500000,2.500000
2757333300,0.500000,1.500000,2.500000
2758906600,0.500000,1.500000,2.500000
2760485500,0.500000,1.500000,2.500000
2762012400,0.500000,1.500000,2.500000
2763606200,0.500000,1.500000,2.500000
2765271399,0.500000,1.500000,2.500000
2767691699,0.500000,1.500000,2.500000
2768853800,0.500000,1.500000,2.500000
2770369099,0.500000,1.500000,2.500000
2772293699,0.500000,1.500000,2.500000
2774195500,0.500000,1.500000,2.500000
2778007900,0.500000,1.500000,2.500000
2779104300,0.500000,1.500000,2.500000
2783967800,0.500000,1.500000,2.500000
2785050899,0.500000,1.500000,2.500000
2788097700,0.500000,1.500000,2.500000
2791244699,0.500000,1.500000,2.500000
2792651199,0.500000,1.500000,2.500000
2794302900,0.500000,1.500000,2.500000
2795852499,0.500000,1.500000,2.500000
2797412200,0.500000,1.500000,2.500000
2799005499,0.500000,1.500000,2.500000
2800559100,0.500000,1.500000,2.500000
2802113800,0.500000,1.500000,2.500000
2803873800,0.500000,1.500000,2.500000
2805440500,0.500000,1.500000,2.500000
2806985499,0.500000,1.500000,2.500000
2808587500,0.500000,1.500000,2.500000
2810290400,0.500000,1.500000,2.500000
2811972499,0.500000,1.500000,2.500000
2814792099,0.500000,1.500000,2.500000
2815864299,0.500000,1.500000,2.500000
2817493100,0.500000,1.500000,2.500000
2819162100,0.500000,1.500000,2.500000
2821389299,0.500000,1.500000,2.500000
2824689400,0.500000,1.500000,2.500000
2831437000,0.500000,1.500000,2.500000
2832503899,0.500000,1.500000,2.500000
2834805999,0.500000,1.500000,2.500000
2837008299,0.500000,1.500000,2.500000
2838046000,0.500000,1.500000,2.500000
2839582699,0.500000,1.500000,2.500000
2841144899,0.500000,1.500000,2.500000
2842245300,0.500000,1.500000,2.500000
2843792400,0.500000,1.500000,2.500000
2845344400,0.500000,1.500000,2.500000
2846932200,0.500000,1.500000,2.500000
2848492500,0.500000,1.500000,2.500000
2850039900,0.500000,1.500000,2.500000
2851580700,0.500000,1.500000,2.500000
2853153199,0.500000,1.500000,2.500000
2854726999,0.500000,1.500000,2.500000
2855818000,0.500000,1.500000,2.500000
2857526100,0.500000,1.500000,2.500000
2859089500,0.500000,1.500000,2.500000
2862725500,0.500000,1.500000,2.500000
2864353000,0.500000,1.500000,2.500000
2867917100,0.500000,1.500000,2.500000
2872455299,0.500000,1.500000,2.500000
2878247500,0.500000,1.500000,2.500000
2879310700,0.500000,1.500000,2.500000
2883959899,0.500000,1.500000,2.500000
2887335699,0.500000,1.500000,2.500000
2888390100,0.500000,1.500000,2.500000
2890262900,0.500000,1.500000,2.500000
2891552200,0.500000,1.500000,2.500000
2893143799,0.500000,1.500000,2.500000
2894702700,0.500000,1.500000,2.500000
2896304000,0.500000,1.500000,2.500000
2897844699,0.500000,1.500000,2.500000
2899365099,0.500000,1.500000,2.500000
2900904300,0.500000,1.500000,2.500000
2902445300,0.500000,1.500000,2.500000
2903976400,0.500000,1.500000,2.500000
2905674499,0.500000,1.500000,2.500000
2907245499,0.500000,1.500000,2.500000
2910263600,0.500000,1.500000,2.500000
2912091300,0.500000,1.500000,2.500000
2913834600,0.500000,1.500000,2.500000
2915950499,0.500000,1.500000,2.500000
2917756700,0.500000,1.500000,2.500000
2922844300,0.500000,1.500000,2.500000
2929266099,0.500000,1.500000,2.500000
2932962999,0.500000,1.500000,2.500000
2935505200,0.500000,1.500000,2.500000
2936561700,0.500000,1.500000,2.500000
2938163500,0.500000,1.500000,2.500000
2939709700,0.500000,1.500000,2.500000
2941261699,0.500000,1.500000,2.500000
2942807200,0.500000,1.500000,2.500000
2944409700,0.500000,1.500000,2.500000
2945993100,0.500000,1.500000,2.500000
2947030199,0.500000,1.500000,2.500000
2948571000,0.500000,1.500000,2.500000
2950121000,0.500000,1.500000,2.500000
2951652800,0.500000,1.500000,2.500000
2952704700,0.500000,1.500000,2.500000
2954894299,0.500000,1.500000,2.500000
2956767299,0.500000,1.500000,2.500000
2960577600,0.500000,1.500000,2.500000
2962127099,0.500000,1.500000,2.500000
2963620700,0.500000,1.500000,2.500000
2965193700,0.500000,1.500000,2.500000
2966499499,0.500000,1.500000,2.500000
2971772199,0.500000,1.500000,2.500000
2974850400,0.500000,1.500000,2.500000
2981884799,0.500000,1.500000,2.500000
2985255200,0.500000,1.500000,2.500000
2986308899,0.500000,1.500000,2.500000
2987355900,0.500000,1.500000,2.500000
2988907799,0.500000,1.500000,2.500000
2989945400,0.500000,1.500000,2.500000
2991475399,0.500000,1.500000,2.500000
2992514600,0.500000,1.500000,2.500000
2994046100,0.500000,1.500000,2.500000
2995588199,0.500000,1.500000,2.500000
2997124400,0.500000,1.500000,2.500000
2998681800,0.500000,1.500000,2.500000
3000248199,0.500000,1.500000,2.500000
3001953500,0.500000,1.500000,2.500000
3003533399,0.500000,1.500000,2.500000
3005325700,0.500000,1.500000,2.500000
3006878300,0.500000,1.500000,2.500000
3009096100,0.500000,1.500000,2.500000
3010342499,0.500000,1.500000,2.500000
3016196099,0.500000,1.500000,2.500000
3023197800,0.500000,1.500000,2.500000
3027443899,0.500000,1.500000,2.500000
3031291200,0.500000,1.500000,2.500000
3032807600,0.500000,1.500000,2.500000
3034365899,0.500000,1.500000,2.500000
3035907600,0.500000,1.500000,2.500000
3037437099,0.500000,1.500000,2.500000
3039006799,0.500000,1.500000,2.500000
3040584399,0.500000,1.500000,2.500000
3042494599,0.500000,1.500000,2.500000
3044056700,0.500000,1.500000,2.500000
3045607599,0.500000,1.500000,2.500000
3047175100,0.500000,1.500000,2.500000
3048765200,0.500000,1.500000,2.500000
3050268400,0.500000,1.500000,2.500000
3053923200,0.500000,1.500000,2.500000
3055285300,0.500000,1.500000,2.500000
3057082100,0.500000,1.500000,2.500000
3060128099,0.500000,1.500000,2.500000
3066139499,0.500000,1.500000,2.500000
3072794300,0.500000,1.500000,2.500000
3076817400,0.500000,1.500000,2.500000
3080367700,0.500000,1.500000,2.500000
3081882799,0.500000,1.500000,2.500000
3083543799,0.500000,1.500000,2.500000
3085087500,0.500000,1.500000,2.500000
3086625800,0.500000,1.500000,2.500000
3088152700,0.500000,1.500000,2.500000
3089686400,0.500000,1.500000,2.500000
3091233699,0.500000,1.500000,2.500000
3092767699,0.500000,1.500000,2.500000
3094508399,0.500000,1.500000,2.500000
3096453500,0.500000,1.500000,2.500000
3098039600,0.500000,1.500000,2.500000
3100647999,0.500000,1.500000,2.500000
3102760100,0.500000,1.500000,2.500000
3107582299,0.500000,1.500000,2.500000
3110150799,0.500000,1.500000,2.500000
3115943000,0.500000,1.500000,2.500000
3122537800,0.500000,1.500000,2.500000
3123599600,0.500000,1.500000,2.500000
3126400400,0.500000,1.500000,2.500000
3129232799,0.500000,1.500000,2.500000
3130786300,0.500000,1.500000,2.500000
3132328699,0.500000,1.500000,2.500000
3133931000,0.500000,1.500000,2.500000
3135449599,0.500000,1.500000,2.500000
3136967099,0.500000,1.500000,2.500000
3138481900,0.500000,1.500000,2.500000
3140000200,0.500000,1.500000,2.500000
3141519900,0.500000,1.500000,2.500000
3143046600,0.500000,1.500000,2.500000
3144813799,0.500000,1.500000,2.500000
3146632600,0.500000,1.500000,2.500000
3148180399,0.500000,1.500000,2.500000
3150292300,0.500000,1.500000,2.500000
3151738300,0.500000,1.500000,2.500000
3153383099,0.500000,1.500000,2.500000
3154948199,0.500000,1.500000,2.500000
3156540600,0.500000,1.500000,2.500000
3161134800,0.500000,1.500000,2.500000
3166755400,0.500000,1.500000,2.500000
3169652900,0.500000,1.500000,2.500000
3172318900,0.500000,1.500000,2.500000
3173756299,0.500000,1.500000,2.500000
3175344499,0.500000,1.500000,2.500000
3176926400,0.500000,1.500000,2.500000
3178492799,0.500000,1.500000,2.500000
3179547799,0.500000,1.500000,2.500000
3181113999,0.500000,1.500000,2.500000
3182716199,0.500000,1.500000,2.500000
3184298699,0.500000,1.500000,2.500000
3185907099,0.500000,1.500000,2.500000
3187497899,0.500000,1.500000,2.500000
3189127400,0.500000,1.500000,2.500000
3191064799,0.500000,1.500000,2.500000
3192871899,0.500000,1.500000,2.500000
3196539900,0.500000,1.500000,2.500000
3197958900,0.500000,1.500000,2.500000
3199727300,0.500000,1.500000,2.500000
3201654900,0.500000,1.500000,2.500000
3203172400,0.500000,1.500000,2.500000
3207361000,0.500000,1.500000,2.500000
3213784899,0.500000,1.500000,2.500000
3216789600,0.500000,1.500000,2.500000
3219418000,0.500000,1.500000,2.500000
3220491500,0.500000,1.500000,2.500000
3222014899,0.500000,1.500000,2.500000
3223590800,0.500000,1.500000,2.500000
3225159499,0.500000,1.500000,2.500000
3226731700,0.500000,1.500000,2.500000
3228276900,0.500000,1.500000,2.500000
3229811900,0.500000,1.500000,2.500000
3231343899,0.500000,1.500000,2.500000
3232883199,0.500000,1.500000,2.500000
3234443000,0.500000,1.500000,2.500000
3236010000,0.500000,1.500000,2.500000
3237697600,0.500000,1.500000,2.500000
3239721400,0.500000,1.500000,2.500000
3242458000,0.500000,1.500000,2.500000
3243543099,0.500000,1.500000,2.500000
3245181300,0.500000,1.500000,2.500000
3246515899,0.500000,1.500000,2.500000
3248447700,0.500000,1.500000,2.500000
3252390699,0.500000,1.500000,2.500000
3257711400,0.500000,1.500000,2.500000
3261747500,0.500000,1.500000,2.500000
3264815100,0.500000,1.500000,2.500000
3266324199,0.500000,1.500000,2.500000
3267844300,0.500000,1.500000,2.500000
3269499100,0.500000,1.500000,2.500000
3271091599,0.500000,1.500000,2.500000
3272705199,0.500000,1.500000,2.500000
3274255700,0.500000,1.500000,2.500000
3275819800,0.500000,1.500000,2.500000
3277398300,0.500000,1.500000,2.500000
3278926999,0.500000,1.500000,2.500000
3280477400,0.500000,1.500000,2.500000
3282350200,0.500000,1.500000,2.500000
3283952700,0.500000,1.500000,2.500000
3285822099,0.500000,1.500000,2.500000
3287623800,0.500000,1.500000,2.500000
3290249999,0.500000,1.500000,2.500000
3291684700,0.500000,1.500000,2.500000
3293550499,0.500000,1.500000,2.500000
3295745299,0.500000,1.500000,2.500000
3301171300,0.500000,1.500000,2.500000
3307048399,0.500000,1.500000,2.500000
3310158100,0.500000,1.500000,2.500000
3313499299,0.500000,1.500000,2.500000
3315052600,0.500000,1.500000,2.500000
3316649699,0.500000,1.500000,2.500000
3318372900,0.500000,1.500000,2.500000
3319954200,0.500000,1.500000,2.500000
3321472900,0.500000,1.500000,2.500000
3323026800,0.500000,1.500000,2.500000
3324560900,0.500000,1.500000,2.500000
3326110000,0.500000,1.500000,2.500000
3327829499,0.500000,1.500000,2.500000
3329397200,0.500000,1.500000,2.500000
3330463300,0.500000,1.500000,2.500000
3332940000,0.500000,1.500000,2.500000
3334620599,0.500000,1.500000,2.500000
3336197500,0.500000,1.500000,2.500000
3339438399,0.500000,1.500000,2.500000
3340776800,0.500000,1.500000,2.500000
3342329999,0.500000,1.500000,2.500000
3345368800,0.500000,1.500000,2.500000
3348301999,0.500000,1.500000,2.500000
3353540399,0.500000,1.500000,2.500000
3354748800,0.500000,1.500000,2.500000
3357184899,0.500000,1.500000,2.500000
3360345799,0.500000,1.500000,2.500000
3361766900,0.500000,1.500000,2.500000
3363150600,0.500000,1.500000,2.500000
3364208500,0.500000,1.500000,2.500000
3365827699,0.500000,1.500000,2.500000
3367375499,0.500000,1.500000,2.500000
3368553000,0.500000,1.500000,2.500000
3370097999,0.500000,1.500000,2.500000
3371630499,0.500000,1.500000,2.500000
3373254800,0.500000,1.500000,2.500000
3375026399,0.500000,1.500000,2.500000
3376646199,0.500000,1.500000,2.500000
3378258299,0.500000,1.500000,2.500000
3379848099,0.500000,1.500000,2.500000
3381525000,0.500000,1.500000,2.500000
3383597799,0.500000,1.500000,2.500000
3384857999,0.500000,1.500000,2.500000
3386837999,0.500000,1.500000,2.500000
3387871799,0.500000,1.500000,2.500000
3390374000,0.500000,1.500000,2.500000
3392789199,0.500000,1.500000,2.500000
3395889600,0.500000,1.500000,2.500000
3400995000,0.500000,1.500000,2.500000
3403889900,0.500000,1.500000,2.500000
3407212700,0.500000,1.500000,2.500000
3408284299,0.500000,1.500000,2.500000
3409855899,0.500000,1.500000,2.500000
3411414399,0.500000,1.500000,2.500000
3412984800,0.500000,1.500000,2.500000
3414428900,0.500000,1.500000,2.500000
3415922699,0.500000,1.500000,2.500000
3417510100,0.500000,1.500000,2.500000
3419089000,0.500000,1.500000,2.500000
3420661099,0.500000,1.500000,2.500000
3422206700,0.500000,1.500000,2.500000
3423836800,0.500000,1.500000,2.500000
3425410900,0.500000,1.500000,2.500000
3426978299,0.500000,1.500000,2.500000
3428639300,0.500000,1.500000,2.500000
3430309199,0.500000,1.500000,2.500000
3433601700,0.500000,1.500000,2.500000
3434831700,0.500000,1.500000,2.500000
3436296600,0.500000,1.500000,2.500000
3437841899,0.500000,1.500000,2.500000
3441485100,0.500000,1.500000,2.500000
3446684499,0.500000,1.500000,2.500000
3449491799,0.500000,1.500000,2.500000
3452512800,0.500000,1.500000,2.500000
3453564399,0.500000,1.500000,2.500000
3455112199,0.500000,1.500000,2.500000
3456164200,0.500000,1.500000,2.500000
3457732499,0.500000,1.500000,2.500000
3459517299,0.500000,1.500000,2.500000
3461113500,0.500000,1.500000,2.500000
3462659000,0.500000,1.500000,2.500000
3464388500,0.500000,1.500000,2.500000
3465938599,0.500000,1.500000,2.500000
3467835199,0.500000,1.500000,2.500000
3469771100,0.500000,1.500000,2.500000
3471410999,0.500000,1.500000,2.500000
3473680499,0.500000,1.500000,2.500000
3475453500,0.500000,1.500000,2.500000
3476770100,0.500000,1.500000,2.500000
3479595500,0.500000,1.500000,2.500000
3480650999,0.500000,1.500000,2.500000
3482519600,0.500000,1.500000,2.500000
3484120900,0.500000,1.500000,2.500000
3486025999,0.500000,1.500000,2.500000
3487242700,0.500000,1.500000,2.500000
3489734000,0.500000,1.500000,2.500000
3495373700,0.500000,1.500000,2.500000
3496417900,0.500000,1.500000,2.500000
3499514900,0.500000,1.500000,2.500000
3502766800,0.500000,1.500000,2.500000
3503820500,0.500000,1.500000,2.500000
3505418100,0.500000,1.500000,2.500000
3507051100,0.500000,1.500000,2.500000
3508596100,0.500000,1.500000,2.500000
3510135000,0.500000,1.500000,2.500000
3511669300,0.500000,1.500000,2.500000
3513251500,0.500000,1.500000,2.500000
3514799700,0.500000,1.500000,2.500000
3516412400,0.500000,1.500000,2.500000
3517978199,0.500000,1.500000,2.500000
3519564900,0.500000,1.500000,2.500000
3521145099,0.500000,1.500000,2.500000
3522928999,0.500000,1.500000,2.500000
3525044499,0.500000,1.500000,2.500000
3527195299,0.500000,1.500000,2.500000
3529484200,0.500000,1.500000,2.500000
3531358100,0.500000,1.500000,2.500000
3532540799,0.500000,1.500000,2.500000
3536383799,0.500000,1.500000,2.500000
3541716100,0.500000,1.500000,2.500000
3544988399,0.500000,1.500000,2.500000
3548225700,0.500000,1.500000,2.500000
3549543000,0.500000,1.500000,2.500000
3551124400,0.500000,1.500000,2.500000
3552199700,0.500000,1.500000,2.500000
3553829199,0.500000,1.500000,2.500000
3555370499,0.500000,1.500000,2.500000
3556463300,0.500000,1.500000,2.500000
3557991499,0.500000,1.500000,2.500000
3559565900,0.500000,1.500000,2.500000
3561157199,0.500000,1.500000,2.500000
3562742599,0.500000,1.500000,2.500000
3564323200,0.500000,1.500000,2.500000
3565930800,0.500000,1.500000,2.500000
3568075800,0.500000,1.500000,2.500000
3569960599,0.500000,1.500000,2.500000
3571480300,0.500000,1.500000,2.500000
3572832300,0.500000,1.500000,2.500000
3574902500,0.500000,1.500000,2.500000
3576436399,0.500000,1.500000,2.500000
3578422400,0.500000,1.500000,2.500000
3580318300,0.500000,1.500000,2.500000
3581533000,0.500000,1.500000,2.500000
3586008700,0.500000,1.500000,2.500000
3587047000,0.500000,1.500000,2.500000
3591441600,0.500000,1.500000,2.500000
3595235900,0.500000,1.500000,2.500000
3596284500,0.500000,1.500000,2.500000
3598330799,0.500000,1.500000,2.500000
3599821299,0.500000,1.500000,2.500000
3601390900,0.500000,1.500000,2.500000
3603203300,0.500000,1.500000,2.500000
3604753699,0.500000,1.500000,2.500000
3606293800,0.500000,1.500000,2.500000
3607827699,0.500000,1.500000,2.500000
3609352300,0.500000,1.500000,2.500000
3611002199,0.500000,1.500000,2.500000
3612446600,0.500000,1.500000,2.500000
3614068000,0.500000,1.500000,2.500000
3615595200,0.500000,1.500000,2.500000
3617182300,0.500000,1.500000,2.500000
3618955099,0.500000,1.500000,2.500000
3621360400,0.500000,1.500000,2.500000
3622413199,0.500000,1.500000,2.500000
3623972000,0.500000,1.500000,2.500000
3627299699,0.500000,1.500000,2.500000
3630581199,0.500000,1.500000,2.500000
3631689599,0.500000,1.500000,2.500000
3637226500,0.500000,1.500000,2.500000
3640257500,0.500000,1.500000,2.500000
3641589200,0.500000,1.500000,2.500000
3643524700,0.500000,1.500000,2.500000
3644955600,0.500000,1.500000,2.500000
3646488799,0.500000,1.500000,2.500000
3648031800,0.500000,1.500000,2.500000
3649637399,0.500000,1.500000,2.500000
3651196799,0.500000,1.500000,2.500000
3652725899,0.500000,1.500000,2.500000
3654277599,0.500000,1.500000,2.500000
3655997499,0.500000,1.500000,2.500000
3657438900,0.500000,1.500000,2.500000
3658894000,0.500000,1.500000,2.500000
3660437700,0.500000,1.500000,2.500000
3661956299,0.500000,1.500000,2.500000
3663507800,0.500000,1.500000,2.500000
3665236900,0.500000,1.500000,2.500000
3667613899,0.500000,1.500000,2.500000
3668657000,0.500000,1.500000,2.500000
3670939000,0.500000,1.500000,2.500000
3673208400,0.500000,1.500000,2.500000
3675851799,0.500000,1.500000,2.500000
3681692600,0.500000,1.500000,2.500000
3686032999,0.500000,1.500000,2.500000
3687114899,0.500000,1.500000,2.500000
3690948700,0.500000,1.500000,2.500000
3692000100,0.500000,1.500000,2.500000
3693542100,0.500000,1.500000,2.500000
3695086400,0.500000,1.500000,2.500000
3696214900,0.500000,1.500000,2.500000
3697419700,0.500000,1.500000,2.500000
3698958200,0.500000,1.500000,2.500000
3700497899,0.500000,1.500000,2.500000
3701885100,0.500000,1.500000,2.500000
3703504099,0.500000,1.500000,2.500000
3705047199,0.500000,1.500000,2.500000
3706617499,0.500000,1.500000,2.500000
3708158800,0.500000,1.500000,2.500000
3709723300,0.500000,1.500000,2.500000
3711374799,0.500000,1.500000,2.500000
3713116700,0.500000,1.500000,2.500000
3714498900,0.500000,1.500000,2.500000
3716023499,0.500000,1.500000,2.500000
3718975900,0.500000,1.500000,2.500000
3722709599,0.500000,1.500000,2.500000
3724267400,0.500000,1.500000,2.500000
3727673300,0.500000,1.500000,2.500000
3728821099,0.500000,1.500000,2.500000
3734753199,0.500000,1.500000,2.500000
3737342300,0.500000,1.500000,2.500000
3738387099,0.500000,1.500000,2.500000
3739921500,0.500000,1.500000,2.500000
3742150300,0.500000,1.500000,2.500000
3743722999,0.500000,1.500000,2.500000
3745259000,0.500000,1.500000,2.500000
3746798699,0.500000,1.500000,2.500000
3748335299,0.500000,1.500000,2.500000
3749864700,0.500000,1.500000,2.500000
3751406000,0.500000,1.500000,2.500000
3752961199,0.500000,1.500000,2.500000
3754519100,0.500000,1.500000,2.500000
3756057200,0.500000,1.500000,2.500000
3757080600,0.500000,1.500000,2.500000
3758668800,0.500000,1.500000,2.500000
3762491499,0.500000,1.500000,2.500000
3763869900,0.500000,1.500000,2.500000
3765787399,0.500000,1.500000,2.500000
3767740600,0.500000,1.500000,2.500000
3771647400,0.500000,1.500000,2.500000
3777085000,0.500000,1.500000,2.500000
3780487199,0.500000,1.500000,2.500000
3783199299,0.500000,1.500000,2.500000
3784737100,0.500000,1.500000,2.500000
3786260100,0.500000,1.500000,2.500000
3787790900,0.500000,1.500000,2.500000
3789326899,0.500000,1.500000,2.500000
3790918300,0.500000,1.500000,2.500000
3792457800,0.500000,1.500000,2.500000
3794035099,0.500000,1.500000,2.500000
3795562699,0.500000,1.500000,2.500000
3797096200,0.500000,1.500000,2.500000
3798634899,0.500000,1.500000,2.500000
3800182799,0.500000,1.500000,2.500000
3801700500,0.500000,1.500000,2.500000
3803258300,0.500000,1.500000,2.500000
3804807400,0.500000,1.500000,2.500000
3806416500,0.500000,1.500000,2.500000
3808125299,0.500000,1.500000,2.500000
3811578900,0.500000,1.500000,2.500000
3812704399,0.500000,1.500000,2.500000
3814604300,0.500000,1.500000,2.500000
3815741500,0.500000,1.500000,2.500000
3817951600,0.500000,1.500000,2.500000
3819324500,0.500000,1.500000,2.500000
3822715200,0.500000,1.500000,2.500000
3824063500,0.500000,1.500000,2.500000
3830243700,0.500000,1.500000,2.500000
3833863300,0.500000,1.500000,2.500000
3834914799,0.500000,1.500000,2.500000
3836994199,0.500000,1.500000,2.500000
3838030500,0.500000,1.500000,2.500000
3839563599,0.500000,1.500000,2.500000
3841101899,0.500000,1.500000,2.500000
3842141900,0.500000,1.500000,2.500000
3843676000,0.500000,1.500000,2.500000
3845217699,0.500000,1.500000,2.500000
3846754700,0.500000,1.500000,2.500000
3848298400,0.500000,1.500000,2.500000
3849837200,0.500000,1.500000,2.500000
3851412100,0.500000,1.500000,2.500000
3853001700,0.500000,1.500000,2.500000
3854309200,0.500000,1.500000,2.500000
3856837600,0.500000,1.500000,2.500000
3857917599,0.500000,1.500000,2.500000
3861097499,0.500000,1.500000,2.500000
3863553700,0.500000,1.500000,2.500000
3866487300,0.500000,1.500000,2.500000
3867523599,0.500000,1.500000,2.500000
3872800700,0.500000,1.500000,2.500000
3875770899,0.500000,1.500000,2.500000
3878468100,0.500000,1.500000,2.500000
3879505000,0.500000,1.500000,2.500000
3881055600,0.500000,1.500000,2.500000
3882593599,0.500000,1.500000,2.500000
3884115699,0.500000,1.500000,2.500000
3885706599,0.500000,1.500000,2.500000
3887266700,0.500000,1.500000,2.500000
3888813199,0.500000,1.500000,2.500000
3890366500,0.500000,1.500000,2.500000
3891878700,0.500000,1.500000,2.500000
3893428900,0.500000,1.500000,2.500000
3894977100,0.500000,1.500000,2.500000
3896517499,0.500000,1.500000,2.500000
3898062300,0.500000,1.500000,2.500000
3899627899,0.500000,1.500000,2.500000
3901256700,0.500000,1.500000,2.500000
3903185000,0.500000,1.500000,2.500000
3905443900,0.500000,1.500000,2.500000
3906979999,0.500000,1.500000,2.500000
3909102999,0.500000,1.500000,2.500000
3910178899,0.500000,1.500000,2.500000
3911806700,0.500000,1.500000,2.500000
3915953700,0.500000,1.500000,2.500000
3922750999,0.500000,1.500000,2.500000
3926392200,0.500000,1.500000,2.500000
3927992700,0.500000,1.500000,2.500000
3931020299,0.500000,1.500000,2.500000
3932140299,0.500000,1.500000,2.500000
3933773600,0.500000,1.500000,2.500000
3935367600,0.500000,1.500000,2.500000
3936941699,0.500000,1.500000,2.500000
3938517599,0.500000,1.500000,2.500000
3940132499,0.500000,1.500000,2.500000
3941647500,0.500000,1.500000,2.500000
3943198799,0.500000,1.500000,2.500000
3944784500,0.500000,1.500000,2.500000
3946388000,0.500000,1.500000,2.500000
3947979500,0.500000,1.500000,2.500000
3951082400,0.500000,1.500000,2.500000
3952577299,0.500000,1.500000,2.500000
3957228899,0.500000,1.500000,2.500000
3960125700,0.500000,1.500000,2.500000
3961207899,0.500000,1.500000,2.500000
3967898100,0.500000,1.500000,2.500000
3971259600,0.500000,1.500000,2.500000
3974035200,0.500000,1.500000,2.500000
3975654200,0.500000,1.500000,2.500000
3977262200,0.500000,1.500000,2.500000
3978869799,0.500000,1.500000,2.500000
3980869700,0.500000,1.500000,2.500000
3982025199,0.500000,1.500000,2.500000
3983610399,0.500000,1.500000,2.500000
3985202900,0.500000,1.500000,2.500000
3986768599,0.500000,1.500000,2.500000
3988335000,0.500000,1.500000,2.500000
3989897200,0.500000,1.500000,2.500000
3991440600,0.500000,1.500000,2.500000
3993673999,0.500000,1.500000,2.500000
3997290999,0.500000,1.500000,2.500000
3998631800,0.500000,1.500000,2.500000
4003349999,0.500000,1.500000,2.500000
4006258400,0.500000,1.500000,2.500000
4012853200,0.500000,1.500000,2.500000
4015822699,0.500000,1.500000,2.500000
4016918499,0.500000,1.500000,2.500000
4019184199,0.500000,1.500000,2.500000
4020513100,0.500000,1.500000,2.500000
4022026700,0.500000,1.500000,2.500000
4023574999,0.500000,1.500000,2.500000
4025121799,0.500000,1.500000,2.500000
4026789900,0.500000,1.500000,2.500000
4028416900,0.500000,1.500000,2.500000
4030011299,0.500000,1.500000,2.500000
4031523700,0.500000,1.500000,2.500000
4033081400,0.500000,1.500000,2.500000
4034674499,0.500000,1.500000,2.500000
4036226399,0.500000,1.500000,2.500000
4037790499,0.500000,1.500000,2.500000
4040386900,0.500000,1.500000,2.500000
4043630699,0.500000,1.500000,2.500000
4044791500,0.500000,1.500000,2.500000
4046436600,0.500000,1.500000,2.500000
4048209900,0.500000,1.500000,2.500000
4050571699,0.500000,1.500000,2.500000
4053813200,0.500000,1.500000,2.500000
4060418799,0.500000,1.500000,2.500000
4061712499,0.500000,1.500000,2.500000
4064638900,0.500000,1.500000,2.500000
4065762700,0.500000,1.500000,2.500000
4067777299,0.500000,1.500000,2.500000
4068857400,0.500000,1.500000,2.500000
4070451500,0.500000,1.500000,2.500000
4071892899,0.500000,1.500000,2.500000
4073505599,0.500000,1.500000,2.500000
4075075100,0.500000,1.500000,2.500000
4076660799,0.500000,1.500000,2.500000
4077817700,0.500000,1.500000,2.500000
4079468399,0.500000,1.500000,2.500000
4081033800,0.500000,1.500000,2.500000
4082545900,0.500000,1.500000,2.500000
4084111900,0.500000,1.500000,2.500000
4085663700,0.500000,1.500000,2.500000
4087198000,0.500000,1.500000,2.500000
4088931799,0.500000,1.500000,2.500000
4092008899,0.500000,1.500000,2.500000
4093125600,0.500000,1.500000,2.500000
4095612099,0.500000,1.500000,2.500000
4099007900,0.500000,1.500000,2.500000
4102176799,0.500000,1.500000,2.500000
4103754900,0.500000,1.500000,2.500000
4109865099,0.500000,1.500000,2.500000
4113713899,0.500000,1.500000,2.500000
4116201000,0.500000,1.500000,2.500000
4117771299,0.500000,1.500000,2.500000
4119320999,0.500000,1.500000,2.500000
4120952400,0.500000,1.500000,2.500000
4122406700,0.500000,1.500000,2.500000
4123992699,0.500000,1.500000,2.500000
4125777599,0.500000,1.500000,2.500000
4127307200,0.500000,1.500000,2.500000
4128836700,0.500000,1.500000,2.500000
4130362500,0.500000,1.500000,2.500000
4131755900,0.500000,1.500000,2.500000
4133304299,0.500000,1.500000,2.500000
4134866699,0.500000,1.500000,2.500000
4136549299,0.500000,1.500000,2.500000
4138871100,0.500000,1.500000,2.500000
4141910099,0.500000,1.500000,2.500000
4144419000,0.500000,1.500000,2.500000
4148477399,0.500000,1.500000,2.500000
4149965399,0.500000,1.500000,2.500000
4153696499,0.500000,1.500000,2.500000
4155077800,0.500000,1.500000,2.500000
4160480200,0.500000,1.500000,2.500000
4161653399,0.500000,1.500000,2.500000
4163199000,0.500000,1.500000,2.500000
4165545700,0.500000,1.500000,2.500000
4168035299,0.500000,1.500000,2.500000
4169095400,0.500000,1.500000,2.500000
4170670799,0.500000,1.500000,2.500000
4172302700,0.500000,1.500000,2.500000
4173841100,0.500000,1.500000,2.500000
4175379699,0.500000,1.500000,2.500000
4176900099,0.500000,1.500000,2.500000
4178455400,0.500000,1.500000,2.500000
4180024400,0.500000,1.500000,2.500000
4181533800,0.500000,1.500000,2.500000
4183157999,0.500000,1.500000,2.500000
4185236800,0.500000,1.500000,2.500000
4186445799,0.500000,1.500000,2.500000
4188003700,0.500000,1.500000,2.500000
4189634800,0.500000,1.500000,2.500000
4195291600,0.500000,1.500000,2.500000
4198401900,0.500000,1.500000,2.500000
4204269000,0.500000,1.500000,2.500000
4207616500,0.500000,1.500000,2.500000
4210214099,0.500000,1.500000,2.500000
4211708000,0.500000,1.500000,2.500000
4213426900,0.500000,1.500000,2.500000
4214851500,0.500000,1.500000,2.500000
4216490600,0.500000,1.500000,2.500000
4218091100,0.500000,1.500000,2.500000
4219669700,0.500000,1.500000,2.500000
4221268699,0.500000,1.500000,2.500000
4222868500,0.500000,1.500000,2.500000
4224408000,0.500000,1.500000,2.500000
4225946799,0.500000,1.500000,2.500000
4227512500,0.500000,1.500000,2.500000
4229126899,0.500000,1.500000,2.500000
4231030700,0.500000,1.500000,2.500000
4234263199,0.500000,1.500000,2.500000
4235663600,0.500000,1.500000,2.500000
4240612499,0.500000,1.500000,2.500000
4243856200,0.500000,1.500000,2.500000
4245397099,0.500000,1.500000,2.500000
4251666299,0.500000,1.500000,2.500000
4253256700,0.500000,1.500000,2.500000
4256272899,0.500000,1.500000,2.500000
4259271000,0.500000,1.500000,2.500000
4260468200,0.500000,1.500000,2.500000
4262168200,0.500000,1.500000,2.500000
4263738399,0.500000,1.500000,2.500000
4265296199,0.500000,1.500000,2.500000
4266829400,0.500000,1.500000,2.500000
4268382800,0.500000,1.500000,2.500000
4269947900,0.500000,1.500000,2.500000
4271286700,0.500000,1.500000,2.500000
4272898900,0.500000,1.500000,2.500000
4274455200,0.500000,1.500000,2.500000
4276082900,0.500000,1.500000,2.500000
4278162599,0.500000,1.500000,2.500000
4279677400,0.500000,1.500000,2.500000
4282236899,0.500000,1.500000,2.500000
4283849500,0.500000,1.500000,2.500000
4285929999,0.500000,1.500000,2.500000
4287069600,0.500000,1.500000,2.500000
4289562099,0.500000,1.500000,2.500000
4292799100,0.500000,1.500000,2.500000
4299049599,0.500000,1.500000,2.500000
4302055300,0.500000,1.500000,2.500000
4304662200,0.500000,1.500000,2.500000
4305758499,0.500000,1.500000,2.500000
4307376299,0.500000,1.500000,2.500000
4308919499,0.500000,1.500000,2.500000
4310462200,0.500000,1.500000,2.500000
4312072100,0.500000,1.500000,2.500000
4313661000,0.500000,1.500000,2.500000
4315223600,0.500000,1.500000,2.500000
4316790600,0.500000,1.500000,2.500000
4318330499,0.500000,1.500000,2.500000
4319878700,0.500000,1.500000,2.500000
4321445000,0.500000,1.500000,2.500000
4323023299,0.500000,1.500000,2.500000
4324779700,0.500000,1.500000,2.500000
4328164799,0.500000,1.500000,2.500000
4329363999,0.500000,1.500000,2.500000
4334703200,0.500000,1.500000,2.500000
4337866499,0.500000,1.500000,2.500000
4339011199,0.500000,1.500000,2.500000
4344548300,0.500000,1.500000,2.500000
4345622699,0.500000,1.500000,2.500000
4349402100,0.500000,1.500000,2.500000
4351985599,0.500000,1.500000,2.500000
4353563999,0.500000,1.500000,2.500000
4355197299,0.500000,1.500000,2.500000
4356737399,0.500000,1.500000,2.500000
4357810499,0.500000,1.500000,2.500000
4358839799,0.500000,1.500000,2.500000
4360389400,0.500000,1.500000,2.500000
4361898600,0.500000,1.500000,2.500000
4363533600,0.500000,1.500000,2.500000
4365060100,0.500000,1.500000,2.500000
4366617600,0.500000,1.500000,2.500000
4368687000,0.500000,1.500000,2.500000
4370461700,0.500000,1.500000,2.500000
4373265499,0.500000,1.500000,2.500000
4375607200,0.500000,1.500000,2.500000
4376800400,0.500000,1.500000,2.500000
4378622099,0.500000,1.500000,2.500000
4383623900,0.500000,1.500000,2.500000
4389806500,0.500000,1.500000,2.500000
4390918299,0.500000,1.500000,2.500000
4396963200,0.500000,1.500000,2.500000
4398709300,0.500000,1.500000,2.500000
4401825300,0.500000,1.500000,2.500000
4404210599,0.500000,1.500000,2.500000
4405239300,0.500000,1.500000,2.500000
4406769900,0.500000,1.500000,2.500000
4408128800,0.500000,1.500000,2.500000
4409676600,0.500000,1.500000,2.500000
4411219599,0.500000,1.500000,2.500000
4412761400,0.500000,1.500000,2.500000
4414303300,0.500000,1.500000,2.500000
4415851999,0.500000,1.500000,2.500000
4417737700,0.500000,1.500000,2.500000
4419303800,0.500000,1.500000,2.500000
4420352100,0.500000,1.500000,2.500000
4422423800,0.500000,1.500000,2.500000
4424433000,0.500000,1.500000,2.500000
4426178000,0.500000,1.500000,2.500000
4427780400,0.500000,1.500000,2.500000
4429413899,0.500000,1.500000,2.500000
4432460900,0.500000,1.500000,2.500000
4438442500,0.500000,1.500000,2.500000
4441758200,0.500000,1.500000,2.500000
4445131200,0.500000,1.500000,2.500000
4446471700,0.500000,1.500000,2.500000
4448011899,0.500000,1.500000,2.500000
4449616899,0.500000,1.500000,2.500000
4451168799,0.500000,1.500000,2.500000
4452708700,0.500000,1.500000,2.500000
4454277900,0.500000,1.500000,2.500000
4455823600,0.500000,1.500000,2.500000
4457373700,0.500000,1.500000,2.500000
4458873199,0.500000,1.500000,2.500000
4460413900,0.500000,1.500000,2.500000
4461941400,0.500000,1.500000,2.500000
4463078200,0.500000,1.500000,2.500000
4464605699,0.500000,1.500000,2.500000
4466232600,0.500000,1.500000,2.500000
4468024800,0.500000,1.500000,2.500000
4470428100,0.500000,1.500000,2.500000
4471582700,0.500000,1.500000,2.500000
4473310300,0.500000,1.500000,2.500000
4474597400,0.500000,1.500000,2.500000
4476984400,0.500000,1.500000,2.500000
4480697799,0.500000,1.500000,2.500000
4487339600,0.500000,1.500000,2.500000
4490903099,0.500000,1.500000,2.500000
4492439399,0.500000,1.500000,2.500000
4495573500,0.500000,1.500000,2.500000
4496981700,0.500000,1.500000,2.500000
4498649599,0.500000,1.500000,2.500000
4500188400,0.500000,1.500000,2.500000
4501544500,0.500000,1.500000,2.500000
4503114999,0.500000,1.500000,2.500000
4504665400,0.500000,1.500000,2.500000
4506205999,0.500000,1.500000,2.500000
4507800600,0.500000,1.500000,2.500000
4509363400,0.500000,1.500000,2.500000
4510909299,0.500000,1.500000,2.500000
4512479900,0.500000,1.500000,2.500000
4514093300,0.500000,1.500000,2.500000
4515694499,0.500000,1.500000,2.500000
4518364100,0.500000,1.500000,2.500000
4520531200,0.500000,1.500000,2.500000
4522457099,0.500000,1.500000,2.500000
4524999599,0.500000,1.500000,2.500000
4528522699,0.500000,1.500000,2.500000
4529609800,0.500000,1.500000,2.500000
4535055400,0.500000,1.500000,2.500000
4538064799,0.500000,1.500000,2.500000
4540683799,0.500000,1.500000,2.500000
4542172499,0.500000,1.500000,2.500000
4543764599,0.500000,1.500000,2.500000
4545334599,0.500000,1.500000,2.500000
4546879200,0.500000,1.500000,2.500000
4548465799,0.500000,1.500000,2.500000
4550015300,0.500000,1.500000,2.500000
4551547600,0.500000,1.500000,2.500000
4553134599,0.500000,1.500000,2.500000
4554682599,0.500000,1.500000,2.500000
4557745500,0.500000,1.500000,2.500000
4559346599,0.500000,1.500000,2.500000
4561201000,0.500000,1.500000,2.500000
4562555099,0.500000,1.500000,2.500000
4566343600,0.500000,1.500000,2.500000
4569183699,0.500000,1.500000,2.500000
4575994099,0.500000,1.500000,2.500000
4580207600,0.500000,1.500000,2.500000
4583916399,0.500000,1.500000,2.500000
4585017099,0.500000,1.500000,2.500000
4586567300,0.500000,1.500000,2.500000
4588111099,0.500000,1.500000,2.500000
4589666300,0.500000,1.500000,2.500000
4591395600,0.500000,1.500000,2.500000
4592944900,0.500000,1.500000,2.500000
4594518700,0.500000,1.500000,2.500000
4596067500,0.500000,1.500000,2.500000
4597608399,0.500000,1.500000,2.500000
4599160600,0.500000,1.500000,2.500000
4600720399,0.500000,1.500000,2.500000
4603039200,0.500000,1.500000,2.500000
4604154799,0.500000,1.500000,2.500000
4607106399,0.500000,1.500000,2.500000
4608157599,0.500000,1.500000,2.500000
4609870799,0.500000,1.500000,2.500000
4613347899,0.500000,1.500000,2.500000
4615194999,0.500000,1.500000,2.500000
4620132800,0.500000,1.500000,2.500000
4628195500,0.500000,1.500000,2.500000
4629932499,0.500000,1.500000,2.500000
4633730000,0.500000,1.500000,2.500000
4637293600,0.500000,1.500000,2.500000
4638860099,0.500000,1.500000,2.500000
4640428500,0.500000,1.500000,2.500000
