t_ns,ch1_V,ch2_V,ch3_V
0,0.500000,1.500000,2.500000
1553100,0.500000,1.500000,2.500000
7645099,0.500000,1.500000,2.500000
9300999,0.500000,1.500000,2.500000
11037000,0.500000,1.500000,2.500000
12624900,0.500000,1.500000,2.500000
15742000,0.500000,1.500000,2.500000
16881900,0.500000,1.500000,2.500000
18939200,0.500000,1.500000,2.500000
21071700,0.500000,1.500000,2.500000
25648100,0.500000,1.500000,2.500000
26859999,0.500000,1.500000,2.500000
28480200,0.500000,1.500000,2.500000
31254000,0.500000,1.500000,2.500000
33189699,0.500000,1.500000,2.500000
38631700,0.500000,1.500000,2.500000
39939200,0.500000,1.500000,2.500000
42497000,0.500000,1.500000,2.500000
43953000,0.500000,1.500000,2.500000
47051699,0.500000,1.500000,2.500000
48105599,0.500000,1.500000,2.500000
50502799,0.500000,1.500000,2.500000
54529900,0.500000,1.500000,2.500000
56170600,0.500000,1.500000,2.500000
57775100,0.500000,1.500000,2.500000
58928899,0.500000,1.500000,2.500000
60716599,0.500000,1.500000,2.500000
64005100,0.500000,1.500000,2.500000
65712900,0.500000,1.500000,2.500000
67314899,0.500000,1.500000,2.500000
70071100,0.500000,1.500000,2.500000
76518399,0.500000,1.500000,2.500000
80231100,0.500000,1.500000,2.500000
85629100,0.500000,1.500000,2.500000
87924400,0.500000,1.500000,2.500000
88987800,0.500000,1.500000,2.500000
90526400,0.500000,1.500000,2.500000
92054599,0.500000,1.500000,2.500000
93612900,0.500000,1.500000,2.500000
95195100,0.500000,1.500000,2.500000
96756899,0.500000,1.500000,2.500000
98798400,0.500000,1.500000,2.500000
100894199,0.500000,1.500000,2.500000
103333300,0.500000,1.500000,2.500000
104816899,0.500000,1.500000,2.500000
108341999,0.500000,1.500000,2.500000
109924900,0.500000,1.500000,2.500000
112349000,0.500000,1.500000,2.500000
115941900,0.500000,1.500000,2.500000
117050100,0.500000,1.500000,2.500000
120261399,0.500000,1.500000,2.500000
123277999,0.500000,1.500000,2.500000
128693400,0.500000,1.500000,2.500000
129799399,0.500000,1.500000,2.500000
133239000,0.500000,1.500000,2.500000
134445800,0.500000,1.500000,2.500000
136261899,0.500000,1.500000,2.500000
137357200,0.500000,1.500000,2.500000
141296000,0.500000,1.500000,2.500000
143871200,0.500000,1.500000,2.500000
145724299,0.500000,1.500000,2.500000
148059300,0.500000,1.500000,2.500000
150390800,0.500000,1.500000,2.500000
153675499,0.500000,1.500000,2.500000
160724000,0.500000,1.500000,2.500000
166056900,0.500000,1.500000,2.500000
167519100,0.500000,1.500000,2.500000
171089199,0.500000,1.500000,2.500000
173661900,0.500000,1.500000,2.500000
174707500,0.500000,1.500000,2.500000
176628599,0.500000,1.500000,2.500000
178704099,0.500000,1.500000,2.500000
181156799,0.500000,1.500000,2.500000
183067500,0.500000,1.500000,2.500000
184486199,0.500000,1.500000,2.500000
186488400,0.500000,1.500000,2.500000
187626500,0.500000,1.500000,2.500000
189204299,0.500000,1.500000,2.500000
190774900,0.500000,1.500000,2.500000
192701699,0.500000,1.500000,2.500000
193909300,0.500000,1.500000,2.500000
195517899,0.500000,1.500000,2.500000
197702099,0.500000,1.500000,2.500000
199319999,0.500000,1.500000,2.500000
201081999,0.500000,1.500000,2.500000
204586899,0.500000,1.500000,2.500000
205647399,0.500000,1.500000,2.500000
207539199,0.500000,1.500000,2.500000
209844600,0.500000,1.500000,2.500000
214337700,0.500000,1.500000,2.500000
215464200,0.500000,1.500000,2.500000
221451700,0.500000,1.500000,2.500000
222584600,0.500000,1.500000,2.500000
229752200,0.500000,1.500000,2.500000
230871799,0.500000,1.500000,2.500000
234491900,0.500000,1.500000,2.500000
235598899,0.500000,1.500000,2.500000
237226299,0.500000,1.500000,2.500000
238341600,0.500000,1.500000,2.500000
239936600,0.500000,1.500000,2.500000
241542900,0.500000,1.500000,2.500000
243132800,0.500000,1.500000,2.500000
244670699,0.500000,1.500000,2.500000
246475200,0.500000,1.500000,2.500000
249302000,0.500000,1.500000,2.500000
250407300,0.500000,1.500000,2.500000
251995099,0.500000,1.500000,2.500000
254346399,0.500000,1.500000,2.500000
260787200,0.500000,1.500000,2.500000
267877600,0.500000,1.500000,2.500000
268965399,0.500000,1.500000,2.500000
274488600,0.500000,1.500000,2.500000
278142499,0.500000,1.500000,2.500000
279418799,0.500000,1.500000,2.500000
280965400,0.500000,1.500000,2.500000
282502100,0.500000,1.500000,2.500000
284045899,0.500000,1.500000,2.500000
285652200,0.500000,1.500000,2.500000
287269400,0.500000,1.500000,2.500000
288895300,0.500000,1.500000,2.500000
290517000,0.500000,1.500000,2.500000
292283599,0.500000,1.500000,2.500000
295516300,0.500000,1.500000,2.500000
296637100,0.500000,1.500000,2.500000
302098000,0.500000,1.500000,2.500000
303204700,0.500000,1.500000,2.500000
304969999,0.500000,1.500000,2.500000
307380899,0.500000,1.500000,2.500000
312019199,0.500000,1.500000,2.500000
314560400,0.500000,1.500000,2.500000
318287499,0.500000,1.500000,2.500000
320055600,0.500000,1.500000,2.500000
321620399,0.500000,1.500000,2.500000
323220300,0.500000,1.500000,2.500000
324765899,0.500000,1.500000,2.500000
326295999,0.500000,1.500000,2.500000
327826200,0.500000,1.500000,2.500000
329369799,0.500000,1.500000,2.500000
330905100,0.500000,1.500000,2.500000
332463300,0.500000,1.500000,2.500000
333988999,0.500000,1.500000,2.500000
335533999,0.500000,1.500000,2.500000
337907599,0.500000,1.500000,2.500000
340365000,0.500000,1.500000,2.500000
343384599,0.500000,1.500000,2.500000
344435200,0.500000,1.500000,2.500000
347741700,0.500000,1.500000,2.500000
350472799,0.500000,1.500000,2.500000
351541000,0.500000,1.500000,2.500000
353354699,0.500000,1.500000,2.500000
354470400,0.500000,1.500000,2.500000
355951800,0.500000,1.500000,2.500000
357509200,0.500000,1.500000,2.500000
359154099,0.500000,1.500000,2.500000
360750599,0.500000,1.500000,2.500000
362362400,0.500000,1.500000,2.500000
363863899,0.500000,1.500000,2.500000
365399900,0.500000,1.500000,2.500000
366950700,0.500000,1.500000,2.500000
368499500,0.500000,1.500000,2.500000
370130000,0.500000,1.500000,2.500000
371720299,0.500000,1.500000,2.500000
373314999,0.500000,1.500000,2.500000
375169600,0.500000,1.500000,2.500000
376704499,0.500000,1.500000,2.500000
378731400,0.500000,1.500000,2.500000
380461400,0.500000,1.500000,2.500000
381495300,0.500000,1.500000,2.500000
384338099,0.500000,1.500000,2.500000
387277200,0.500000,1.500000,2.500000
388342999,0.500000,1.500000,2.500000
391566199,0.500000,1.500000,2.500000
392646699,0.500000,1.500000,2.500000
394421099,0.500000,1.500000,2.500000
395522200,0.500000,1.500000,2.500000
397384900,0.500000,1.500000,2.500000
398475100,0.500000,1.500000,2.500000
400031600,0.500000,1.500000,2.500000
401707199,0.500000,1.500000,2.500000
403310800,0.500000,1.500000,2.500000
404943900,0.500000,1.500000,2.500000
406591200,0.500000,1.500000,2.500000
408135300,0.500000,1.500000,2.500000
409684500,0.500000,1.500000,2.500000
411195799,0.500000,1.500000,2.500000
412738600,0.500000,1.500000,2.500000
414259500,0.500000,1.500000,2.500000
415804999,0.500000,1.500000,2.500000
417459900,0.500000,1.500000,2.500000
419049099,0.500000,1.500000,2.500000
420588799,0.500000,1.500000,2.500000
422163600,0.500000,1.500000,2.500000
423693400,0.500000,1.500000,2.500000
425289400,0.500000,1.500000,2.500000
426882899,0.500000,1.500000,2.500000
429445800,0.500000,1.500000,2.500000
432609900,0.500000,1.500000,2.500000
434642699,0.500000,1.500000,2.500000
436206099,0.500000,1.500000,2.500000
439920400,0.500000,1.500000,2.500000
446265200,0.500000,1.500000,2.500000
447599400,0.500000,1.500000,2.500000
448857399,0.500000,1.500000,2.500000
454409700,0.500000,1.500000,2.500000
455623599,0.500000,1.500000,2.500000
459623599,0.500000,1.500000,2.500000
461644900,0.500000,1.500000,2.500000
464611299,0.500000,1.500000,2.500000
466617500,0.500000,1.500000,2.500000
468621899,0.500000,1.500000,2.500000
470584599,0.500000,1.500000,2.500000
472567299,0.500000,1.500000,2.500000
474619100,0.500000,1.500000,2.500000
478149499,0.500000,1.500000,2.500000
479493500,0.500000,1.500000,2.500000
481827700,0.500000,1.500000,2.500000
485322499,0.500000,1.500000,2.500000
492341199,0.500000,1.500000,2.500000
493555100,0.500000,1.500000,2.500000
501178899,0.500000,1.500000,2.500000
503603099,0.500000,1.500000,2.500000
505691899,0.500000,1.500000,2.500000
510162600,0.500000,1.500000,2.500000
511529199,0.500000,1.500000,2.500000
514161999,0.500000,1.500000,2.500000
516140200,0.500000,1.500000,2.500000
518145000,0.500000,1.500000,2.500000
519825800,0.500000,1.500000,2.500000
522464699,0.500000,1.500000,2.500000
526820999,0.500000,1.500000,2.500000
528179400,0.500000,1.500000,2.500000
530802300,0.500000,1.500000,2.500000
532003000,0.500000,1.500000,2.500000
535076899,0.500000,1.500000,2.500000
539551599,0.500000,1.500000,2.500000
548049500,0.500000,1.500000,2.500000
549362899,0.500000,1.500000,2.500000
550924199,0.500000,1.500000,2.500000
558437400,0.500000,1.500000,2.500000
561634300,0.500000,1.500000,2.500000
563089700,0.500000,1.500000,2.500000
564875299,0.500000,1.500000,2.500000
568678100,0.500000,1.500000,2.500000
570375299,0.500000,1.500000,2.500000
574130300,0.500000,1.500000,2.500000
575321099,0.500000,1.500000,2.500000
577870300,0.500000,1.500000,2.500000
579356499,0.500000,1.500000,2.500000
581033000,0.500000,1.500000,2.500000
586565199,0.500000,1.500000,2.500000
594992099,0.500000,1.500000,2.500000
599063499,0.500000,1.500000,2.500000
600311100,0.500000,1.500000,2.500000
601946399,0.500000,1.500000,2.500000
609083600,0.500000,1.500000,2.500000
610230600,0.500000,1.500000,2.500000
616280200,0.500000,1.500000,2.500000
617738699,0.500000,1.500000,2.500000
620273400,0.500000,1.500000,2.500000
622316900,0.500000,1.500000,2.500000
630135999,0.500000,1.500000,2.500000
632334399,0.500000,1.500000,2.500000
633907900,0.500000,1.500000,2.500000
638030800,0.500000,1.500000,2.500000
642376800,0.500000,1.500000,2.500000
651708299,0.500000,1.500000,2.500000
654661900,0.500000,1.500000,2.500000
655968400,0.500000,1.500000,2.500000
657286900,0.500000,1.500000,2.500000
659850600,0.500000,1.500000,2.500000
664061100,0.500000,1.500000,2.500000
665712299,0.500000,1.500000,2.500000
667495399,0.500000,1.500000,2.500000
669994600,0.500000,1.500000,2.500000
671513399,0.500000,1.500000,2.500000
673341000,0.500000,1.500000,2.500000
681106600,0.500000,1.500000,2.500000
682980800,0.500000,1.500000,2.500000
684176299,0.500000,1.500000,2.500000
690158199,0.500000,1.500000,2.500000
698718100,0.500000,1.500000,2.500000
699900599,0.500000,1.500000,2.500000
705381899,0.500000,1.500000,2.500000
706538899,0.500000,1.500000,2.500000
714019899,0.500000,1.500000,2.500000
715213000,0.500000,1.500000,2.500000
717840999,0.500000,1.500000,2.500000
721729400,0.500000,1.500000,2.500000
723813399,0.500000,1.500000,2.500000
724922800,0.500000,1.500000,2.500000
733794899,0.500000,1.500000,2.500000
735202199,0.500000,1.500000,2.500000
737404200,0.500000,1.500000,2.500000
739777700,0.500000,1.500000,2.500000
749996799,0.500000,1.500000,2.500000
752133100,0.500000,1.500000,2.500000
753752199,0.500000,1.500000,2.500000
757004400,0.500000,1.500000,2.500000
761211800,0.500000,1.500000,2.500000
763672100,0.500000,1.500000,2.500000
765476300,0.500000,1.500000,2.500000
766997999,0.500000,1.500000,2.500000
772334100,0.500000,1.500000,2.500000
773435199,0.500000,1.500000,2.500000
775288500,0.500000,1.500000,2.500000
777372800,0.500000,1.500000,2.500000
781594599,0.500000,1.500000,2.500000
787946600,0.500000,1.500000,2.500000
790242900,0.500000,1.500000,2.500000
792502900,0.500000,1.500000,2.500000
800229300,0.500000,1.500000,2.500000
801921799,0.500000,1.500000,2.500000
806078300,0.500000,1.500000,2.500000
807686899,0.500000,1.500000,2.500000
810213999,0.500000,1.500000,2.500000
816473099,0.500000,1.500000,2.500000
817736800,0.500000,1.500000,2.500000
819877100,0.500000,1.500000,2.500000
824330700,0.500000,1.500000,2.500000
829040099,0.500000,1.500000,2.500000
835046100,0.500000,1.500000,2.500000
838391299,0.500000,1.500000,2.500000
839892299,0.500000,1.500000,2.500000
847325299,0.500000,1.500000,2.500000
854004000,0.500000,1.500000,2.500000
855639000,0.500000,1.500000,2.500000
858705500,0.500000,1.500000,2.500000
863754400,0.500000,1.500000,2.500000
865019400,0.500000,1.500000,2.500000
866753599,0.500000,1.500000,2.500000
868459999,0.500000,1.500000,2.500000
874482200,0.500000,1.500000,2.500000
880662700,0.500000,1.500000,2.500000
882612000,0.500000,1.500000,2.500000
888616199,0.500000,1.500000,2.500000
891431099,0.500000,1.500000,2.500000
898312500,0.500000,1.500000,2.500000
899965999,0.500000,1.500000,2.500000
904245199,0.500000,1.500000,2.500000
908776900,0.500000,1.500000,2.500000
910238999,0.500000,1.500000,2.500000
912585799,0.500000,1.500000,2.500000
916762000,0.500000,1.500000,2.500000
925960599,0.500000,1.500000,2.500000
928145999,0.500000,1.500000,2.500000
933213500,0.500000,1.500000,2.500000
936100799,0.500000,1.500000,2.500000
937320099,0.500000,1.500000,2.500000
939338999,0.500000,1.500000,2.500000
944253200,0.500000,1.500000,2.500000
945919999,0.500000,1.500000,2.500000
948512599,0.500000,1.500000,2.500000
952223500,0.500000,1.500000,2.500000
953717000,0.500000,1.500000,2.500000
955232699,0.500000,1.500000,2.500000
957516100,0.500000,1.500000,2.500000
959471699,0.500000,1.500000,2.500000
963793000,0.500000,1.500000,2.500000
971682100,0.500000,1.500000,2.500000
972868299,0.500000,1.500000,2.500000
974434900,0.500000,1.500000,2.500000
982763799,0.500000,1.500000,2.500000
983987200,0.500000,1.500000,2.500000
990432300,0.500000,1.500000,2.500000
991662000,0.500000,1.500000,2.500000
993842700,0.500000,1.500000,2.500000
998458900,0.500000,1.500000,2.500000
999806400,0.500000,1.500000,2.500000
1002447799,0.500000,1.500000,2.500000
1003815900,0.500000,1.500000,2.500000
1009439900,0.500000,1.500000,2.500000
1016813800,0.500000,1.500000,2.500000
1018042000,0.500000,1.500000,2.500000
1027853400,0.500000,1.500000,2.500000
1029042399,0.500000,1.500000,2.500000
1034455100,0.500000,1.500000,2.500000
1035645199,0.500000,1.500000,2.500000
1038317899,0.500000,1.500000,2.500000
1040056700,0.500000,1.500000,2.500000
1043712999,0.500000,1.500000,2.500000
1045285599,0.500000,1.500000,2.500000
1047931200,0.500000,1.500000,2.500000
1052190599,0.500000,1.500000,2.500000
1057283800,0.500000,1.500000,2.500000
1058440000,0.500000,1.500000,2.500000
1069103000,0.500000,1.500000,2.500000
1070232600,0.500000,1.500000,2.500000
1072034199,0.500000,1.500000,2.500000
1073208300,0.500000,1.500000,2.500000
1079496799,0.500000,1.500000,2.500000
1080736600,0.500000,1.500000,2.500000
1083956399,0.500000,1.500000,2.500000
1087982500,0.500000,1.500000,2.500000
1089285599,0.500000,1.500000,2.500000
1090797999,0.500000,1.500000,2.500000
1097743199,0.500000,1.500000,2.500000
1106608200,0.500000,1.500000,2.500000
1107782400,0.500000,1.500000,2.500000
1115546100,0.500000,1.500000,2.500000
1118253699,0.500000,1.500000,2.500000
1119842200,0.500000,1.500000,2.500000
1125577600,0.500000,1.500000,2.500000
1126766699,0.500000,1.500000,2.500000
1131287399,0.500000,1.500000,2.500000
1132467600,0.500000,1.500000,2.500000
1134321700,0.500000,1.500000,2.500000
1136731500,0.500000,1.500000,2.500000
1141542700,0.500000,1.500000,2.500000
1142853199,0.500000,1.500000,2.500000
1144384500,0.500000,1.500000,2.500000
1146557400,0.500000,1.500000,2.500000
1150733000,0.500000,1.500000,2.500000
1158091700,0.500000,1.500000,2.500000
1160530400,0.500000,1.500000,2.500000
1161732100,0.500000,1.500000,2.500000
1168264300,0.500000,1.500000,2.500000
1171129399,0.500000,1.500000,2.500000
1172331800,0.500000,1.500000,2.500000
1176300699,0.500000,1.500000,2.500000
1177511300,0.500000,1.500000,2.500000
1180341699,0.500000,1.500000,2.500000
1182182999,0.500000,1.500000,2.500000
1185409099,0.500000,1.500000,2.500000
1187308599,0.500000,1.500000,2.500000
1188585500,0.500000,1.500000,2.500000
1190964000,0.500000,1.500000,2.500000
1196663900,0.500000,1.500000,2.500000
1205067000,0.500000,1.500000,2.500000
1206275600,0.500000,1.500000,2.500000
1214523200,0.500000,1.500000,2.500000
1215693799,0.500000,1.500000,2.500000
1222384499,0.500000,1.500000,2.500000
1223639700,0.500000,1.500000,2.500000
1225221100,0.500000,1.500000,2.500000
1227519400,0.500000,1.500000,2.500000
1231232199,0.500000,1.500000,2.500000
1232844500,0.500000,1.500000,2.500000
1234629700,0.500000,1.500000,2.500000
1236647800,0.500000,1.500000,2.500000
1243952199,0.500000,1.500000,2.500000
1250926799,0.500000,1.500000,2.500000
1253889799,0.500000,1.500000,2.500000
1255036499,0.500000,1.500000,2.500000
1256984100,0.500000,1.500000,2.500000
1258113399,0.500000,1.500000,2.500000
1264666700,0.500000,1.500000,2.500000
1267522399,0.500000,1.500000,2.500000
1269164600,0.500000,1.500000,2.500000
1275182400,0.500000,1.500000,2.500000
1276373699,0.500000,1.500000,2.500000
1280047200,0.500000,1.500000,2.500000
1281983300,0.500000,1.500000,2.500000
1288343400,0.500000,1.500000,2.500000
1290407599,0.500000,1.500000,2.500000
1293680599,0.500000,1.500000,2.500000
1299864900,0.500000,1.500000,2.500000
1308285600,0.500000,1.500000,2.500000
1310811700,0.500000,1.500000,2.500000
1312163800,0.500000,1.500000,2.500000
1318950699,0.500000,1.500000,2.500000
1322208800,0.500000,1.500000,2.500000
1330341699,0.500000,1.500000,2.500000
1331662700,0.500000,1.500000,2.500000
1335110100,0.500000,1.500000,2.500000
1340702100,0.500000,1.500000,2.500000
1341869000,0.500000,1.500000,2.500000
1343438500,0.500000,1.500000,2.500000
1346252600,0.500000,1.500000,2.500000
1351778700,0.500000,1.500000,2.500000
1358186099,0.500000,1.500000,2.500000
1359640499,0.500000,1.500000,2.500000
1366925200,0.500000,1.500000,2.500000
1368242700,0.500000,1.500000,2.500000
1376335599,0.500000,1.500000,2.500000
1378354000,0.500000,1.500000,2.500000
1382880800,0.500000,1.500000,2.500000
1384313000,0.500000,1.500000,2.500000
1386437399,0.500000,1.500000,2.500000
1388175300,0.500000,1.500000,2.500000
1390258699,0.500000,1.500000,2.500000
1396194400,0.500000,1.500000,2.500000
1402718099,0.500000,1.500000,2.500000
1405718800,0.500000,1.500000,2.500000
1407063300,0.500000,1.500000,2.500000
1409989799,0.500000,1.500000,2.500000
1411113599,0.500000,1.500000,2.500000
1413564800,0.500000,1.500000,2.500000
1421310700,0.500000,1.500000,2.500000
1430042899,0.500000,1.500000,2.500000
1431499099,0.500000,1.500000,2.500000
1433518700,0.500000,1.500000,2.500000
1440469200,0.500000,1.500000,2.500000
1441719800,0.500000,1.500000,2.500000
1450744300,0.500000,1.500000,2.500000
1455687100,0.500000,1.500000,2.500000
1456882200,0.500000,1.500000,2.500000
1459643499,0.500000,1.500000,2.500000
1460741299,0.500000,1.500000,2.500000
1465926500,0.500000,1.500000,2.500000
1467362600,0.500000,1.500000,2.500000
1469386600,0.500000,1.500000,2.500000
1471041600,0.500000,1.500000,2.500000
1473158900,0.500000,1.500000,2.500000
1477566399,0.500000,1.500000,2.500000
1484490700,0.500000,1.500000,2.500000
1485795599,0.500000,1.500000,2.500000
1488194099,0.500000,1.500000,2.500000
1499421499,0.500000,1.500000,2.500000
1501666099,0.500000,1.500000,2.500000
1507878000,0.500000,1.500000,2.500000
1510366900,0.500000,1.500000,2.500000
1511698700,0.500000,1.500000,2.500000
1516701499,0.500000,1.500000,2.500000
1518216900,0.500000,1.500000,2.500000
1520110500,0.500000,1.500000,2.500000
1521308299,0.500000,1.500000,2.500000
1523604900,0.500000,1.500000,2.500000
1524958200,0.500000,1.500000,2.500000
1528816600,0.500000,1.500000,2.500000
1534902999,0.500000,1.500000,2.500000
1539599499,0.500000,1.500000,2.500000
1540823499,0.500000,1.500000,2.500000
1550895699,0.500000,1.500000,2.500000
1552234599,0.500000,1.500000,2.500000
1553989200,0.500000,1.500000,2.500000
1559846000,0.500000,1.500000,2.500000
1561132499,0.500000,1.500000,2.500000
1563193499,0.500000,1.500000,2.500000
1564666799,0.500000,1.500000,2.500000
1568914800,0.500000,1.500000,2.500000
1570453000,0.500000,1.500000,2.500000
1573825400,0.500000,1.500000,2.500000
1579293100,0.500000,1.500000,2.500000
1586696700,0.500000,1.500000,2.500000
1590609099,0.500000,1.500000,2.500000
1592185900,0.500000,1.500000,2.500000
1601772800,0.500000,1.500000,2.500000
1603465699,0.500000,1.500000,2.500000
1608833400,0.500000,1.500000,2.500000
1610184999,0.500000,1.500000,2.500000
1611712300,0.500000,1.500000,2.500000
1613553499,0.500000,1.500000,2.500000
1617214500,0.500000,1.500000,2.500000
1618552599,0.500000,1.500000,2.500000
1620184400,0.500000,1.500000,2.500000
1622176800,0.500000,1.500000,2.500000
1628681800,0.500000,1.500000,2.500000
1637906000,0.500000,1.500000,2.500000
1639167000,0.500000,1.500000,2.500000
1640868700,0.500000,1.500000,2.500000
1649217600,0.500000,1.500000,2.500000
1651192199,0.500000,1.500000,2.500000
1655768199,0.500000,1.500000,2.500000
1657280699,0.500000,1.500000,2.500000
1659910200,0.500000,1.500000,2.500000
1661355900,0.500000,1.500000,2.500000
1665392499,0.500000,1.500000,2.500000
1667367599,0.500000,1.500000,2.500000
1670602400,0.500000,1.500000,2.500000
1672411999,0.500000,1.500000,2.500000
1675614799,0.500000,1.500000,2.500000
1677116899,0.500000,1.500000,2.500000
1679124499,0.500000,1.500000,2.500000
1685949500,0.500000,1.500000,2.500000
1691099499,0.500000,1.500000,2.500000
1693721100,0.500000,1.500000,2.500000
1696137999,0.500000,1.500000,2.500000
1698226100,0.500000,1.500000,2.500000
1700981000,0.500000,1.500000,2.500000
1702469199,0.500000,1.500000,2.500000
1707196000,0.500000,1.500000,2.500000
1715682900,0.500000,1.500000,2.500000
1717199699,0.500000,1.500000,2.500000
1718755300,0.500000,1.500000,2.500000
1726223600,0.500000,1.500000,2.500000
1727356900,0.500000,1.500000,2.500000
1738227499,0.500000,1.500000,2.500000
1740004500,0.500000,1.500000,2.500000
1746071100,0.500000,1.500000,2.500000
1748183299,0.500000,1.500000,2.500000
1751185799,0.500000,1.500000,2.500000
1753621000,0.500000,1.500000,2.500000
1754749200,0.500000,1.500000,2.500000
1759571000,0.500000,1.500000,2.500000
1760704699,0.500000,1.500000,2.500000
1762256299,0.500000,1.500000,2.500000
1764988900,0.500000,1.500000,2.500000
1770297499,0.500000,1.500000,2.500000
1779014400,0.500000,1.500000,2.500000
1780302799,0.500000,1.500000,2.500000
1787646099,0.500000,1.500000,2.500000
1794392700,0.500000,1.500000,2.500000
1800370900,0.500000,1.500000,2.500000
1803493799,0.500000,1.500000,2.500000
1805685500,0.500000,1.500000,2.500000
1807910600,0.500000,1.500000,2.500000
1811727100,0.500000,1.500000,2.500000
1813200700,0.500000,1.500000,2.500000
1815312699,0.500000,1.500000,2.500000
1817434099,0.500000,1.500000,2.500000
1819641800,0.500000,1.500000,2.500000
1824890099,0.500000,1.500000,2.500000
1832370099,0.500000,1.500000,2.500000
1840461500,0.500000,1.500000,2.500000
1841750400,0.500000,1.500000,2.500000
1846364299,0.500000,1.500000,2.500000
1847918300,0.500000,1.500000,2.500000
1849487899,0.500000,1.500000,2.500000
1853185200,0.500000,1.500000,2.500000
1856207700,0.500000,1.500000,2.500000
1857923499,0.500000,1.500000,2.500000
1861077699,0.500000,1.500000,2.500000
1869745099,0.500000,1.500000,2.500000
1872651700,0.500000,1.500000,2.500000
1874257800,0.500000,1.500000,2.500000
1876510699,0.500000,1.500000,2.500000
1881748200,0.500000,1.500000,2.500000
1889290999,0.500000,1.500000,2.500000
1891770000,0.500000,1.500000,2.500000
1892922899,0.500000,1.500000,2.500000
1898016400,0.500000,1.500000,2.500000
1900065000,0.500000,1.500000,2.500000
1902374800,0.500000,1.500000,2.500000
1907129500,0.500000,1.500000,2.500000
1908329199,0.500000,1.500000,2.500000
1910381399,0.500000,1.500000,2.500000
1912434600,0.500000,1.500000,2.500000
1915088300,0.500000,1.500000,2.500000
1916385500,0.500000,1.500000,2.500000
1918059000,0.500000,1.500000,2.500000
1924320999,0.500000,1.500000,2.500000
1926605499,0.500000,1.500000,2.500000
1928111100,0.500000,1.500000,2.500000
1936464099,0.500000,1.500000,2.500000
1943048300,0.500000,1.500000,2.500000
1945138800,0.500000,1.500000,2.500000
1946511800,0.500000,1.500000,2.500000
1949981999,0.500000,1.500000,2.500000
1952226399,0.500000,1.500000,2.500000
1954025799,0.500000,1.500000,2.500000
1955235599,0.500000,1.500000,2.500000
1957624499,0.500000,1.500000,2.500000
1959848600,0.500000,1.500000,2.500000
1970641899,0.500000,1.500000,2.500000
1973559700,0.500000,1.500000,2.500000
1976219299,0.500000,1.500000,2.500000
1978624499,0.500000,1.500000,2.500000
1981308700,0.500000,1.500000,2.500000
1988318099,0.500000,1.500000,2.500000
1990260300,0.500000,1.500000,2.500000
1996174500,0.500000,1.500000,2.500000
2004776499,0.500000,1.500000,2.500000
2005957300,0.500000,1.500000,2.500000
2010138600,0.500000,1.500000,2.500000
2012221600,0.500000,1.500000,2.500000
2013768900,0.500000,1.500000,2.500000
2015382899,0.500000,1.500000,2.500000
2017078199,0.500000,1.500000,2.500000
2019412000,0.500000,1.500000,2.500000
2022885500,0.500000,1.500000,2.500000
2024876299,0.500000,1.500000,2.500000
2027010099,0.500000,1.500000,2.500000
2028194799,0.500000,1.500000,2.500000
2032268299,0.500000,1.500000,2.500000
2038305599,0.500000,1.500000,2.500000
2039825899,0.500000,1.500000,2.500000
2047699299,0.500000,1.500000,2.500000
2048893999,0.500000,1.500000,2.500000
2053635099,0.500000,1.500000,2.500000
2055231199,0.500000,1.500000,2.500000
2059053400,0.500000,1.500000,2.500000
2060241099,0.500000,1.500000,2.500000
2062285599,0.500000,1.500000,2.500000
2064418900,0.500000,1.500000,2.500000
2066376599,0.500000,1.500000,2.500000
2071116099,0.500000,1.500000,2.500000
2072439800,0.500000,1.500000,2.500000
2074009800,0.500000,1.500000,2.500000
2077038499,0.500000,1.500000,2.500000
2078904100,0.500000,1.500000,2.500000
2085478599,0.500000,1.500000,2.500000
2086663000,0.500000,1.500000,2.500000
2094880399,0.500000,1.500000,2.500000
2096077700,0.500000,1.500000,2.500000
2100127500,0.500000,1.500000,2.500000
2101372700,0.500000,1.500000,2.500000
2106412300,0.500000,1.500000,2.500000
2107525100,0.500000,1.500000,2.500000
2109131500,0.500000,1.500000,2.500000
2110718000,0.500000,1.500000,2.500000
2111811299,0.500000,1.500000,2.500000
2113371699,0.500000,1.500000,2.500000
2114922599,0.500000,1.500000,2.500000
2116514699,0.500000,1.500000,2.500000
2118702300,0.500000,1.500000,2.500000
2119785299,0.500000,1.500000,2.500000
2121919500,0.500000,1.500000,2.500000
2124779400,0.500000,1.500000,2.500000
2125925599,0.500000,1.500000,2.500000
2130127700,0.500000,1.500000,2.500000
2131218299,0.500000,1.500000,2.500000
2136528900,0.500000,1.500000,2.500000
2137609899,0.500000,1.500000,2.500000
2141635200,0.500000,1.500000,2.500000
2142709500,0.500000,1.500000,2.500000
2144796200,0.500000,1.500000,2.500000
2146272400,0.500000,1.500000,2.500000
2147827400,0.500000,1.500000,2.500000
2149399900,0.500000,1.500000,2.500000
2150965000,0.500000,1.500000,2.500000
2152532400,0.500000,1.500000,2.500000
2154115899,0.500000,1.500000,2.500000
2155693100,0.500000,1.500000,2.500000
2157260400,0.500000,1.500000,2.500000
2158871899,0.500000,1.500000,2.500000
2160834000,0.500000,1.500000,2.500000
2162517500,0.500000,1.500000,2.500000
2163856699,0.500000,1.500000,2.500000
2166981100,0.500000,1.500000,2.500000
2169183500,0.500000,1.500000,2.500000
2170305500,0.500000,1.500000,2.500000
2171950099,0.500000,1.500000,2.500000
2174472600,0.500000,1.500000,2.500000
2177247300,0.500000,1.500000,2.500000
2183751999,0.500000,1.500000,2.500000
2184930199,0.500000,1.500000,2.500000
2192265500,0.500000,1.500000,2.500000
2194218999,0.500000,1.500000,2.500000
2198005300,0.500000,1.500000,2.500000
2199127200,0.500000,1.500000,2.500000
2200712099,0.500000,1.500000,2.500000
2202897100,0.500000,1.500000,2.500000
2204371100,0.500000,1.500000,2.500000
2206002799,0.500000,1.500000,2.500000
2208225700,0.500000,1.500000,2.500000
2209579399,0.500000,1.500000,2.500000
2214265800,0.500000,1.500000,2.500000
2215376799,0.500000,1.500000,2.500000
2217933300,0.500000,1.500000,2.500000
2220440299,0.500000,1.500000,2.500000
2222156800,0.500000,1.500000,2.500000
2227298099,0.500000,1.500000,2.500000
2228713900,0.500000,1.500000,2.500000
2236774099,0.500000,1.500000,2.500000
2238549000,0.500000,1.500000,2.500000
2243077699,0.500000,1.500000,2.500000
2244168299,0.500000,1.500000,2.500000
2247048800,0.500000,1.500000,2.500000
2248709400,0.500000,1.500000,2.500000
2250282400,0.500000,1.500000,2.500000
2251860000,0.500000,1.500000,2.500000
2253723300,0.500000,1.500000,2.500000
2255279400,0.500000,1.500000,2.500000
2256346599,0.500000,1.500000,2.500000
2260228099,0.500000,1.500000,2.500000
2261800400,0.500000,1.500000,2.500000
2263441800,0.500000,1.500000,2.500000
2264974600,0.500000,1.500000,2.500000
2267658900,0.500000,1.500000,2.500000
2274151300,0.500000,1.500000,2.500000
2275302299,0.500000,1.500000,2.500000
2282395800,0.500000,1.500000,2.500000
2286370599,0.500000,1.500000,2.500000
2287447599,0.500000,1.500000,2.500000
2289014800,0.500000,1.500000,2.500000
2291281099,0.500000,1.500000,2.500000
2292356700,0.500000,1.500000,2.500000
2293875199,0.500000,1.500000,2.500000
2295422900,0.500000,1.500000,2.500000
2296985300,0.500000,1.500000,2.500000
2298542700,0.500000,1.500000,2.500000
2300182999,0.500000,1.500000,2.500000
2301389899,0.500000,1.500000,2.500000
2306289000,0.500000,1.500000,2.500000
2308034200,0.500000,1.500000,2.500000
2310388700,0.500000,1.500000,2.500000
2312094200,0.500000,1.500000,2.500000
2313831799,0.500000,1.500000,2.500000
2318359700,0.500000,1.500000,2.500000
2319467100,0.500000,1.500000,2.500000
2326671399,0.500000,1.500000,2.500000
2327990099,0.500000,1.500000,2.500000
2333075200,0.500000,1.500000,2.500000
2334672299,0.500000,1.500000,2.500000
2337660099,0.500000,1.500000,2.500000
2338738899,0.500000,1.500000,2.500000
2340308099,0.500000,1.500000,2.500000
2341871199,0.500000,1.500000,2.500000
2343436499,0.500000,1.500000,2.500000
2344996200,0.500000,1.500000,2.500000
2346622500,0.500000,1.500000,2.500000
2349154700,0.500000,1.500000,2.500000
2353593899,0.500000,1.500000,2.500000
2354775899,0.500000,1.500000,2.500000
2356747899,0.500000,1.500000,2.500000
2358197699,0.500000,1.500000,2.500000
2359533399,0.500000,1.500000,2.500000
2362662899,0.500000,1.500000,2.500000
2368798199,0.500000,1.500000,2.500000
2369907100,0.500000,1.500000,2.500000
2379169400,0.500000,1.500000,2.500000
2383625700,0.500000,1.500000,2.500000
2388231500,0.500000,1.500000,2.500000
2389436099,0.500000,1.500000,2.500000
2390612800,0.500000,1.500000,2.500000
2392250199,0.500000,1.500000,2.500000
2394139299,0.500000,1.500000,2.500000
2395685499,0.500000,1.500000,2.500000
2398106200,0.500000,1.500000,2.500000
2399440799,0.500000,1.500000,2.500000
2401213199,0.500000,1.500000,2.500000
2403586799,0.500000,1.500000,2.500000
2405047699,0.500000,1.500000,2.500000
2410940599,0.500000,1.500000,2.500000
2412006799,0.500000,1.500000,2.500000
2417844100,0.500000,1.500000,2.500000
2422869499,0.500000,1.500000,2.500000
2424398399,0.500000,1.500000,2.500000
2426850900,0.500000,1.500000,2.500000
2427932899,0.500000,1.500000,2.500000
2429490200,0.500000,1.500000,2.500000
2431053200,0.500000,1.500000,2.500000
2432601499,0.500000,1.500000,2.500000
2434546700,0.500000,1.500000,2.500000
2436106400,0.500000,1.500000,2.500000
2437177200,0.500000,1.500000,2.500000
2438791300,0.500000,1.500000,2.500000
2440342300,0.500000,1.500000,2.500000
2441877400,0.500000,1.500000,2.500000
2443424400,0.500000,1.500000,2.500000
2444988299,0.500000,1.500000,2.500000
2446528799,0.500000,1.500000,2.500000
2448083399,0.500000,1.500000,2.500000
2449987400,0.500000,1.500000,2.500000
2451053600,0.500000,1.500000,2.500000
2455538100,0.500000,1.500000,2.500000
2457109599,0.500000,1.500000,2.500000
2458683600,0.500000,1.500000,2.500000
2460847299,0.500000,1.500000,2.500000
2462688300,0.500000,1.500000,2.500000
2465045900,0.500000,1.500000,2.500000
2470311700,0.500000,1.500000,2.500000
2471372100,0.500000,1.500000,2.500000
2477968500,0.500000,1.500000,2.500000
2481282100,0.500000,1.500000,2.500000
2482353200,0.500000,1.500000,2.500000
2484372200,0.500000,1.500000,2.500000
2485623300,0.500000,1.500000,2.500000
2487170100,0.500000,1.500000,2.500000
2488729900,0.500000,1.500000,2.500000
2490088500,0.500000,1.500000,2.500000
2491699099,0.500000,1.500000,2.500000
2494063199,0.500000,1.500000,2.500000
2495134600,0.500000,1.500000,2.500000
2497015400,0.500000,1.500000,2.500000
2498091399,0.500000,1.500000,2.500000
2499645600,0.500000,1.500000,2.500000
2506002699,0.500000,1.500000,2.500000
2507062399,0.500000,1.500000,2.500000
2512367700,0.500000,1.500000,2.500000
2516435999,0.500000,1.500000,2.500000
2520006300,0.500000,1.500000,2.500000
2521129599,0.500000,1.500000,2.500000
2522704900,0.500000,1.500000,2.500000
2524221599,0.500000,1.500000,2.500000
2525816800,0.500000,1.500000,2.500000
2527373800,0.500000,1.500000,2.500000
2528909300,0.500000,1.500000,2.500000
2530454100,0.500000,1.500000,2.500000
2532142700,0.500000,1.500000,2.500000
2533761500,0.500000,1.500000,2.500000
2535508799,0.500000,1.500000,2.500000
2537068700,0.500000,1.500000,2.500000
2540954600,0.500000,1.500000,2.500000
2542011899,0.500000,1.500000,2.500000
2543689400,0.500000,1.500000,2.500000
2545386199,0.500000,1.500000,2.500000
2547393699,0.500000,1.500000,2.500000
2552362599,0.500000,1.500000,2.500000
2553508500,0.500000,1.500000,2.500000
2555630299,0.500000,1.500000,2.500000
2562479799,0.500000,1.500000,2.500000
2563768799,0.500000,1.500000,2.500000
2568007200,0.500000,1.500000,2.500000
2569305400,0.500000,1.500000,2.500000
2570904599,0.500000,1.500000,2.500000
2574138700,0.500000,1.500000,2.500000
2575730800,0.500000,1.500000,2.500000
2577322999,0.500000,1.500000,2.500000
2579018800,0.500000,1.500000,2.500000
2580650600,0.500000,1.500000,2.500000
2582345399,0.500000,1.500000,2.500000
2585397800,0.500000,1.500000,2.500000
2586822099,0.500000,1.500000,2.500000
2588349700,0.500000,1.500000,2.500000
2589977100,0.500000,1.500000,2.500000
2591784399,0.500000,1.500000,2.500000
2595560699,0.500000,1.500000,2.500000
2598612399,0.500000,1.500000,2.500000
2604220900,0.500000,1.500000,2.500000
2605776700,0.500000,1.500000,2.500000
2607283700,0.500000,1.500000,2.500000
2613514199,0.500000,1.500000,2.500000
2617272700,0.500000,1.500000,2.500000
2618412000,0.500000,1.500000,2.500000
2620098999,0.500000,1.500000,2.500000
2621707199,0.500000,1.500000,2.500000
2623380400,0.500000,1.500000,2.500000
2625593199,0.500000,1.500000,2.500000
2626994600,0.500000,1.500000,2.500000
2628603800,0.500000,1.500000,2.500000
2630190800,0.500000,1.500000,2.500000
2633693700,0.500000,1.500000,2.500000
2634803799,0.500000,1.500000,2.500000
2636600999,0.500000,1.500000,2.500000
2637994099,0.500000,1.500000,2.500000
2639905099,0.500000,1.500000,2.500000
2641194199,0.500000,1.500000,2.500000
2644419500,0.500000,1.500000,2.500000
2649059299,0.500000,1.500000,2.500000
2650141899,0.500000,1.500000,2.500000
2651765700,0.500000,1.500000,2.500000
2660162400,0.500000,1.500000,2.500000
2661498800,0.500000,1.500000,2.500000
2665011500,0.500000,1.500000,2.500000
2668343800,0.500000,1.500000,2.500000
2669802999,0.500000,1.500000,2.500000
2671472599,0.500000,1.500000,2.500000
2673071800,0.500000,1.500000,2.500000
2675022299,0.500000,1.500000,2.500000
2676598199,0.500000,1.500000,2.500000
2678647000,0.500000,1.500000,2.500000
2680825800,0.500000,1.500000,2.500000
2683961399,0.500000,1.500000,2.500000
2685541500,0.500000,1.500000,2.500000
2687296900,0.500000,1.500000,2.500000
2688926900,0.500000,1.500000,2.500000
2690528099,0.500000,1.500000,2.500000
2692455399,0.500000,1.500000,2.500000
2695214400,0.500000,1.500000,2.500000
2701587600,0.500000,1.500000,2.500000
2703217200,0.500000,1.500000,2.500000
2707834000,0.500000,1.500000,2.500000
2714533500,0.500000,1.500000,2.500000
2717531399,0.500000,1.500000,2.500000
2718690499,0.500000,1.500000,2.500000
2720781399,0.500000,1.500000,2.500000
2721878099,0.500000,1.500000,2.500000
2723442299,0.500000,1.500000,2.500000
2725105400,0.500000,1.500000,2.500000
2727866300,0.500000,1.500000,2.500000
2729800599,0.500000,1.500000,2.500000
2731568700,0.500000,1.500000,2.500000
2733536799,0.500000,1.500000,2.500000
2736112700,0.500000,1.500000,2.500000
2745365700,0.500000,1.500000,2.500000
