t_ns,ch1_V,ch2_V,ch3_V
0,0.500000,1.500000,2.500000
1088199,0.500000,1.500000,2.500000
2683300,0.500000,1.500000,2.500000
4272700,0.500000,1.500000,2.500000
9754400,0.500000,1.500000,2.500000
12156999,0.500000,1.500000,2.500000
13271000,0.500000,1.500000,2.500000
14877399,0.500000,1.500000,2.500000
16830400,0.500000,1.500000,2.500000
18435300,0.500000,1.500000,2.500000
21814100,0.500000,1.500000,2.500000
26858400,0.500000,1.500000,2.500000
29912099,0.500000,1.500000,2.500000
35515800,0.500000,1.500000,2.500000
37153199,0.500000,1.500000,2.500000
38754499,0.500000,1.500000,2.500000
41845600,0.500000,1.500000,2.500000
43545500,0.500000,1.500000,2.500000
45994000,0.500000,1.500000,2.500000
47598199,0.500000,1.500000,2.500000
54608999,0.500000,1.500000,2.500000
56116300,0.500000,1.500000,2.500000
59284599,0.500000,1.500000,2.500000
67416300,0.500000,1.500000,2.500000
71132400,0.500000,1.500000,2.500000
72797699,0.500000,1.500000,2.500000
76515900,0.500000,1.500000,2.500000
78999600,0.500000,1.500000,2.500000
81839300,0.500000,1.500000,2.500000
83398299,0.500000,1.500000,2.500000
84861399,0.500000,1.500000,2.500000
91069200,0.500000,1.500000,2.500000
93275600,0.500000,1.500000,2.500000
95022399,0.500000,1.500000,2.500000
98387600,0.500000,1.500000,2.500000
100912800,0.500000,1.500000,2.500000
103848099,0.500000,1.500000,2.500000
105402400,0.500000,1.500000,2.500000
106497699,0.500000,1.500000,2.500000
108134100,0.500000,1.500000,2.500000
109738699,0.500000,1.500000,2.500000
111346400,0.500000,1.500000,2.500000
112926200,0.500000,1.500000,2.500000
114503400,0.500000,1.500000,2.500000
116097400,0.500000,1.500000,2.500000
118560599,0.500000,1.500000,2.500000
120629099,0.500000,1.500000,2.500000
121966099,0.500000,1.500000,2.500000
123470999,0.500000,1.500000,2.500000
126708299,0.500000,1.500000,2.500000
129911000,0.500000,1.500000,2.500000
131009400,0.500000,1.500000,2.500000
133948000,0.500000,1.500000,2.500000
136458100,0.500000,1.500000,2.500000
137850699,0.500000,1.500000,2.500000
138964099,0.500000,1.500000,2.500000
140589599,0.500000,1.500000,2.500000
142191300,0.500000,1.500000,2.500000
143807899,0.500000,1.500000,2.500000
145422300,0.500000,1.500000,2.500000
147022900,0.500000,1.500000,2.500000
148702999,0.500000,1.500000,2.500000
150305900,0.500000,1.500000,2.500000
151901999,0.500000,1.500000,2.500000
153498100,0.500000,1.500000,2.500000
155106899,0.500000,1.500000,2.500000
156624299,0.500000,1.500000,2.500000
158242700,0.500000,1.500000,2.500000
159812099,0.500000,1.500000,2.500000
161367000,0.500000,1.500000,2.500000
162903099,0.500000,1.500000,2.500000
164585300,0.500000,1.500000,2.500000
166532399,0.500000,1.500000,2.500000
167964200,0.500000,1.500000,2.500000
169613400,0.500000,1.500000,2.500000
171066700,0.500000,1.500000,2.500000
172765499,0.500000,1.500000,2.500000
176042600,0.500000,1.500000,2.500000
179761600,0.500000,1.500000,2.500000
183277000,0.500000,1.500000,2.500000
185429600,0.500000,1.500000,2.500000
186666499,0.500000,1.500000,2.500000
188237100,0.500000,1.500000,2.500000
190305900,0.500000,1.500000,2.500000
191413599,0.500000,1.500000,2.500000
193014299,0.500000,1.500000,2.500000
194622100,0.500000,1.500000,2.500000
196299399,0.500000,1.500000,2.500000
197921899,0.500000,1.500000,2.500000
199724899,0.500000,1.500000,2.500000
201941400,0.500000,1.500000,2.500000
204170299,0.500000,1.500000,2.500000
205584700,0.500000,1.500000,2.500000
207293500,0.500000,1.500000,2.500000
209142400,0.500000,1.500000,2.500000
211959799,0.500000,1.500000,2.500000
213430900,0.500000,1.500000,2.500000
216041699,0.500000,1.500000,2.500000
217749700,0.500000,1.500000,2.500000
229747899,0.500000,1.500000,2.500000
233070300,0.500000,1.500000,2.500000
235612399,0.500000,1.500000,2.500000
237311199,0.500000,1.500000,2.500000
238573900,0.500000,1.500000,2.500000
240367500,0.500000,1.500000,2.500000
242009599,0.500000,1.500000,2.500000
243715099,0.500000,1.500000,2.500000
245379400,0.500000,1.500000,2.500000
246910399,0.500000,1.500000,2.500000
248488199,0.500000,1.500000,2.500000
250021500,0.500000,1.500000,2.500000
251550699,0.500000,1.500000,2.500000
253084600,0.500000,1.500000,2.500000
254621000,0.500000,1.500000,2.500000
256187400,0.500000,1.500000,2.500000
257788599,0.500000,1.500000,2.500000
259537500,0.500000,1.500000,2.500000
262752000,0.500000,1.500000,2.500000
265957000,0.500000,1.500000,2.500000
270219800,0.500000,1.500000,2.500000
277644499,0.500000,1.500000,2.500000
282386099,0.500000,1.500000,2.500000
285137400,0.500000,1.500000,2.500000
287131900,0.500000,1.500000,2.500000
288628300,0.500000,1.500000,2.500000
290361899,0.500000,1.500000,2.500000
293069600,0.500000,1.500000,2.500000
296051199,0.500000,1.500000,2.500000
297648600,0.500000,1.500000,2.500000
299356800,0.500000,1.500000,2.500000
300930999,0.500000,1.500000,2.500000
302496800,0.500000,1.500000,2.500000
304058900,0.500000,1.500000,2.500000
306467200,0.500000,1.500000,2.500000
309529899,0.500000,1.500000,2.500000
311741199,0.500000,1.500000,2.500000
314656200,0.500000,1.500000,2.500000
318043400,0.500000,1.500000,2.500000
321631300,0.500000,1.500000,2.500000
322876999,0.500000,1.500000,2.500000
326790300,0.500000,1.500000,2.500000
329017600,0.500000,1.500000,2.500000
330579399,0.500000,1.500000,2.500000
332170399,0.500000,1.500000,2.500000
333732899,0.500000,1.500000,2.500000
335346599,0.500000,1.500000,2.500000
337149099,0.500000,1.500000,2.500000
338757400,0.500000,1.500000,2.500000
340345199,0.500000,1.500000,2.500000
341922899,0.500000,1.500000,2.500000
343468400,0.500000,1.500000,2.500000
345069100,0.500000,1.500000,2.500000
346986099,0.500000,1.500000,2.500000
348554299,0.500000,1.500000,2.500000
350104800,0.500000,1.500000,2.500000
351657999,0.500000,1.500000,2.500000
353321100,0.500000,1.500000,2.500000
356886399,0.500000,1.500000,2.500000
360106699,0.500000,1.500000,2.500000
361161000,0.500000,1.500000,2.500000
363346799,0.500000,1.500000,2.500000
371573099,0.500000,1.500000,2.500000
376957000,0.500000,1.500000,2.500000
380130999,0.500000,1.500000,2.500000
381276000,0.500000,1.500000,2.500000
382952799,0.500000,1.500000,2.500000
384684199,0.500000,1.500000,2.500000
386228100,0.500000,1.500000,2.500000
387798900,0.500000,1.500000,2.500000
389394999,0.500000,1.500000,2.500000
390985899,0.500000,1.500000,2.500000
392547800,0.500000,1.500000,2.500000
394095800,0.500000,1.500000,2.500000
395698699,0.500000,1.500000,2.500000
397257900,0.500000,1.500000,2.500000
398858000,0.500000,1.500000,2.500000
400540299,0.500000,1.500000,2.500000
402626499,0.500000,1.500000,2.500000
404187200,0.500000,1.500000,2.500000
406695600,0.500000,1.500000,2.500000
408808300,0.500000,1.500000,2.500000
410893300,0.500000,1.500000,2.500000
418477699,0.500000,1.500000,2.500000
421613600,0.500000,1.500000,2.500000
424087300,0.500000,1.500000,2.500000
425766500,0.500000,1.500000,2.500000
427378200,0.500000,1.500000,2.500000
428966600,0.500000,1.500000,2.500000
430525700,0.500000,1.500000,2.500000
432221200,0.500000,1.500000,2.500000
433824600,0.500000,1.500000,2.500000
435402700,0.500000,1.500000,2.500000
436987000,0.500000,1.500000,2.500000
438730499,0.500000,1.500000,2.500000
440300100,0.500000,1.500000,2.500000
442048400,0.500000,1.500000,2.500000
443620999,0.500000,1.500000,2.500000
445107999,0.500000,1.500000,2.500000
446805699,0.500000,1.500000,2.500000
448440400,0.500000,1.500000,2.500000
451325100,0.500000,1.500000,2.500000
453388499,0.500000,1.500000,2.500000
454777999,0.500000,1.500000,2.500000
456732999,0.500000,1.500000,2.500000
464388599,0.500000,1.500000,2.500000
468872099,0.500000,1.500000,2.500000
471609200,0.500000,1.500000,2.500000
473791800,0.500000,1.500000,2.500000
474993299,0.500000,1.500000,2.500000
477259300,0.500000,1.500000,2.500000
478829899,0.500000,1.500000,2.500000
480568799,0.500000,1.500000,2.500000
482159500,0.500000,1.500000,2.500000
483729999,0.500000,1.500000,2.500000
485307700,0.500000,1.500000,2.500000
486896399,0.500000,1.500000,2.500000
488448700,0.500000,1.500000,2.500000
489997199,0.500000,1.500000,2.500000
491534200,0.500000,1.500000,2.500000
493065499,0.500000,1.500000,2.500000
494628500,0.500000,1.500000,2.500000
496285100,0.500000,1.500000,2.500000
497885800,0.500000,1.500000,2.500000
499640399,0.500000,1.500000,2.500000
501786100,0.500000,1.500000,2.500000
503239600,0.500000,1.500000,2.500000
504928700,0.500000,1.500000,2.500000
510185799,0.500000,1.500000,2.500000
514856399,0.500000,1.500000,2.500000
519296300,0.500000,1.500000,2.500000
521193100,0.500000,1.500000,2.500000
523245500,0.500000,1.500000,2.500000
524311699,0.500000,1.500000,2.500000
525907800,0.500000,1.500000,2.500000
527678500,0.500000,1.500000,2.500000
529314200,0.500000,1.500000,2.500000
530928699,0.500000,1.500000,2.500000
532496799,0.500000,1.500000,2.500000
534066400,0.500000,1.500000,2.500000
535645299,0.500000,1.500000,2.500000
537231200,0.500000,1.500000,2.500000
538802100,0.500000,1.500000,2.500000
540407400,0.500000,1.500000,2.500000
541973600,0.500000,1.500000,2.500000
543570000,0.500000,1.500000,2.500000
545218999,0.500000,1.500000,2.500000
546936799,0.500000,1.500000,2.500000
549005400,0.500000,1.500000,2.500000
551963400,0.500000,1.500000,2.500000
555171200,0.500000,1.500000,2.500000
561031800,0.500000,1.500000,2.500000
566394499,0.500000,1.500000,2.500000
569088099,0.500000,1.500000,2.500000
570794100,0.500000,1.500000,2.500000
571850899,0.500000,1.500000,2.500000
573431299,0.500000,1.500000,2.500000
575171500,0.500000,1.500000,2.500000
576566900,0.500000,1.500000,2.500000
578146400,0.500000,1.500000,2.500000
579679900,0.500000,1.500000,2.500000
581209299,0.500000,1.500000,2.500000
582739199,0.500000,1.500000,2.500000
584268200,0.500000,1.500000,2.500000
585835099,0.500000,1.500000,2.500000
587387899,0.500000,1.500000,2.500000
588961100,0.500000,1.500000,2.500000
590641399,0.500000,1.500000,2.500000
593161299,0.500000,1.500000,2.500000
596966900,0.500000,1.500000,2.500000
599008800,0.500000,1.500000,2.500000
601249100,0.500000,1.500000,2.500000
607006999,0.500000,1.500000,2.500000
620268500,0.500000,1.500000,2.500000
624631600,0.500000,1.500000,2.500000
626091300,0.500000,1.500000,2.500000
627467700,0.500000,1.500000,2.500000
629070399,0.500000,1.500000,2.500000
630661499,0.500000,1.500000,2.500000
632240700,0.500000,1.500000,2.500000
633811899,0.500000,1.500000,2.500000
635397899,0.500000,1.500000,2.500000
637086599,0.500000,1.500000,2.500000
640388599,0.500000,1.500000,2.500000
643197099,0.500000,1.500000,2.500000
646543499,0.500000,1.500000,2.500000
650016699,0.500000,1.500000,2.500000
653493899,0.500000,1.500000,2.500000
660698200,0.500000,1.500000,2.500000
661922200,0.500000,1.500000,2.500000
664474800,0.500000,1.500000,2.500000
665985600,0.500000,1.500000,2.500000
667504400,0.500000,1.500000,2.500000
669916700,0.500000,1.500000,2.500000
671564199,0.500000,1.500000,2.500000
672843100,0.500000,1.500000,2.500000
674528800,0.500000,1.500000,2.500000
676150699,0.500000,1.500000,2.500000
677784600,0.500000,1.500000,2.500000
679371999,0.500000,1.500000,2.500000
681121399,0.500000,1.500000,2.500000
684070800,0.500000,1.500000,2.500000
687110400,0.500000,1.500000,2.500000
691575400,0.500000,1.500000,2.500000
696099000,0.500000,1.500000,2.500000
702564899,0.500000,1.500000,2.500000
703719700,0.500000,1.500000,2.500000
705271600,0.500000,1.500000,2.500000
712515200,0.500000,1.500000,2.500000
714382300,0.500000,1.500000,2.500000
716931399,0.500000,1.500000,2.500000
718050299,0.500000,1.500000,2.500000
720735000,0.500000,1.500000,2.500000
722497499,0.500000,1.500000,2.500000
724093299,0.500000,1.500000,2.500000
725734500,0.500000,1.500000,2.500000
728416199,0.500000,1.500000,2.500000
731080400,0.500000,1.500000,2.500000
734634000,0.500000,1.500000,2.500000
736424299,0.500000,1.500000,2.500000
746746600,0.500000,1.500000,2.500000
748046599,0.500000,1.500000,2.500000
749655699,0.500000,1.500000,2.500000
754559499,0.500000,1.500000,2.500000
760142200,0.500000,1.500000,2.500000
761744900,0.500000,1.500000,2.500000
763026100,0.500000,1.500000,2.500000
764487500,0.500000,1.500000,2.500000
766388000,0.500000,1.500000,2.500000
768017100,0.500000,1.500000,2.500000
769620400,0.500000,1.500000,2.500000
771237000,0.500000,1.500000,2.500000
772873000,0.500000,1.500000,2.500000
774487399,0.500000,1.500000,2.500000
776493099,0.500000,1.500000,2.500000
777582100,0.500000,1.500000,2.500000
779246500,0.500000,1.500000,2.500000
781970800,0.500000,1.500000,2.500000
790895799,0.500000,1.500000,2.500000
792003399,0.500000,1.500000,2.500000
793605899,0.500000,1.500000,2.500000
798782199,0.500000,1.500000,2.500000
800432099,0.500000,1.500000,2.500000
803288800,0.500000,1.500000,2.500000
804389800,0.500000,1.500000,2.500000
805925900,0.500000,1.500000,2.500000
807984699,0.500000,1.500000,2.500000
809075299,0.500000,1.500000,2.500000
810748500,0.500000,1.500000,2.500000
812351900,0.500000,1.500000,2.500000
813929500,0.500000,1.500000,2.500000
815538700,0.500000,1.500000,2.500000
817133000,0.500000,1.500000,2.500000
818704899,0.500000,1.500000,2.500000
820465800,0.500000,1.500000,2.500000
823353899,0.500000,1.500000,2.500000
824506299,0.500000,1.500000,2.500000
826865299,0.500000,1.500000,2.500000
828487999,0.500000,1.500000,2.500000
829716599,0.500000,1.500000,2.500000
831426099,0.500000,1.500000,2.500000
840710099,0.500000,1.500000,2.500000
842006999,0.500000,1.500000,2.500000
843646100,0.500000,1.500000,2.500000
848385199,0.500000,1.500000,2.500000
850068799,0.500000,1.500000,2.500000
852573500,0.500000,1.500000,2.500000
853868799,0.500000,1.500000,2.500000
855475800,0.500000,1.500000,2.500000
857236600,0.500000,1.500000,2.500000
858873999,0.500000,1.500000,2.500000
860470100,0.500000,1.500000,2.500000
862048399,0.500000,1.500000,2.500000
863630599,0.500000,1.500000,2.500000
866830699,0.500000,1.500000,2.500000
869354399,0.500000,1.500000,2.500000
870881900,0.500000,1.500000,2.500000
872640399,0.500000,1.500000,2.500000
882031699,0.500000,1.500000,2.500000
883291400,0.500000,1.500000,2.500000
884898800,0.500000,1.500000,2.500000
888436499,0.500000,1.500000,2.500000
892738399,0.500000,1.500000,2.500000
894805800,0.500000,1.500000,2.500000
897220799,0.500000,1.500000,2.500000
898352000,0.500000,1.500000,2.500000
899974300,0.500000,1.500000,2.500000
901562200,0.500000,1.500000,2.500000
903169600,0.500000,1.500000,2.500000
904926299,0.500000,1.500000,2.500000
906448900,0.500000,1.500000,2.500000
908068600,0.500000,1.500000,2.500000
909676100,0.500000,1.500000,2.500000
911290600,0.500000,1.500000,2.500000
914374100,0.500000,1.500000,2.500000
915984200,0.500000,1.500000,2.500000
917877100,0.500000,1.500000,2.500000
919620699,0.500000,1.500000,2.500000
921761999,0.500000,1.500000,2.500000
931706499,0.500000,1.500000,2.500000
932897600,0.500000,1.500000,2.500000
939654000,0.500000,1.500000,2.500000
941550299,0.500000,1.500000,2.500000
944853699,0.500000,1.500000,2.500000
946205599,0.500000,1.500000,2.500000
948669099,0.500000,1.500000,2.500000
949884599,0.500000,1.500000,2.500000
951582200,0.500000,1.500000,2.500000
952973500,0.500000,1.500000,2.500000
954505699,0.500000,1.500000,2.500000
956062700,0.500000,1.500000,2.500000
957748900,0.500000,1.500000,2.500000
960381600,0.500000,1.500000,2.500000
962165700,0.500000,1.500000,2.500000
965360399,0.500000,1.500000,2.500000
968800000,0.500000,1.500000,2.500000
969873100,0.500000,1.500000,2.500000
974250699,0.500000,1.500000,2.500000
978588600,0.500000,1.500000,2.500000
979682199,0.500000,1.500000,2.500000
985211200,0.500000,1.500000,2.500000
990325600,0.500000,1.500000,2.500000
991964100,0.500000,1.500000,2.500000
994573000,0.500000,1.500000,2.500000
996098100,0.500000,1.500000,2.500000
997825500,0.500000,1.500000,2.500000
999430500,0.500000,1.500000,2.500000
1001031400,0.500000,1.500000,2.500000
1002625100,0.500000,1.500000,2.500000
1004199599,0.500000,1.500000,2.500000
1006003299,0.500000,1.500000,2.500000
1007658700,0.500000,1.500000,2.500000
1010207600,0.500000,1.500000,2.500000
1012642499,0.500000,1.500000,2.500000
1013837799,0.500000,1.500000,2.500000
1016615599,0.500000,1.500000,2.500000
1021118099,0.500000,1.500000,2.500000
1026891699,0.500000,1.500000,2.500000
1028011599,0.500000,1.500000,2.500000
1029832000,0.500000,1.500000,2.500000
1034765000,0.500000,1.500000,2.500000
1037517800,0.500000,1.500000,2.500000
1038609000,0.500000,1.500000,2.500000
1040746899,0.500000,1.500000,2.500000
1041847500,0.500000,1.500000,2.500000
1043516199,0.500000,1.500000,2.500000
1045183200,0.500000,1.500000,2.500000
1047198200,0.500000,1.500000,2.500000
1048789899,0.500000,1.500000,2.500000
1050390800,0.500000,1.500000,2.500000
1051972599,0.500000,1.500000,2.500000
1053523800,0.500000,1.500000,2.500000
1055135800,0.500000,1.500000,2.500000
1057459100,0.500000,1.500000,2.500000
1058835000,0.500000,1.500000,2.500000
1059952199,0.500000,1.500000,2.500000
1061689499,0.500000,1.500000,2.500000
1063361400,0.500000,1.500000,2.500000
1065006900,0.500000,1.500000,2.500000
1069794600,0.500000,1.500000,2.500000
1074006200,0.500000,1.500000,2.500000
1075723200,0.500000,1.500000,2.500000
1077392699,0.500000,1.500000,2.500000
1082329999,0.500000,1.500000,2.500000
1085747500,0.500000,1.500000,2.500000
1087928400,0.500000,1.500000,2.500000
1089246299,0.500000,1.500000,2.500000
1090543500,0.500000,1.500000,2.500000
1092155500,0.500000,1.500000,2.500000
1093858100,0.500000,1.500000,2.500000
1095465099,0.500000,1.500000,2.500000
1097019000,0.500000,1.500000,2.500000
1098566300,0.500000,1.500000,2.500000
1100139300,0.500000,1.500000,2.500000
1101833599,0.500000,1.500000,2.500000
1103732800,0.500000,1.500000,2.500000
1106051299,0.500000,1.500000,2.500000
1109435400,0.500000,1.500000,2.500000
1110595799,0.500000,1.500000,2.500000
1115884400,0.500000,1.500000,2.500000
1119140499,0.500000,1.500000,2.500000
1120225600,0.500000,1.500000,2.500000
1126019100,0.500000,1.500000,2.500000
1128460599,0.500000,1.500000,2.500000
1130320099,0.500000,1.500000,2.500000
1131416000,0.500000,1.500000,2.500000
1132973600,0.500000,1.500000,2.500000
1134529800,0.500000,1.500000,2.500000
1136067999,0.500000,1.500000,2.500000
1137657100,0.500000,1.500000,2.500000
1139288500,0.500000,1.500000,2.500000
1140911100,0.500000,1.500000,2.500000
1142476000,0.500000,1.500000,2.500000
1144028200,0.500000,1.500000,2.500000
1145623600,0.500000,1.500000,2.500000
1147174400,0.500000,1.500000,2.500000
1148707699,0.500000,1.500000,2.500000
1150238200,0.500000,1.500000,2.500000
1151767900,0.500000,1.500000,2.500000
1153296800,0.500000,1.500000,2.500000
1154894500,0.500000,1.500000,2.500000
1156531400,0.500000,1.500000,2.500000
1158398100,0.500000,1.500000,2.500000
1159683800,0.500000,1.500000,2.500000
1162428299,0.500000,1.500000,2.500000
1164198700,0.500000,1.500000,2.500000
1167280399,0.500000,1.500000,2.500000
1169141799,0.500000,1.500000,2.500000
1171306000,0.500000,1.500000,2.500000
1173631800,0.500000,1.500000,2.500000
1177238000,0.500000,1.500000,2.500000
1182739500,0.500000,1.500000,2.500000
1185008500,0.500000,1.500000,2.500000
1186559000,0.500000,1.500000,2.500000
1188258900,0.500000,1.500000,2.500000
1189864699,0.500000,1.500000,2.500000
1191483299,0.500000,1.500000,2.500000
1193072599,0.500000,1.500000,2.500000
1194690600,0.500000,1.500000,2.500000
1196196500,0.500000,1.500000,2.500000
1197780000,0.500000,1.500000,2.500000
1199342899,0.500000,1.500000,2.500000
1200932400,0.500000,1.500000,2.500000
1202501600,0.500000,1.500000,2.500000
1204170700,0.500000,1.500000,2.500000
1207276400,0.500000,1.500000,2.500000
1208605400,0.500000,1.500000,2.500000
1210412300,0.500000,1.500000,2.500000
1211950199,0.500000,1.500000,2.500000
1213685700,0.500000,1.500000,2.500000
1215638300,0.500000,1.500000,2.500000
1216914199,0.500000,1.500000,2.500000
1218557000,0.500000,1.500000,2.500000
1221751999,0.500000,1.500000,2.500000
1226643100,0.500000,1.500000,2.500000
1228373800,0.500000,1.500000,2.500000
1230665900,0.500000,1.500000,2.500000
1232253800,0.500000,1.500000,2.500000
1233842000,0.500000,1.500000,2.500000
1235542200,0.500000,1.500000,2.500000
1237549600,0.500000,1.500000,2.500000
1239327800,0.500000,1.500000,2.500000
1240907699,0.500000,1.500000,2.500000
1242442200,0.500000,1.500000,2.500000
1243973800,0.500000,1.500000,2.500000
1245526400,0.500000,1.500000,2.500000
1247074700,0.500000,1.500000,2.500000
1248605400,0.500000,1.500000,2.500000
1250134499,0.500000,1.500000,2.500000
1251786900,0.500000,1.500000,2.500000
1253668899,0.500000,1.500000,2.500000
1254906200,0.500000,1.500000,2.500000
1256303800,0.500000,1.500000,2.500000
1258479900,0.500000,1.500000,2.500000
1259558400,0.500000,1.500000,2.500000
1261543300,0.500000,1.500000,2.500000
1262741300,0.500000,1.500000,2.500000
1264318399,0.500000,1.500000,2.500000
1265938600,0.500000,1.500000,2.500000
1270091500,0.500000,1.500000,2.500000
1274845599,0.500000,1.500000,2.500000
1275978099,0.500000,1.500000,2.500000
1280206399,0.500000,1.500000,2.500000
1282402099,0.500000,1.500000,2.500000
1284208999,0.500000,1.500000,2.500000
1285313899,0.500000,1.500000,2.500000
1286895600,0.500000,1.500000,2.500000
1288429500,0.500000,1.500000,2.500000
1289970999,0.500000,1.500000,2.500000
1291506000,0.500000,1.500000,2.500000
1293066400,0.500000,1.500000,2.500000
1294662599,0.500000,1.500000,2.500000
1296206200,0.500000,1.500000,2.500000
1297796600,0.500000,1.500000,2.500000
1299441700,0.500000,1.500000,2.500000
1302044399,0.500000,1.500000,2.500000
1304732800,0.500000,1.500000,2.500000
1306708399,0.500000,1.500000,2.500000
1309501499,0.500000,1.500000,2.500000
1311082899,0.500000,1.500000,2.500000
1312919399,0.500000,1.500000,2.500000
1314334900,0.500000,1.500000,2.500000
1319822600,0.500000,1.500000,2.500000
1326042100,0.500000,1.500000,2.500000
1327660100,0.500000,1.500000,2.500000
1329988899,0.500000,1.500000,2.500000
1331179499,0.500000,1.500000,2.500000
1333052699,0.500000,1.500000,2.500000
1334149299,0.500000,1.500000,2.500000
1335777400,0.500000,1.500000,2.500000
1337655700,0.500000,1.500000,2.500000
1339662899,0.500000,1.500000,2.500000
1340712099,0.500000,1.500000,2.500000
1343194400,0.500000,1.500000,2.500000
1345339799,0.500000,1.500000,2.500000
1347121400,0.500000,1.500000,2.500000
1349896899,0.500000,1.500000,2.500000
1353136500,0.500000,1.500000,2.500000
1354221100,0.500000,1.500000,2.500000
1361607200,0.500000,1.500000,2.500000
1364681300,0.500000,1.500000,2.500000
1367036299,0.500000,1.500000,2.500000
1368115600,0.500000,1.500000,2.500000
1369658000,0.500000,1.500000,2.500000
1371189600,0.500000,1.500000,2.500000
1372759199,0.500000,1.500000,2.500000
1374353500,0.500000,1.500000,2.500000
1376170499,0.500000,1.500000,2.500000
1377865200,0.500000,1.500000,2.500000
1379468099,0.500000,1.500000,2.500000
1381038999,0.500000,1.500000,2.500000
1382605099,0.500000,1.500000,2.500000
1384205800,0.500000,1.500000,2.500000
1385964300,0.500000,1.500000,2.500000
1392926900,0.500000,1.500000,2.500000
1400172300,0.500000,1.500000,2.500000
1402382200,0.500000,1.500000,2.500000
1408074699,0.500000,1.500000,2.500000
1419458299,0.500000,1.500000,2.500000
1421599100,0.500000,1.500000,2.500000
1423926900,0.500000,1.500000,2.500000
1425380200,0.500000,1.500000,2.500000
1426622099,0.500000,1.500000,2.500000
1428214799,0.500000,1.500000,2.500000
1429753299,0.500000,1.500000,2.500000
1431283500,0.500000,1.500000,2.500000
1432813200,0.500000,1.500000,2.500000
1434637899,0.500000,1.500000,2.500000
1436417199,0.500000,1.500000,2.500000
1437997200,0.500000,1.500000,2.500000
1439581700,0.500000,1.500000,2.500000
1441818600,0.500000,1.500000,2.500000
1444171800,0.500000,1.500000,2.500000
1446030600,0.500000,1.500000,2.500000
1450338100,0.500000,1.500000,2.500000
1452563899,0.500000,1.500000,2.500000
1459809699,0.500000,1.500000,2.500000
1464129899,0.500000,1.500000,2.500000
1470847399,0.500000,1.500000,2.500000
1476283299,0.500000,1.500000,2.500000
1477442299,0.500000,1.500000,2.500000
1479046699,0.500000,1.500000,2.500000
1480659499,0.500000,1.500000,2.500000
1483375199,0.500000,1.500000,2.500000
1485572999,0.500000,1.500000,2.500000
1487266500,0.500000,1.500000,2.500000
1489916500,0.500000,1.500000,2.500000
1491948800,0.500000,1.500000,2.500000
1495692500,0.500000,1.500000,2.500000
1499929199,0.500000,1.500000,2.500000
1501091600,0.500000,1.500000,2.500000
1506487099,0.500000,1.500000,2.500000
1509450800,0.500000,1.500000,2.500000
1511199400,0.500000,1.500000,2.500000
1513383400,0.500000,1.500000,2.500000
1514474100,0.500000,1.500000,2.500000
1516453199,0.500000,1.500000,2.500000
1517552600,0.500000,1.500000,2.500000
1519153699,0.500000,1.500000,2.500000
1520987199,0.500000,1.500000,2.500000
1522840600,0.500000,1.500000,2.500000
1524981399,0.500000,1.500000,2.500000
1528455400,0.500000,1.500000,2.500000
1531574200,0.500000,1.500000,2.500000
1533069700,0.500000,1.500000,2.500000
1534461299,0.500000,1.500000,2.500000
1537627700,0.500000,1.500000,2.500000
1541900099,0.500000,1.500000,2.500000
1546971600,0.500000,1.500000,2.500000
1548107100,0.500000,1.500000,2.500000
1554701400,0.500000,1.500000,2.500000
1558363000,0.500000,1.500000,2.500000
1560000099,0.500000,1.500000,2.500000
1562160499,0.500000,1.500000,2.500000
1563648700,0.500000,1.500000,2.500000
1564847000,0.500000,1.500000,2.500000
1566446900,0.500000,1.500000,2.500000
1568239000,0.500000,1.500000,2.500000
1570153000,0.500000,1.500000,2.500000
1572182100,0.500000,1.500000,2.500000
1573963200,0.500000,1.500000,2.500000
1575605199,0.500000,1.500000,2.500000
1578631299,0.500000,1.500000,2.500000
1584130800,0.500000,1.500000,2.500000
1588524700,0.500000,1.500000,2.500000
1589653900,0.500000,1.500000,2.500000
1591251400,0.500000,1.500000,2.500000
1592870899,0.500000,1.500000,2.500000
1598773300,0.500000,1.500000,2.500000
1600032399,0.500000,1.500000,2.500000
1602944999,0.500000,1.500000,2.500000
1604114100,0.500000,1.500000,2.500000
1605731399,0.500000,1.500000,2.500000
1607574200,0.500000,1.500000,2.500000
1609163599,0.500000,1.500000,2.500000
1610750799,0.500000,1.500000,2.500000
1612439199,0.500000,1.500000,2.500000
1614119899,0.500000,1.500000,2.500000
1615719699,0.500000,1.500000,2.500000
1617684299,0.500000,1.500000,2.500000
1619115300,0.500000,1.500000,2.500000
1620350900,0.500000,1.500000,2.500000
1622012599,0.500000,1.500000,2.500000
1623764800,0.500000,1.500000,2.500000
1625504700,0.500000,1.500000,2.500000
1628007500,0.500000,1.500000,2.500000
1629700700,0.500000,1.500000,2.500000
1632120700,0.500000,1.500000,2.500000
1640859799,0.500000,1.500000,2.500000
1642105400,0.500000,1.500000,2.500000
1647690099,0.500000,1.500000,2.500000
1650411700,0.500000,1.500000,2.500000
1652799499,0.500000,1.500000,2.500000
1654024800,0.500000,1.500000,2.500000
1655632100,0.500000,1.500000,2.500000
1657250700,0.500000,1.500000,2.500000
1658920499,0.500000,1.500000,2.500000
1660590699,0.500000,1.500000,2.500000
1662191399,0.500000,1.500000,2.500000
1663766899,0.500000,1.500000,2.500000
1665848099,0.500000,1.500000,2.500000
1667655400,0.500000,1.500000,2.500000
1668867599,0.500000,1.500000,2.500000
1670520600,0.500000,1.500000,2.500000
1673922699,0.500000,1.500000,2.500000
1675605700,0.500000,1.500000,2.500000
1677030200,0.500000,1.500000,2.500000
1680267499,0.500000,1.500000,2.500000
1683909999,0.500000,1.500000,2.500000
1685494800,0.500000,1.500000,2.500000
1693024899,0.500000,1.500000,2.500000
1696823700,0.500000,1.500000,2.500000
1698306300,0.500000,1.500000,2.500000
1699927900,0.500000,1.500000,2.500000
1701519499,0.500000,1.500000,2.500000
1703095800,0.500000,1.500000,2.500000
1704660199,0.500000,1.500000,2.500000
1706213400,0.500000,1.500000,2.500000
1707915500,0.500000,1.500000,2.500000
1709530400,0.500000,1.500000,2.500000
1711328500,0.500000,1.500000,2.500000
1713138300,0.500000,1.500000,2.500000
1714751600,0.500000,1.500000,2.500000
1716267499,0.500000,1.500000,2.500000
1718115900,0.500000,1.500000,2.500000
1719401900,0.500000,1.500000,2.500000
1724978999,0.500000,1.500000,2.500000
1729794799,0.500000,1.500000,2.500000
1731255700,0.500000,1.500000,2.500000
1736882700,0.500000,1.500000,2.500000
1740821899,0.500000,1.500000,2.500000
1741948800,0.500000,1.500000,2.500000
1744397499,0.500000,1.500000,2.500000
1745635999,0.500000,1.500000,2.500000
1747411199,0.500000,1.500000,2.500000
1749020100,0.500000,1.500000,2.500000
1750623699,0.500000,1.500000,2.500000
1752207099,0.500000,1.500000,2.500000
1753874800,0.500000,1.500000,2.500000
1755597499,0.500000,1.500000,2.500000
1757204900,0.500000,1.500000,2.500000
1760228300,0.500000,1.500000,2.500000
1761365600,0.500000,1.500000,2.500000
1764528500,0.500000,1.500000,2.500000
1766276399,0.500000,1.500000,2.500000
1767391300,0.500000,1.500000,2.500000
1769105400,0.500000,1.500000,2.500000
1772350400,0.500000,1.500000,2.500000
1774801799,0.500000,1.500000,2.500000
1778154300,0.500000,1.500000,2.500000
1784269800,0.500000,1.500000,2.500000
1786733699,0.500000,1.500000,2.500000
1789759899,0.500000,1.500000,2.500000
1791381200,0.500000,1.500000,2.500000
1792993000,0.500000,1.500000,2.500000
1794599900,0.500000,1.500000,2.500000
1796137400,0.500000,1.500000,2.500000
1797716300,0.500000,1.500000,2.500000
1799271100,0.500000,1.500000,2.500000
1800830599,0.500000,1.500000,2.500000
1802521800,0.500000,1.500000,2.500000
1804283299,0.500000,1.500000,2.500000
1806708000,0.500000,1.500000,2.500000
1807900200,0.500000,1.500000,2.500000
1810630899,0.500000,1.500000,2.500000
1812240899,0.500000,1.500000,2.500000
1814485599,0.500000,1.500000,2.500000
1816180800,0.500000,1.500000,2.500000
1817674600,0.500000,1.500000,2.500000
1819590400,0.500000,1.500000,2.500000
1822049499,0.500000,1.500000,2.500000
1825500400,0.500000,1.500000,2.500000
1826682400,0.500000,1.500000,2.500000
1832471200,0.500000,1.500000,2.500000
1835030300,0.500000,1.500000,2.500000
1836113800,0.500000,1.500000,2.500000
1837701700,0.500000,1.500000,2.500000
1839308599,0.500000,1.500000,2.500000
1840896300,0.500000,1.500000,2.500000
1842466300,0.500000,1.500000,2.500000
1844016700,0.500000,1.500000,2.500000
1845592099,0.500000,1.500000,2.500000
1847162199,0.500000,1.500000,2.500000
1848710700,0.500000,1.500000,2.500000
1850361500,0.500000,1.500000,2.500000
1852957499,0.500000,1.500000,2.500000
1856912800,0.500000,1.500000,2.500000
1858212600,0.500000,1.500000,2.500000
1860300899,0.500000,1.500000,2.500000
1861792199,0.500000,1.500000,2.500000
1863053499,0.500000,1.500000,2.500000
1867346200,0.500000,1.500000,2.500000
1872855900,0.500000,1.500000,2.500000
1879328399,0.500000,1.500000,2.500000
1883045800,0.500000,1.500000,2.500000
1884189900,0.500000,1.500000,2.500000
1885972299,0.500000,1.500000,2.500000
1887562299,0.500000,1.500000,2.500000
1889256800,0.500000,1.500000,2.500000
1890917700,0.500000,1.500000,2.500000
1892595299,0.500000,1.500000,2.500000
1894175000,0.500000,1.500000,2.500000
1895764000,0.500000,1.500000,2.500000
1897454199,0.500000,1.500000,2.500000
1899132899,0.500000,1.500000,2.500000
1903084099,0.500000,1.500000,2.500000
1910564700,0.500000,1.500000,2.500000
1912341499,0.500000,1.500000,2.500000
1917997500,0.500000,1.500000,2.500000
1919086000,0.500000,1.500000,2.500000
1928385899,0.500000,1.500000,2.500000
1930675600,0.500000,1.500000,2.500000
1933010400,0.500000,1.500000,2.500000
1935541999,0.500000,1.500000,2.500000
1936655899,0.500000,1.500000,2.500000
1938228400,0.500000,1.500000,2.500000
1939803599,0.500000,1.500000,2.500000
1941721700,0.500000,1.500000,2.500000
1942822400,0.500000,1.500000,2.500000
1945375199,0.500000,1.500000,2.500000
1946637499,0.500000,1.500000,2.500000
1948270100,0.500000,1.500000,2.500000
1951012600,0.500000,1.500000,2.500000
1952612499,0.500000,1.500000,2.500000
1954970899,0.500000,1.500000,2.500000
1957081100,0.500000,1.500000,2.500000
1959213900,0.500000,1.500000,2.500000
1961943800,0.500000,1.500000,2.500000
1964726899,0.500000,1.500000,2.500000
1968874199,0.500000,1.500000,2.500000
1976348199,0.500000,1.500000,2.500000
1978275599,0.500000,1.500000,2.500000
1980884600,0.500000,1.500000,2.500000
1982976899,0.500000,1.500000,2.500000
1984574000,0.500000,1.500000,2.500000
1986105900,0.500000,1.500000,2.500000
1987698099,0.500000,1.500000,2.500000
1989394299,0.500000,1.500000,2.500000
1993608400,0.500000,1.500000,2.500000
1995125499,0.500000,1.500000,2.500000
1997464500,0.500000,1.500000,2.500000
2000548099,0.500000,1.500000,2.500000
2003294900,0.500000,1.500000,2.500000
2004726300,0.500000,1.500000,2.500000
2007082000,0.500000,1.500000,2.500000
2008952299,0.500000,1.500000,2.500000
2011253500,0.500000,1.500000,2.500000
2013639700,0.500000,1.500000,2.500000
2017512099,0.500000,1.500000,2.500000
2019142299,0.500000,1.500000,2.500000
2026441300,0.500000,1.500000,2.500000
2028452999,0.500000,1.500000,2.500000
2030647600,0.500000,1.500000,2.500000
2032337999,0.500000,1.500000,2.500000
2033932999,0.500000,1.500000,2.500000
2035539299,0.500000,1.500000,2.500000
2037126000,0.500000,1.500000,2.500000
2038876400,0.500000,1.500000,2.500000
2041046300,0.500000,1.500000,2.500000
2043211900,0.500000,1.500000,2.500000
2044827700,0.500000,1.500000,2.500000
2046355300,0.500000,1.500000,2.500000
2048972399,0.500000,1.500000,2.500000
2051316900,0.500000,1.500000,2.500000
2055938099,0.500000,1.500000,2.500000
2061254400,0.500000,1.500000,2.500000
2062906999,0.500000,1.500000,2.500000
2069291899,0.500000,1.500000,2.500000
2073267899,0.500000,1.500000,2.500000
2075986800,0.500000,1.500000,2.500000
2077546100,0.500000,1.500000,2.500000
2079121599,0.500000,1.500000,2.500000
2080672199,0.500000,1.500000,2.500000
2082219299,0.500000,1.500000,2.500000
2083766700,0.500000,1.500000,2.500000
2085439900,0.500000,1.500000,2.500000
2087941800,0.500000,1.500000,2.500000
2089563300,0.500000,1.500000,2.500000
2091655099,0.500000,1.500000,2.500000
2093754000,0.500000,1.500000,2.500000
2095754499,0.500000,1.500000,2.500000
2097718199,0.500000,1.500000,2.500000
2100225700,0.500000,1.500000,2.500000
2101989800,0.500000,1.500000,2.500000
2105131700,0.500000,1.500000,2.500000
2110054999,0.500000,1.500000,2.500000
2111152299,0.500000,1.500000,2.500000
2116323100,0.500000,1.500000,2.500000
2119313299,0.500000,1.500000,2.500000
2121043699,0.500000,1.500000,2.500000
2122459300,0.500000,1.500000,2.500000
2124239900,0.500000,1.500000,2.500000
2126175299,0.500000,1.500000,2.500000
2127751599,0.500000,1.500000,2.500000
2129326900,0.500000,1.500000,2.500000
2130912400,0.500000,1.500000,2.500000
2132616900,0.500000,1.500000,2.500000
2134315299,0.500000,1.500000,2.500000
2136209000,0.500000,1.500000,2.500000
2137298100,0.500000,1.500000,2.500000
2139390299,0.500000,1.500000,2.500000
2140501699,0.500000,1.500000,2.500000
2143005899,0.500000,1.500000,2.500000
2144103500,0.500000,1.500000,2.500000
2146255600,0.500000,1.500000,2.500000
2150547700,0.500000,1.500000,2.500000
2154050999,0.500000,1.500000,2.500000
2161765800,0.500000,1.500000,2.500000
2165394000,0.500000,1.500000,2.500000
2167569400,0.500000,1.500000,2.500000
2169144600,0.500000,1.500000,2.500000
2170694400,0.500000,1.500000,2.500000
2172265400,0.500000,1.500000,2.500000
2173837000,0.500000,1.500000,2.500000
2175568999,0.500000,1.500000,2.500000
2177155199,0.500000,1.500000,2.500000
2178797599,0.500000,1.500000,2.500000
2181371500,0.500000,1.500000,2.500000
2184453399,0.500000,1.500000,2.500000
2185989600,0.500000,1.500000,2.500000
2187508299,0.500000,1.500000,2.500000
2191021899,0.500000,1.500000,2.500000
2193383500,0.500000,1.500000,2.500000
2199711699,0.500000,1.500000,2.500000
2201274400,0.500000,1.500000,2.500000
2208031399,0.500000,1.500000,2.500000
2211393899,0.500000,1.500000,2.500000
2212506600,0.500000,1.500000,2.500000
2214111900,0.500000,1.500000,2.500000
2215702200,0.500000,1.500000,2.500000
2217292799,0.500000,1.500000,2.500000
2218869500,0.500000,1.500000,2.500000
2220460399,0.500000,1.500000,2.500000
2222089200,0.500000,1.500000,2.500000
2223837899,0.500000,1.500000,2.500000
2225564799,0.500000,1.500000,2.500000
2227585300,0.500000,1.500000,2.500000
2229433500,0.500000,1.500000,2.500000
2230518399,0.500000,1.500000,2.500000
2232601700,0.500000,1.500000,2.500000
2234289500,0.500000,1.500000,2.500000
2236525100,0.500000,1.500000,2.500000
2238433799,0.500000,1.500000,2.500000
2240893700,0.500000,1.500000,2.500000
2242782200,0.500000,1.500000,2.500000
2250029299,0.500000,1.500000,2.500000
2257304899,0.500000,1.500000,2.500000
2259945500,0.500000,1.500000,2.500000
2262597900,0.500000,1.500000,2.500000
2263706199,0.500000,1.500000,2.500000
2265766199,0.500000,1.500000,2.500000
2266857900,0.500000,1.500000,2.500000
2268438099,0.500000,1.500000,2.500000
2270003199,0.500000,1.500000,2.500000
2271596799,0.500000,1.500000,2.500000
2273376800,0.500000,1.500000,2.500000
2279726499,0.500000,1.500000,2.500000
2280814199,0.500000,1.500000,2.500000
2283173199,0.500000,1.500000,2.500000
2284273500,0.500000,1.500000,2.500000
2287490599,0.500000,1.500000,2.500000
2291668700,0.500000,1.500000,2.500000
2295709500,0.500000,1.500000,2.500000
2297712100,0.500000,1.500000,2.500000
2304617900,0.500000,1.500000,2.500000
2306271400,0.500000,1.500000,2.500000
2307422999,0.500000,1.500000,2.500000
2314262699,0.500000,1.500000,2.500000
2315379600,0.500000,1.500000,2.500000
2319108800,0.500000,1.500000,2.500000
2321004500,0.500000,1.500000,2.500000
2327171299,0.500000,1.500000,2.500000
2328677199,0.500000,1.500000,2.500000
2330246299,0.500000,1.500000,2.500000
2334902000,0.500000,1.500000,2.500000
2337304599,0.500000,1.500000,2.500000
2340006200,0.500000,1.500000,2.500000
2341788999,0.500000,1.500000,2.500000
2344439400,0.500000,1.500000,2.500000
2348328599,0.500000,1.500000,2.500000
2349462600,0.500000,1.500000,2.500000
2357008400,0.500000,1.500000,2.500000
2360313099,0.500000,1.500000,2.500000
2361644600,0.500000,1.500000,2.500000
2363471399,0.500000,1.500000,2.500000
2365441100,0.500000,1.500000,2.500000
2367040299,0.500000,1.500000,2.500000
2369921700,0.500000,1.500000,2.500000
2371866599,0.500000,1.500000,2.500000
2373390799,0.500000,1.500000,2.500000
2375715200,0.500000,1.500000,2.500000
2377075700,0.500000,1.500000,2.500000
2378702300,0.500000,1.500000,2.500000
2381620100,0.500000,1.500000,2.500000
2386095599,0.500000,1.500000,2.500000
2389996500,0.500000,1.500000,2.500000
2391226100,0.500000,1.500000,2.500000
2392830600,0.500000,1.500000,2.500000
2401922999,0.500000,1.500000,2.500000
2405484299,0.500000,1.500000,2.500000
2406601299,0.500000,1.500000,2.500000
2408224799,0.500000,1.500000,2.500000
2410896300,0.500000,1.500000,2.500000
2412501300,0.500000,1.500000,2.500000
2414434400,0.500000,1.500000,2.500000
2417343100,0.500000,1.500000,2.500000
2420163399,0.500000,1.500000,2.500000
2423408000,0.500000,1.500000,2.500000
2429247100,0.500000,1.500000,2.500000
2436242000,0.500000,1.500000,2.500000
2437390600,0.500000,1.500000,2.500000
2439443900,0.500000,1.500000,2.500000
2446413300,0.500000,1.500000,2.500000
2448065999,0.500000,1.500000,2.500000
2450563500,0.500000,1.500000,2.500000
2451696500,0.500000,1.500000,2.500000
2453475700,0.500000,1.500000,2.500000
2455090800,0.500000,1.500000,2.500000
2457105599,0.500000,1.500000,2.500000
2458723900,0.500000,1.500000,2.500000
2460360900,0.500000,1.500000,2.500000
2463016300,0.500000,1.500000,2.500000
2464938199,0.500000,1.500000,2.500000
2466180900,0.500000,1.500000,2.500000
2468883599,0.500000,1.500000,2.500000
2470514599,0.500000,1.500000,2.500000
2474807899,0.500000,1.500000,2.500000
2476489300,0.500000,1.500000,2.500000
2478435099,0.500000,1.500000,2.500000
2480741999,0.500000,1.500000,2.500000
2483220800,0.500000,1.500000,2.500000
2487244500,0.500000,1.500000,2.500000
2488405500,0.500000,1.500000,2.500000
2495496900,0.500000,1.500000,2.500000
2497690199,0.500000,1.500000,2.500000
2500360600,0.500000,1.500000,2.500000
2501482300,0.500000,1.500000,2.500000
2503449499,0.500000,1.500000,2.500000
2504571700,0.500000,1.500000,2.500000
2508057099,0.500000,1.500000,2.500000
2509767499,0.500000,1.500000,2.500000
2511948300,0.500000,1.500000,2.500000
2514603399,0.500000,1.500000,2.500000
2516344800,0.500000,1.500000,2.500000
2518102300,0.500000,1.500000,2.500000
2520197600,0.500000,1.500000,2.500000
2524094699,0.500000,1.500000,2.500000
2526699300,0.500000,1.500000,2.500000
2529876500,0.500000,1.500000,2.500000
2533505799,0.500000,1.500000,2.500000
2535201899,0.500000,1.500000,2.500000
2542158700,0.500000,1.500000,2.500000
2543281500,0.500000,1.500000,2.500000
2545978499,0.500000,1.500000,2.500000
2547925300,0.500000,1.500000,2.500000
2549457300,0.500000,1.500000,2.500000
2551024000,0.500000,1.500000,2.500000
2552557399,0.500000,1.500000,2.500000
2554120699,0.500000,1.500000,2.500000
2556143800,0.500000,1.500000,2.500000
2557861200,0.500000,1.500000,2.500000
2561350299,0.500000,1.500000,2.500000
2562550499,0.500000,1.500000,2.500000
2564119200,0.500000,1.500000,2.500000
2566764100,0.500000,1.500000,2.500000
2569343800,0.500000,1.500000,2.500000
2575272300,0.500000,1.500000,2.500000
2578059200,0.500000,1.500000,2.500000
2581427600,0.500000,1.500000,2.500000
2589428600,0.500000,1.500000,2.500000
2595296500,0.500000,1.500000,2.500000
2596671100,0.500000,1.500000,2.500000
2598561099,0.500000,1.500000,2.500000
2599674099,0.500000,1.500000,2.500000
2601623700,0.500000,1.500000,2.500000
2602900500,0.500000,1.500000,2.500000
2604540799,0.500000,1.500000,2.500000
2607703699,0.500000,1.500000,2.500000
2609392400,0.500000,1.500000,2.500000
2610989599,0.500000,1.500000,2.500000
2617602300,0.500000,1.500000,2.500000
2622273100,0.500000,1.500000,2.500000
2623405500,0.500000,1.500000,2.500000
2625120900,0.500000,1.500000,2.500000
2633246899,0.500000,1.500000,2.500000
2634372900,0.500000,1.500000,2.500000
2636006799,0.500000,1.500000,2.500000
2638416000,0.500000,1.500000,2.500000
2639513699,0.500000,1.500000,2.500000
2641525999,0.500000,1.500000,2.500000
2642646899,0.500000,1.500000,2.500000
2644248500,0.500000,1.500000,2.500000
2645923500,0.500000,1.500000,2.500000
2647537600,0.500000,1.500000,2.500000
2649378499,0.500000,1.500000,2.500000
2650801399,0.500000,1.500000,2.500000
2651934399,0.500000,1.500000,2.500000
2653544200,0.500000,1.500000,2.500000
2655653599,0.500000,1.500000,2.500000
2657192600,0.500000,1.500000,2.500000
2659242900,0.500000,1.500000,2.500000
2660367299,0.500000,1.500000,2.500000
2663118199,0.500000,1.500000,2.500000
2665513400,0.500000,1.500000,2.500000
2668224000,0.500000,1.500000,2.500000
2671705699,0.500000,1.500000,2.500000
2672818400,0.500000,1.500000,2.500000
2674427400,0.500000,1.500000,2.500000
2681017900,0.500000,1.500000,2.500000
2684231600,0.500000,1.500000,2.500000
2686682799,0.500000,1.500000,2.500000
2687843799,0.500000,1.500000,2.500000
2689495400,0.500000,1.500000,2.500000
2691083800,0.500000,1.500000,2.500000
2692672299,0.500000,1.500000,2.500000
2694271300,0.500000,1.500000,2.500000
2695895299,0.500000,1.500000,2.500000
2697494500,0.500000,1.500000,2.500000
2699108200,0.500000,1.500000,2.500000
2702251800,0.500000,1.500000,2.500000
2703537900,0.500000,1.500000,2.500000
2706143299,0.500000,1.500000,2.500000
2708175799,0.500000,1.500000,2.500000
2710102299,0.500000,1.500000,2.500000
2711699100,0.500000,1.500000,2.500000
2713579399,0.500000,1.500000,2.500000
2716561400,0.500000,1.500000,2.500000
2717700300,0.500000,1.500000,2.500000
2722702799,0.500000,1.500000,2.500000
2723855299,0.500000,1.500000,2.500000
2726188900,0.500000,1.500000,2.500000
2728171299,0.500000,1.500000,2.500000
2729749899,0.500000,1.500000,2.500000
2731321899,0.500000,1.500000,2.500000
2732885400,0.500000,1.500000,2.500000
2734453099,0.500000,1.500000,2.500000
2735968300,0.500000,1.500000,2.500000
2737531799,0.500000,1.500000,2.500000
2739106699,0.500000,1.500000,2.500000
2740756500,0.500000,1.500000,2.500000
2742325100,0.500000,1.500000,2.500000
2743978200,0.500000,1.500000,2.500000
2746022300,0.500000,1.500000,2.500000
2747557200,0.500000,1.500000,2.500000
2749916599,0.500000,1.500000,2.500000
2751564500,0.500000,1.500000,2.500000
2753911300,0.500000,1.500000,2.500000
2758874099,0.500000,1.500000,2.500000
2760528400,0.500000,1.500000,2.500000
2762118200,0.500000,1.500000,2.500000
2763723199,0.500000,1.500000,2.500000
2765471200,0.500000,1.500000,2.500000
2766849300,0.500000,1.500000,2.500000
2768354400,0.500000,1.500000,2.500000
2769923300,0.500000,1.500000,2.500000
2771509300,0.500000,1.500000,2.500000
2773073399,0.500000,1.500000,2.500000
2774645800,0.500000,1.500000,2.500000
2776237600,0.500000,1.500000,2.500000
2777833100,0.500000,1.500000,2.500000
2779400799,0.500000,1.500000,2.500000
2780965999,0.500000,1.500000,2.500000
2782534999,0.500000,1.500000,2.500000
2784096399,0.500000,1.500000,2.500000
2785657000,0.500000,1.500000,2.500000
2788001100,0.500000,1.500000,2.500000
2789241099,0.500000,1.500000,2.500000
2790782000,0.500000,1.500000,2.500000
2792536000,0.500000,1.500000,2.500000
2794139700,0.500000,1.500000,2.500000
2797349699,0.500000,1.500000,2.500000
2800434400,0.500000,1.500000,2.500000
2805033399,0.500000,1.500000,2.500000
2806959499,0.500000,1.500000,2.500000
2808804500,0.500000,1.500000,2.500000
2809988200,0.500000,1.500000,2.500000
2811556699,0.500000,1.500000,2.500000
2813142099,0.500000,1.500000,2.500000
2814717200,0.500000,1.500000,2.500000
2816239799,0.500000,1.500000,2.500000
2817810599,0.500000,1.500000,2.500000
2819381799,0.500000,1.500000,2.500000
2820954499,0.500000,1.500000,2.500000
2822524600,0.500000,1.500000,2.500000
2824302000,0.500000,1.500000,2.500000
2825647999,0.500000,1.500000,2.500000
2827257199,0.500000,1.500000,2.500000
2828864600,0.500000,1.500000,2.500000
2830456299,0.500000,1.500000,2.500000
2832043499,0.500000,1.500000,2.500000
2833618999,0.500000,1.500000,2.500000
2835544699,0.500000,1.500000,2.500000
2837741399,0.500000,1.500000,2.500000
2840467599,0.500000,1.500000,2.500000
2842316300,0.500000,1.500000,2.500000
2844584400,0.500000,1.500000,2.500000
2846799799,0.500000,1.500000,2.500000
2847955400,0.500000,1.500000,2.500000
2851584399,0.500000,1.500000,2.500000
2853170399,0.500000,1.500000,2.500000
2854902400,0.500000,1.500000,2.500000
2856395700,0.500000,1.500000,2.500000
2857982499,0.500000,1.500000,2.500000
2859562099,0.500000,1.500000,2.500000
2861152899,0.500000,1.500000,2.500000
2862731400,0.500000,1.500000,2.500000
2864307700,0.500000,1.500000,2.500000
2865850900,0.500000,1.500000,2.500000
2867426400,0.500000,1.500000,2.500000
2869000600,0.500000,1.500000,2.500000
2870668800,0.500000,1.500000,2.500000
2872255900,0.500000,1.500000,2.500000
2873979900,0.500000,1.500000,2.500000
2875559100,0.500000,1.500000,2.500000
2877162299,0.500000,1.500000,2.500000
2878759400,0.500000,1.500000,2.500000
2880341500,0.500000,1.500000,2.500000
2882694200,0.500000,1.500000,2.500000
2884030300,0.500000,1.500000,2.500000
2885964900,0.500000,1.500000,2.500000
2887073300,0.500000,1.500000,2.500000
2888981900,0.500000,1.500000,2.500000
2891092400,0.500000,1.500000,2.500000
2892826100,0.500000,1.500000,2.500000
2895941399,0.500000,1.500000,2.500000
2900392100,0.500000,1.500000,2.500000
2901664400,0.500000,1.500000,2.500000
2903085500,0.500000,1.500000,2.500000
2904664200,0.500000,1.500000,2.500000
2906227500,0.500000,1.500000,2.500000
2907937399,0.500000,1.500000,2.500000
2909516300,0.500000,1.500000,2.500000
2911093499,0.500000,1.500000,2.500000
2912663700,0.500000,1.500000,2.500000
2914239700,0.500000,1.500000,2.500000
2915848299,0.500000,1.500000,2.500000
2917550999,0.500000,1.500000,2.500000
2919161800,0.500000,1.500000,2.500000
2920740599,0.500000,1.500000,2.500000
2922339700,0.500000,1.500000,2.500000
2923934799,0.500000,1.500000,2.500000
2925532900,0.500000,1.500000,2.500000
2927198999,0.500000,1.500000,2.500000
2928777799,0.500000,1.500000,2.500000
2930592000,0.500000,1.500000,2.500000
2932160299,0.500000,1.500000,2.500000
2935366500,0.500000,1.500000,2.500000
2936771400,0.500000,1.500000,2.500000
2938576000,0.500000,1.500000,2.500000
2941243799,0.500000,1.500000,2.500000
2946220500,0.500000,1.500000,2.500000
2947821800,0.500000,1.500000,2.500000
2949534699,0.500000,1.500000,2.500000
2951146799,0.500000,1.500000,2.500000
2952729800,0.500000,1.500000,2.500000
2954300299,0.500000,1.500000,2.500000
2955895799,0.500000,1.500000,2.500000
2957893999,0.500000,1.500000,2.500000
2958999700,0.500000,1.500000,2.500000
2960577500,0.500000,1.500000,2.500000
2962140800,0.500000,1.500000,2.500000
2963722699,0.500000,1.500000,2.500000
2965411099,0.500000,1.500000,2.500000
2966949499,0.500000,1.500000,2.500000
2968770899,0.500000,1.500000,2.500000
2970326599,0.500000,1.500000,2.500000
2971886799,0.500000,1.500000,2.500000
2973436100,0.500000,1.500000,2.500000
2975178200,0.500000,1.500000,2.500000
2976707699,0.500000,1.500000,2.500000
2978759400,0.500000,1.500000,2.500000
2980809499,0.500000,1.500000,2.500000
2982783699,0.500000,1.500000,2.500000
2984193399,0.500000,1.500000,2.500000
2986167600,0.500000,1.500000,2.500000
2989118400,0.500000,1.500000,2.500000
2995172299,0.500000,1.500000,2.500000
2997213399,0.500000,1.500000,2.500000
2999122400,0.500000,1.500000,2.500000
3000171899,0.500000,1.500000,2.500000
3001720599,0.500000,1.500000,2.500000
3003966299,0.500000,1.500000,2.500000
3005592499,0.500000,1.500000,2.500000
3007113500,0.500000,1.500000,2.500000
3008680300,0.500000,1.500000,2.500000
3010246199,0.500000,1.500000,2.500000
3011898400,0.500000,1.500000,2.500000
3013490999,0.500000,1.500000,2.500000
3015073200,0.500000,1.500000,2.500000
3017523700,0.500000,1.500000,2.500000
3019531999,0.500000,1.500000,2.500000
3021225700,0.500000,1.500000,2.500000
3022850200,0.500000,1.500000,2.500000
3024417300,0.500000,1.500000,2.500000
3026175200,0.500000,1.500000,2.500000
3027797900,0.500000,1.500000,2.500000
3029638799,0.500000,1.500000,2.500000
3031678300,0.500000,1.500000,2.500000
3032731699,0.500000,1.500000,2.500000
3035084000,0.500000,1.500000,2.500000
3037719200,0.500000,1.500000,2.500000
3040277899,0.500000,1.500000,2.500000
3045521100,0.500000,1.500000,2.500000
3047005100,0.500000,1.500000,2.500000
3048441400,0.500000,1.500000,2.500000
3049995800,0.500000,1.500000,2.500000
3051699299,0.500000,1.500000,2.500000
3053399199,0.500000,1.500000,2.500000
3055046599,0.500000,1.500000,2.500000
3056562999,0.500000,1.500000,2.500000
3058150999,0.500000,1.500000,2.500000
3059755200,0.500000,1.500000,2.500000
3061311600,0.500000,1.500000,2.500000
3062881199,0.500000,1.500000,2.500000
3064419700,0.500000,1.500000,2.500000
3065939300,0.500000,1.500000,2.500000
3067494399,0.500000,1.500000,2.500000
3070242399,0.500000,1.500000,2.500000
3073750800,0.500000,1.500000,2.500000
3076313700,0.500000,1.500000,2.500000
3078633700,0.500000,1.500000,2.500000
3081297900,0.500000,1.500000,2.500000
3083413599,0.500000,1.500000,2.500000
3084906800,0.500000,1.500000,2.500000
3089177900,0.500000,1.500000,2.500000
3090791000,0.500000,1.500000,2.500000
3092355599,0.500000,1.500000,2.500000
3093917099,0.500000,1.500000,2.500000
3095470500,0.500000,1.500000,2.500000
3096930200,0.500000,1.500000,2.500000
3098480900,0.500000,1.500000,2.500000
3100054800,0.500000,1.500000,2.500000
3101657799,0.500000,1.500000,2.500000
3103220199,0.500000,1.500000,2.500000
3104778799,0.500000,1.500000,2.500000
3106368000,0.500000,1.500000,2.500000
3107948900,0.500000,1.500000,2.500000
3109509300,0.500000,1.500000,2.500000
3111064199,0.500000,1.500000,2.500000
3112618300,0.500000,1.500000,2.500000
3114168100,0.500000,1.500000,2.500000
3116277200,0.500000,1.500000,2.500000
3118105200,0.500000,1.500000,2.500000
3119214300,0.500000,1.500000,2.500000
3120728100,0.500000,1.500000,2.500000
3124651400,0.500000,1.500000,2.500000
3127361899,0.500000,1.500000,2.500000
3129946900,0.500000,1.500000,2.500000
3136004200,0.500000,1.500000,2.500000
3138029900,0.500000,1.500000,2.500000
3139837800,0.500000,1.500000,2.500000
3141110999,0.500000,1.500000,2.500000
3142669100,0.500000,1.500000,2.500000
3144227299,0.500000,1.500000,2.500000
3145770800,0.500000,1.500000,2.500000
3147320600,0.500000,1.500000,2.500000
3148876999,0.500000,1.500000,2.500000
3150427300,0.500000,1.500000,2.500000
3151974300,0.500000,1.500000,2.500000
3153624200,0.500000,1.500000,2.500000
3155323099,0.500000,1.500000,2.500000
3157461000,0.500000,1.500000,2.500000
3158759500,0.500000,1.500000,2.500000
3159857999,0.500000,1.500000,2.500000
3161405500,0.500000,1.500000,2.500000
3163633800,0.500000,1.500000,2.500000
3165269700,0.500000,1.500000,2.500000
3167266199,0.500000,1.500000,2.500000
3168372699,0.500000,1.500000,2.500000
3170176100,0.500000,1.500000,2.500000
3173096099,0.500000,1.500000,2.500000
3174824800,0.500000,1.500000,2.500000
3177459899,0.500000,1.500000,2.500000
3178513999,0.500000,1.500000,2.500000
3183047799,0.500000,1.500000,2.500000
3184412200,0.500000,1.500000,2.500000
3185741300,0.500000,1.500000,2.500000
3187312300,0.500000,1.500000,2.500000
3189108600,0.500000,1.500000,2.500000
3190689600,0.500000,1.500000,2.500000
3192240900,0.500000,1.500000,2.500000
3193833299,0.500000,1.500000,2.500000
3195385500,0.500000,1.500000,2.500000
3196976699,0.500000,1.500000,2.500000
3198541199,0.500000,1.500000,2.500000
3200100300,0.500000,1.500000,2.500000
3201767600,0.500000,1.500000,2.500000
3203337600,0.500000,1.500000,2.500000
3204919499,0.500000,1.500000,2.500000
3206826399,0.500000,1.500000,2.500000
3208399600,0.500000,1.500000,2.500000
3209993800,0.500000,1.500000,2.500000
3211574200,0.500000,1.500000,2.500000
3213498999,0.500000,1.500000,2.500000
3215144200,0.500000,1.500000,2.500000
3216630299,0.500000,1.500000,2.500000
3218292099,0.500000,1.500000,2.500000
3220131699,0.500000,1.500000,2.500000
3221196500,0.500000,1.500000,2.500000
3222883200,0.500000,1.500000,2.500000
3225419900,0.500000,1.500000,2.500000
3227189099,0.500000,1.500000,2.500000
3230574300,0.500000,1.500000,2.500000
3232981400,0.500000,1.500000,2.500000
3239651500,0.500000,1.500000,2.500000
3241717500,0.500000,1.500000,2.500000
3243302499,0.500000,1.500000,2.500000
3244867699,0.500000,1.500000,2.500000
3246859099,0.500000,1.500000,2.500000
3248918700,0.500000,1.500000,2.500000
3250782800,0.500000,1.500000,2.500000
3251973999,0.500000,1.500000,2.500000
3253536800,0.500000,1.500000,2.500000
3255109899,0.500000,1.500000,2.500000
3256617999,0.500000,1.500000,2.500000
3258205899,0.500000,1.500000,2.500000
3259772999,0.500000,1.500000,2.500000
3261640400,0.500000,1.500000,2.500000
3262681100,0.500000,1.500000,2.500000
3264231499,0.500000,1.500000,2.500000
3265939400,0.500000,1.500000,2.500000
3267629100,0.500000,1.500000,2.500000
3269881699,0.500000,1.500000,2.500000
3271487800,0.500000,1.500000,2.500000
3274094400,0.500000,1.500000,2.500000
3278998100,0.500000,1.500000,2.500000
3280250600,0.500000,1.500000,2.500000
3281899200,0.500000,1.500000,2.500000
3283479899,0.500000,1.500000,2.500000
3285039100,0.500000,1.500000,2.500000
3286565000,0.500000,1.500000,2.500000
3288086000,0.500000,1.500000,2.500000
3289664800,0.500000,1.500000,2.500000
3291243699,0.500000,1.500000,2.500000
3292896700,0.500000,1.500000,2.500000
3294474100,0.500000,1.500000,2.500000
3296354700,0.500000,1.500000,2.500000
3297986099,0.500000,1.500000,2.500000
3299575900,0.500000,1.500000,2.500000
3301128300,0.500000,1.500000,2.500000
3302671099,0.500000,1.500000,2.500000
3304214600,0.500000,1.500000,2.500000
3305781000,0.500000,1.500000,2.500000
3307354399,0.500000,1.500000,2.500000
3308997899,0.500000,1.500000,2.500000
3311052900,0.500000,1.500000,2.500000
3312790100,0.500000,1.500000,2.500000
3314903300,0.500000,1.500000,2.500000
3316288300,0.500000,1.500000,2.500000
3318007699,0.500000,1.500000,2.500000
3320173599,0.500000,1.500000,2.500000
3325609200,0.500000,1.500000,2.500000
3327926400,0.500000,1.500000,2.500000
3329107199,0.500000,1.500000,2.500000
3330812799,0.500000,1.500000,2.500000
