timestamp	ch1	ch2	ch3
00:00:00.000	1.306960	1.325275	1.327473
00:00:00.000	1.309890	1.326740	1.320147
00:00:00.001	1.308425	1.317949	1.334799
00:00:00.001	1.301832	1.323077	1.347253
00:00:00.002	1.310623	1.323810	1.331136
00:00:00.002	1.307692	1.312088	1.304029
00:00:00.002	1.306227	1.312088	1.304029
00:00:00.003	1.305495	1.320879	1.305495
00:00:00.003	1.304029	1.318681	1.300366
00:00:00.003	1.311355	1.319414	1.315751
00:00:00.004	1.316484	1.324542	1.317216
00:00:00.004	1.267399	1.324542	1.310623
00:00:00.005	1.285714	1.320879	1.316484
00:00:00.005	1.315751	1.312088	1.309158
00:00:00.005	1.322344	1.320879	1.310623
00:00:00.006	1.342125	1.310623	1.326007
00:00:00.006	1.378022	1.313553	1.342125
00:00:00.006	1.386813	1.319414	1.323810
00:00:00.007	1.342125	1.316484	1.320147
00:00:00.007	1.301832	1.314286	1.309890
00:00:00.007	1.294505	1.326740	1.315018
00:00:00.008	1.290842	1.324542	1.314286
00:00:00.008	1.291575	1.317949	1.305495
00:00:00.008	1.300366	1.318681	1.314286
00:00:00.009	1.295238	1.309890	1.314286
00:00:00.009	1.306227	1.323810	1.335531
00:00:00.009	1.312088	1.320147	1.328938
00:00:00.010	1.315018	1.326007	1.311355
00:00:00.010	1.295238	1.321612	1.304029
00:00:00.011	1.291575	1.322344	1.321612
00:00:00.011	1.272527	1.315018	1.315018
00:00:00.011	1.305495	1.328205	1.315751
00:00:00.012	1.299634	1.320147	1.312821
00:00:00.012	1.315018	1.317949	1.304029
00:00:00.012	1.301832	1.309158	1.300366
00:00:00.013	1.345055	1.317949	1.311355
00:00:00.013	1.385348	1.327473	1.318681
00:00:00.013	1.312821	1.317949	1.323810
00:00:00.015	1.276923	1.310623	1.297436
00:00:00.015	1.323077	1.315751	1.332601
00:00:00.015	1.363370	1.317949	1.342857
00:00:00.017	1.388278	1.324542	1.351648
00:00:00.017	1.401465	1.320147	1.344322
00:00:00.017	1.361172	1.323077	1.342857
00:00:00.017	1.271795	1.315018	1.320879
00:00:00.017	1.230037	1.319414	1.316484
00:00:00.017	1.217582	1.323077	1.311355
00:00:00.017	1.241026	1.309158	1.312821
00:00:00.017	1.271062	1.322344	1.322344
00:00:00.018	1.372894	1.315751	1.331868
00:00:00.050	1.431502	1.326740	1.350183
00:00:00.050	1.268864	1.324542	1.320147
00:00:00.053	1.193407	1.308425	1.281319
00:00:00.053	1.302564	1.316484	1.288645
00:00:00.053	1.347985	1.321612	1.312821
00:00:00.053	1.322344	1.321612	1.331868
00:00:00.053	1.310623	1.318681	1.320147
00:00:00.053	1.302564	1.322344	1.312088
00:00:00.053	1.279121	1.317949	1.297436
00:00:00.053	1.305495	1.328205	1.306227
00:00:00.053	1.320147	1.319414	1.300366
00:00:00.054	1.332601	1.312088	1.282784
00:00:00.054	1.331136	1.315018	1.294505
00:00:00.055	1.356044	1.331136	1.358974
00:00:00.055	1.351648	1.322344	1.380952
00:00:00.055	1.363370	1.323810	1.375824
00:00:00.056	1.320147	1.312088	1.347253
00:00:00.056	1.315751	1.329670	1.329670
00:00:00.056	1.323810	1.328938	1.323077
00:00:00.058	1.295238	1.317216	1.318681
00:00:00.058	1.286447	1.305495	1.294505
00:00:00.058	1.301832	1.318681	1.301832
00:00:00.058	1.284249	1.309890	1.314286
00:00:00.058	1.311355	1.326740	1.311355
00:00:00.059	1.313553	1.321612	1.301832
00:00:00.059	1.301832	1.318681	1.312088
00:00:00.059	1.302564	1.315018	1.331868
00:00:00.060	1.296703	1.320879	1.329670
00:00:00.060	1.303297	1.325275	1.332601
00:00:00.060	1.324542	1.318681	1.341392
00:00:00.061	1.336264	1.322344	1.360440
00:00:00.061	1.319414	1.314286	1.308425
00:00:00.061	1.333333	1.325275	1.328938
00:00:00.062	1.315018	1.315751	1.301832
00:00:00.062	1.324542	1.320879	1.287912
00:00:00.062	1.317949	1.327473	1.313553
00:00:00.063	1.314286	1.322344	1.323077
00:00:00.063	1.306227	1.318681	1.313553
00:00:00.064	1.295971	1.306227	1.306227
00:00:00.064	1.297436	1.316484	1.322344
00:00:00.064	1.312088	1.323810	1.312821
00:00:00.065	1.287912	1.312088	1.307692
00:00:00.065	1.294505	1.317949	1.323077
00:00:00.065	1.315018	1.326740	1.332601
00:00:00.066	1.315751	1.322344	1.325275
00:00:00.066	1.300366	1.305495	1.304029
00:00:00.066	1.322344	1.323077	1.338462
00:00:00.067	1.337729	1.326007	1.354579
00:00:00.067	1.307692	1.317216	1.312821
00:00:00.067	1.303297	1.321612	1.306227
00:00:00.100	1.304029	1.311355	1.311355
00:00:00.100	1.311355	1.309158	1.300366
00:00:00.100	1.306227	1.316484	1.317949
00:00:00.101	1.301099	1.323810	1.315751
00:00:00.101	1.292308	1.320147	1.302564
00:00:00.101	1.309158	1.322344	1.311355
00:00:00.102	1.291575	1.307692	1.296703
00:00:00.102	1.295238	1.309890	1.290110
00:00:00.103	1.316484	1.320147	1.309158
00:00:00.103	1.369963	1.327473	1.334799
00:00:00.103	1.362637	1.316484	1.357509
00:00:00.104	1.334799	1.311355	1.323077
00:00:00.104	1.325275	1.314286	1.331868
00:00:00.104	1.321612	1.317949	1.346520
00:00:00.105	1.314286	1.325275	1.332601
00:00:00.105	1.299634	1.322344	1.338462
00:00:00.105	1.288645	1.317949	1.319414
00:00:00.106	1.294505	1.320879	1.319414
00:00:00.106	1.263004	1.326740	1.320147
00:00:00.106	1.256410	1.322344	1.304762
00:00:00.107	1.280586	1.318681	1.284982
00:00:00.107	1.310623	1.323077	1.284982
00:00:00.108	1.311355	1.311355	1.287179
00:00:00.108	1.353114	1.318681	1.295971
00:00:00.108	1.354579	1.308425	1.346520
00:00:00.110	1.377289	1.316484	1.370696
00:00:00.110	1.366300	1.326007	1.317216
00:00:00.110	1.387546	1.329670	1.349451
00:00:00.110	1.362637	1.317949	1.345788
00:00:00.110	1.323810	1.317216	1.328938
00:00:00.110	1.286447	1.317949	1.300366
00:00:00.113	1.287179	1.325275	1.304029
00:00:00.113	1.276923	1.319414	1.298901
00:00:00.113	1.281319	1.319414	1.310623
00:00:00.113	1.284982	1.309890	1.302564
00:00:00.113	1.292308	1.321612	1.314286
00:00:00.113	1.304762	1.321612	1.315018
00:00:00.113	1.307692	1.319414	1.298168
00:00:00.113	1.316484	1.320879	1.297436
00:00:00.117	1.299634	1.311355	1.305495
00:00:00.117	1.300366	1.321612	1.331136
00:00:00.117	1.317949	1.329670	1.340659
00:00:00.117	1.293773	1.322344	1.322344
00:00:00.117	1.295971	1.320879	1.340659
00:00:00.117	1.303297	1.311355	1.345055
00:00:00.117	1.309158	1.323077	1.340659
00:00:00.117	1.334066	1.318681	1.326007
00:00:00.117	1.321612	1.323077	1.292308
00:00:00.117	1.296703	1.310623	1.292308
00:00:00.117	1.284249	1.316484	1.307692
00:00:00.149	1.294505	1.320879	1.312821
00:00:00.150	1.332601	1.331868	1.329670
00:00:00.150	1.350183	1.316484	1.312821
00:00:00.151	1.355311	1.316484	1.317949
00:00:00.151	1.321612	1.317949	1.317216
00:00:00.151	1.327473	1.326007	1.331136
00:00:00.152	1.343590	1.323077	1.346520
00:00:00.152	1.309158	1.303297	1.323077
00:00:00.152	1.312821	1.319414	1.323077
00:00:00.153	1.317949	1.326740	1.317949
00:00:00.153	1.291575	1.325275	1.313553
00:00:00.153	1.301832	1.327473	1.317949
00:00:00.154	1.314286	1.311355	1.314286
00:00:00.154	1.323810	1.315751	1.320879
00:00:00.154	1.306227	1.308425	1.302564
00:00:00.155	1.307692	1.317949	1.309158
00:00:00.155	1.323810	1.320879	1.322344
00:00:00.156	1.337729	1.328205	1.334066
00:00:00.156	1.311355	1.321612	1.323810
00:00:00.156	1.293773	1.320147	1.321612
00:00:00.157	1.276923	1.317949	1.318681
00:00:00.157	1.246154	1.317216	1.323810
00:00:00.157	1.273260	1.321612	1.313553
00:00:00.158	1.309890	1.319414	1.312821
00:00:00.158	1.312088	1.317216	1.312088
00:00:00.158	1.309158	1.317216	1.307692
00:00:00.159	1.305495	1.320147	1.308425
00:00:00.159	1.303297	1.318681	1.300366
00:00:00.159	1.316484	1.320147	1.321612
00:00:00.160	1.331868	1.320147	1.330403
00:00:00.160	1.339194	1.320147	1.320879
00:00:00.161	1.386813	1.320879	1.306227
00:00:00.161	1.405861	1.323077	1.325275
00:00:00.162	1.228571	1.322344	1.358974
00:00:00.162	1.250549	1.318681	1.345055
00:00:00.162	1.312088	1.323077	1.323810
00:00:00.162	1.320147	1.319414	1.323077
00:00:00.163	1.330403	1.323810	1.308425
00:00:00.163	1.323810	1.320147	1.322344
00:00:00.163	1.317216	1.316484	1.327473
00:00:00.164	1.315018	1.317949	1.340659
00:00:00.164	1.317216	1.321612	1.336996
00:00:00.164	1.329670	1.323077	1.304029
00:00:00.165	1.345055	1.320879	1.310623
00:00:00.165	1.334799	1.309158	1.295971
00:00:00.166	1.319414	1.323810	1.311355
00:00:00.166	1.309890	1.313553	1.304762
00:00:00.166	1.315018	1.311355	1.302564
00:00:00.167	1.303297	1.318681	1.330403
00:00:00.167	1.296703	1.318681	1.336264
00:00:00.199	1.300366	1.319414	1.323810
00:00:00.200	1.304762	1.325275	1.326007
00:00:00.200	1.302564	1.323810	1.304762
00:00:00.200	1.272527	1.309158	1.295238
00:00:00.201	1.287912	1.312821	1.294505
00:00:00.201	1.297436	1.315751	1.326007
00:00:00.201	1.298901	1.320879	1.304029
00:00:00.202	1.300366	1.311355	1.286447
00:00:00.202	1.329670	1.309158	1.335531
00:00:00.202	1.371429	1.325275	1.364103
00:00:00.203	1.345055	1.331136	1.349451
00:00:00.203	1.334066	1.328205	1.323810
00:00:00.203	1.334799	1.321612	1.316484
00:00:00.204	1.315018	1.311355	1.295971
00:00:00.204	1.305495	1.312821	1.280586
00:00:00.205	1.315018	1.325275	1.298168
00:00:00.205	1.317216	1.327473	1.339194
00:00:00.205	1.320147	1.322344	1.338462
00:00:00.208	1.319414	1.326740	1.343590
00:00:00.208	1.295971	1.309890	1.315018
00:00:00.208	1.297436	1.317949	1.323810
00:00:00.209	1.300366	1.310623	1.329670
00:00:00.209	1.297436	1.312821	1.319414
00:00:00.209	1.286447	1.311355	1.313553
00:00:00.209	1.294505	1.312821	1.296703
00:00:00.209	1.295971	1.306227	1.293773
00:00:00.209	1.306960	1.317216	1.323077
00:00:00.209	1.319414	1.323810	1.332601
00:00:00.209	1.312821	1.318681	1.317949
00:00:00.213	1.329670	1.320879	1.341392
00:00:00.213	1.342857	1.319414	1.345055
00:00:00.213	1.320147	1.326007	1.311355
00:00:00.213	1.298901	1.323077	1.298901
00:00:00.213	1.298901	1.320879	1.298168
00:00:00.213	1.323810	1.319414	1.336264
00:00:00.213	1.308425	1.320147	1.342125
00:00:00.213	1.268132	1.318681	1.308425
00:00:00.213	1.235897	1.312821	1.298901
00:00:00.213	1.277656	1.327473	1.323810
00:00:00.213	1.328938	1.328205	1.325275
00:00:00.214	1.378755	1.325275	1.354579
00:00:00.214	1.375824	1.312088	1.338462
00:00:00.214	1.390476	1.320879	1.328938
00:00:00.215	1.372894	1.320147	1.319414
00:00:00.215	1.314286	1.315751	1.315751
00:00:00.215	1.304762	1.328938	1.334066
00:00:00.216	1.301832	1.317216	1.320879
00:00:00.216	1.308425	1.323077	1.312088
00:00:00.216	1.298168	1.312088	1.300366
00:00:00.217	1.294505	1.312088	1.310623
00:00:00.249	1.298901	1.320879	1.311355
00:00:00.249	1.280586	1.315018	1.309158
00:00:00.250	1.287912	1.325275	1.313553
00:00:00.250	1.287179	1.322344	1.311355
00:00:00.250	1.295971	1.316484	1.304029
00:00:00.251	1.305495	1.319414	1.315751
00:00:00.251	1.328205	1.323077	1.331868
00:00:00.251	1.334066	1.323810	1.323077
00:00:00.252	1.320879	1.315018	1.311355
00:00:00.252	1.342125	1.320879	1.320147
00:00:00.253	1.319414	1.319414	1.320879
00:00:00.253	1.289377	1.323077	1.317949
00:00:00.253	1.290110	1.315751	1.322344
00:00:00.254	1.314286	1.318681	1.326740
00:00:00.254	1.320147	1.319414	1.320879
00:00:00.254	1.320879	1.312821	1.304762
00:00:00.255	1.329670	1.319414	1.317216
00:00:00.255	1.365568	1.323077	1.323810
00:00:00.255	1.314286	1.304762	1.316484
00:00:00.256	1.303297	1.326007	1.336264
00:00:00.256	1.290110	1.324542	1.329670
00:00:00.256	1.294505	1.320147	1.305495
00:00:00.257	1.279853	1.314286	1.276190
00:00:00.257	1.282784	1.323810	1.289377
00:00:00.258	1.285714	1.317949	1.300366
00:00:00.258	1.307692	1.317216	1.295238
00:00:00.258	1.338462	1.323810	1.301832
00:00:00.259	1.346520	1.312821	1.361172
00:00:00.259	1.383150	1.329670	1.434432
00:00:00.259	1.350916	1.325275	1.385348
00:00:00.260	1.318681	1.329670	1.374359
00:00:00.260	1.319414	1.321612	1.315751
00:00:00.260	1.304029	1.322344	1.282784
00:00:00.261	1.293773	1.320879	1.293773
00:00:00.261	1.299634	1.309158	1.289377
00:00:00.262	1.302564	1.311355	1.291575
00:00:00.262	1.306960	1.324542	1.315751
00:00:00.262	1.291575	1.312088	1.326740
00:00:00.263	1.306227	1.315018	1.354579
00:00:00.263	1.339927	1.325275	1.344322
00:00:00.263	1.324542	1.313553	1.312821
00:00:00.264	1.325275	1.320879	1.303297
00:00:00.264	1.285714	1.314286	1.287912
00:00:00.264	1.297436	1.327473	1.296703
00:00:00.265	1.282784	1.312088	1.271062
00:00:00.265	1.314286	1.328938	1.312821
00:00:00.265	1.306960	1.326740	1.323810
00:00:00.266	1.311355	1.323810	1.326007
00:00:00.266	1.312088	1.324542	1.335531
00:00:00.267	1.316484	1.320147	1.339927
00:00:00.299	1.322344	1.320147	1.339194
00:00:00.299	1.324542	1.325275	1.332601
00:00:00.299	1.317949	1.323810	1.327473
00:00:00.300	1.321612	1.323810	1.312821
00:00:00.300	1.315751	1.317949	1.302564
00:00:00.301	1.322344	1.323810	1.319414
00:00:00.301	1.294505	1.311355	1.316484
00:00:00.301	1.288645	1.308425	1.306227
00:00:00.304	1.317216	1.326740	1.330403
00:00:00.304	1.320879	1.323077	1.328205
00:00:00.304	1.312088	1.315018	1.312088
00:00:00.304	1.307692	1.316484	1.321612
00:00:00.304	1.323810	1.321612	1.345788
00:00:00.304	1.327473	1.327473	1.333333
00:00:00.306	1.328938	1.323810	1.326007
00:00:00.306	1.308425	1.312088	1.311355
00:00:00.306	1.291575	1.308425	1.306960
00:00:00.306	1.279853	1.321612	1.309890
00:00:00.306	1.285714	1.324542	1.303297
00:00:00.306	1.317949	1.321612	1.294505
00:00:00.306	1.317216	1.320879	1.293040
00:00:00.306	1.304762	1.320879	1.304029
00:00:00.310	1.322344	1.321612	1.347253
00:00:00.310	1.344322	1.323077	1.406593
00:00:00.310	1.353114	1.320879	1.378022
00:00:00.310	1.334066	1.323810	1.334799
00:00:00.310	1.312088	1.317949	1.313553
00:00:00.310	1.314286	1.312088	1.293040
00:00:00.310	1.302564	1.315018	1.292308
00:00:00.310	1.312088	1.321612	1.315018
00:00:00.310	1.330403	1.323077	1.331136
00:00:00.310	1.330403	1.323810	1.312821
00:00:00.310	1.300366	1.312821	1.290110
00:00:00.311	1.270330	1.309890	1.294505
00:00:00.311	1.304762	1.327473	1.328205
00:00:00.311	1.313553	1.318681	1.325275
00:00:00.312	1.329670	1.325275	1.336996
00:00:00.312	1.321612	1.320879	1.317216
00:00:00.312	1.301832	1.313553	1.307692
00:00:00.313	1.329670	1.328938	1.322344
00:00:00.313	1.356044	1.316484	1.319414
00:00:00.313	1.367033	1.321612	1.309890
00:00:00.314	1.363370	1.316484	1.284249
00:00:00.314	1.298168	1.312821	1.307692
00:00:00.314	1.171429	1.326740	1.372894
00:00:00.315	1.191209	1.325275	1.386081
00:00:00.315	1.236630	1.320879	1.337729
00:00:00.316	1.290110	1.318681	1.309158
00:00:00.316	1.328205	1.317216	1.317216
00:00:00.316	1.347253	1.323077	1.296703
00:00:00.348	1.381685	1.331868	1.311355
00:00:00.349	1.395604	1.320147	1.300366
00:00:00.349	1.359707	1.321612	1.317949
00:00:00.351	1.333333	1.320879	1.333333
00:00:00.351	1.359707	1.324542	1.333333
00:00:00.351	1.317949	1.316484	1.307692
00:00:00.351	1.297436	1.327473	1.312821
00:00:00.351	1.301832	1.318681	1.311355
00:00:00.351	1.318681	1.324542	1.316484
00:00:00.352	1.336264	1.318681	1.313553
00:00:00.352	1.312088	1.315018	1.309158
00:00:00.352	1.279121	1.309890	1.312821
00:00:00.353	1.304762	1.326007	1.347253
00:00:00.353	1.328938	1.323810	1.341392
00:00:00.354	1.317949	1.322344	1.309890
00:00:00.354	1.301099	1.326007	1.314286
00:00:00.354	1.296703	1.313553	1.328205
00:00:00.355	1.296703	1.319414	1.334066
00:00:00.355	1.299634	1.317216	1.320879
00:00:00.355	1.304029	1.322344	1.318681
00:00:00.356	1.316484	1.324542	1.326007
00:00:00.356	1.295971	1.315751	1.313553
00:00:00.356	1.287179	1.322344	1.317949
00:00:00.357	1.294505	1.327473	1.315751
00:00:00.357	1.295238	1.319414	1.302564
00:00:00.357	1.302564	1.311355	1.300366
00:00:00.358	1.312821	1.312088	1.307692
00:00:00.358	1.344322	1.326007	1.316484
00:00:00.359	1.377289	1.323810	1.327473
00:00:00.359	1.346520	1.320147	1.317216
00:00:00.359	1.331136	1.310623	1.347253
00:00:00.360	1.317949	1.320147	1.351648
00:00:00.360	1.306960	1.325275	1.323810
00:00:00.360	1.300366	1.320147	1.300366
00:00:00.361	1.283516	1.311355	1.305495
00:00:00.361	1.285714	1.323810	1.323810
00:00:00.361	1.292308	1.327473	1.332601
00:00:00.362	1.306227	1.319414	1.323077
00:00:00.362	1.317949	1.309158	1.323077
00:00:00.362	1.308425	1.312821	1.305495
00:00:00.363	1.301832	1.315751	1.292308
00:00:00.363	1.294505	1.317216	1.257143
00:00:00.364	1.295238	1.320879	1.271062
00:00:00.364	1.293773	1.317216	1.268132
00:00:00.364	1.330403	1.324542	1.276923
00:00:00.365	1.342857	1.311355	1.305495
00:00:00.365	1.351648	1.314286	1.369963
00:00:00.365	1.363370	1.323810	1.437363
00:00:00.366	1.361172	1.321612	1.443223
00:00:00.366	1.317216	1.323077	1.347253
00:00:00.400	1.300366	1.317949	1.370696
00:00:00.400	1.320147	1.323810	1.339194
00:00:00.400	1.297436	1.320147	1.300366
00:00:00.400	1.293773	1.323077	1.288645
00:00:00.400	1.287179	1.323077	1.293040
00:00:00.400	1.296703	1.319414	1.254945
00:00:00.400	1.315751	1.320879	1.306960
00:00:00.402	1.304029	1.322344	1.329670
00:00:00.402	1.316484	1.310623	1.327473
00:00:00.402	1.328938	1.317949	1.326740
00:00:00.405	1.317949	1.325275	1.331136
00:00:00.405	1.297436	1.313553	1.316484
00:00:00.405	1.324542	1.327473	1.319414
00:00:00.405	1.312088	1.312088	1.298168
00:00:00.405	1.306227	1.312821	1.290842
00:00:00.405	1.323810	1.318681	1.293773
00:00:00.405	1.354579	1.320879	1.317216
00:00:00.405	1.336996	1.318681	1.322344
00:00:00.405	1.326740	1.320147	1.316484
00:00:00.405	1.323810	1.327473	1.329670
00:00:00.405	1.278388	1.322344	1.331868
00:00:00.406	1.300366	1.315751	1.339194
00:00:00.406	1.307692	1.317949	1.322344
00:00:00.407	1.299634	1.319414	1.315018
00:00:00.407	1.303297	1.314286	1.306960
00:00:00.407	1.323810	1.326007	1.323077
00:00:00.408	1.301832	1.312821	1.306960
00:00:00.408	1.295971	1.317216	1.316484
00:00:00.408	1.307692	1.323810	1.326007
00:00:00.409	1.315751	1.320879	1.322344
00:00:00.409	1.317216	1.315751	1.309158
00:00:00.409	1.308425	1.313553	1.296703
00:00:00.410	1.315018	1.321612	1.320879
00:00:00.410	1.321612	1.328205	1.332601
00:00:00.410	1.323077	1.321612	1.323810
00:00:00.411	1.310623	1.309890	1.319414
00:00:00.411	1.298168	1.310623	1.319414
00:00:00.412	1.304762	1.306227	1.312821
00:00:00.412	1.313553	1.316484	1.320147
00:00:00.412	1.321612	1.323810	1.317949
00:00:00.413	1.314286	1.318681	1.306227
00:00:00.413	1.323810	1.325275	1.306960
00:00:00.413	1.323810	1.325275	1.315018
00:00:00.414	1.318681	1.328205	1.328205
00:00:00.414	1.315018	1.330403	1.323810
00:00:00.414	1.309890	1.323077	1.319414
00:00:00.415	1.306227	1.319414	1.326740
00:00:00.415	1.318681	1.320147	1.319414
00:00:00.415	1.306227	1.315018	1.309890
00:00:00.416	1.310623	1.309890	1.311355
00:00:00.448	1.310623	1.317216	1.328205
00:00:00.448	1.312088	1.321612	1.323810
00:00:00.449	1.304029	1.311355	1.317949
00:00:00.449	1.318681	1.325275	1.326740
00:00:00.449	1.338462	1.323077	1.322344
00:00:00.450	1.313553	1.318681	1.321612
00:00:00.450	1.315751	1.325275	1.320879
00:00:00.451	1.314286	1.324542	1.325275
00:00:00.451	1.320879	1.324542	1.327473
00:00:00.451	1.303297	1.312088	1.315751
00:00:00.452	1.319414	1.323077	1.327473
00:00:00.452	1.312088	1.317216	1.317216
00:00:00.452	1.311355	1.315018	1.304762
00:00:00.453	1.311355	1.322344	1.302564
00:00:00.453	1.311355	1.322344	1.301099
00:00:00.453	1.298901	1.312821	1.297436
00:00:00.454	1.317949	1.323810	1.315018
00:00:00.455	1.303297	1.314286	1.322344
00:00:00.455	1.317216	1.314286	1.318681
00:00:00.455	1.312821	1.321612	1.356044
00:00:00.455	1.306227	1.314286	1.350916
00:00:00.456	1.288645	1.317949	1.314286
00:00:00.456	1.305495	1.317949	1.303297
00:00:00.456	1.310623	1.306960	1.312088
00:00:00.457	1.326007	1.318681	1.312088
00:00:00.457	1.310623	1.315751	1.312821
00:00:00.457	1.332601	1.326007	1.329670
00:00:00.458	1.325275	1.316484	1.326740
00:00:00.458	1.314286	1.320879	1.321612
00:00:00.458	1.301832	1.327473	1.352381
00:00:00.459	1.283516	1.323077	1.334066
00:00:00.459	1.361905	1.324542	1.339927
00:00:00.459	1.397070	1.317949	1.310623
00:00:00.460	1.249084	1.311355	1.274725
00:00:00.460	1.295238	1.317216	1.284249
00:00:00.461	1.332601	1.312821	1.291575
00:00:00.461	1.287912	1.326740	1.334066
00:00:00.461	1.279121	1.320147	1.312821
00:00:00.463	1.267399	1.324542	1.280586
00:00:00.463	1.290842	1.313553	1.271795
00:00:00.463	1.331868	1.319414	1.309890
00:00:00.463	1.350183	1.323077	1.329670
00:00:00.463	1.361905	1.315751	1.356777
00:00:00.463	1.397802	1.317216	1.386813
00:00:00.466	1.356044	1.326007	1.405128
00:00:00.466	1.298901	1.312821	1.354579
00:00:00.466	1.283516	1.320147	1.316484
00:00:00.466	1.294505	1.324542	1.296703
00:00:00.466	1.290842	1.322344	1.290842
00:00:00.466	1.280586	1.323077	1.298168
00:00:00.498	1.295238	1.320879	1.287912
00:00:00.498	1.296703	1.316484	1.279853
00:00:00.498	1.320879	1.320879	1.300366
00:00:00.502	1.344322	1.320879	1.332601
00:00:00.502	1.340659	1.314286	1.350183
00:00:00.502	1.352381	1.324542	1.375824
00:00:00.502	1.311355	1.319414	1.345788
00:00:00.502	1.304762	1.320147	1.312088
00:00:00.502	1.271062	1.305495	1.298901
00:00:00.502	1.293773	1.310623	1.291575
00:00:00.502	1.304762	1.312821	1.303297
00:00:00.502	1.320147	1.320879	1.306227
00:00:00.502	1.331868	1.326007	1.325275
00:00:00.502	1.336996	1.317216	1.329670
00:00:00.503	1.314286	1.309158	1.313553
00:00:00.503	1.294505	1.317949	1.317949
00:00:00.503	1.306227	1.325275	1.315751
00:00:00.504	1.302564	1.318681	1.311355
00:00:00.504	1.295971	1.306960	1.300366
00:00:00.505	1.287179	1.317216	1.317216
00:00:00.505	1.283516	1.312821	1.310623
00:00:00.505	1.328205	1.323810	1.328938
00:00:00.506	1.316484	1.319414	1.316484
00:00:00.506	1.315018	1.330403	1.326740
00:00:00.507	1.335531	1.323077	1.320879
00:00:00.507	1.322344	1.317949	1.322344
00:00:00.507	1.315751	1.319414	1.323810
00:00:00.507	1.311355	1.317216	1.323077
00:00:00.508	1.327473	1.327473	1.334066
00:00:00.508	1.315751	1.322344	1.304029
00:00:00.509	1.303297	1.312088	1.296703
00:00:00.509	1.315018	1.324542	1.323077
00:00:00.509	1.311355	1.321612	1.316484
00:00:00.510	1.307692	1.312821	1.312821
00:00:00.510	1.301832	1.312821	1.319414
00:00:00.510	1.301099	1.314286	1.313553
00:00:00.511	1.306227	1.330403	1.322344
00:00:00.511	1.299634	1.323810	1.313553
00:00:00.511	1.317216	1.320147	1.325275
00:00:00.512	1.340659	1.315018	1.331136
00:00:00.512	1.319414	1.312821	1.304762
00:00:00.512	1.319414	1.312088	1.316484
00:00:00.513	1.307692	1.323077	1.309890
00:00:00.513	1.311355	1.326740	1.329670
00:00:00.514	1.326007	1.311355	1.341392
00:00:00.514	1.326740	1.317216	1.346520
00:00:00.514	1.318681	1.327473	1.338462
00:00:00.515	1.310623	1.328938	1.322344
00:00:00.515	1.310623	1.324542	1.335531
00:00:00.515	1.302564	1.317949	1.320879
00:00:00.548	1.309158	1.323810	1.334799
00:00:00.548	1.300366	1.312088	1.328205
00:00:00.548	1.304029	1.314286	1.315018
00:00:00.549	1.319414	1.321612	1.321612
00:00:00.549	1.306227	1.319414	1.310623
00:00:00.549	1.285714	1.312088	1.304762
00:00:00.550	1.275458	1.306227	1.299634
00:00:00.550	1.320147	1.326740	1.319414
00:00:00.550	1.320879	1.320147	1.314286
00:00:00.551	1.320147	1.307692	1.293040
00:00:00.551	1.323810	1.305495	1.281319
00:00:00.551	1.341392	1.324542	1.310623
00:00:00.552	1.340659	1.323810	1.323077
00:00:00.552	1.325275	1.320147	1.314286
00:00:00.553	1.326740	1.312088	1.339194
00:00:00.553	1.342125	1.317949	1.342857
00:00:00.553	1.331136	1.324542	1.346520
00:00:00.554	1.309158	1.324542	1.309158
00:00:00.554	1.253480	1.319414	1.283516
00:00:00.554	1.264469	1.309158	1.308425
00:00:00.555	1.303297	1.315751	1.335531
00:00:00.555	1.312821	1.318681	1.332601
00:00:00.555	1.323810	1.326740	1.320147
00:00:00.556	1.329670	1.315751	1.320879
00:00:00.556	1.344322	1.311355	1.315018
00:00:00.556	1.331868	1.313553	1.310623
00:00:00.557	1.313553	1.317216	1.317949
00:00:00.557	1.306960	1.323810	1.327473
00:00:00.559	1.300366	1.323810	1.327473
00:00:00.559	1.302564	1.323077	1.299634
00:00:00.559	1.285714	1.312088	1.271062
00:00:00.559	1.291575	1.314286	1.305495
00:00:00.559	1.256410	1.313553	1.318681
00:00:00.559	1.241758	1.331136	1.333333
00:00:00.561	1.284982	1.323810	1.325275
00:00:00.561	1.317949	1.315751	1.311355
00:00:00.561	1.348718	1.312088	1.342857
00:00:00.562	1.377289	1.317216	1.344322
00:00:00.562	1.427106	1.324542	1.346520
00:00:00.562	1.413187	1.328205	1.347253
00:00:00.562	1.327473	1.317216	1.314286
00:00:00.562	1.249817	1.315018	1.312088
00:00:00.566	1.279853	1.317949	1.311355
00:00:00.566	1.303297	1.317216	1.294505
00:00:00.566	1.308425	1.317949	1.300366
00:00:00.566	1.301832	1.320147	1.315751
00:00:00.566	1.298901	1.317216	1.306227
00:00:00.566	1.328205	1.320147	1.317949
00:00:00.566	1.345055	1.323810	1.317949
00:00:00.566	1.287912	1.320147	1.295238
00:00:00.598	1.269597	1.319414	1.293773
00:00:00.598	1.300366	1.321612	1.314286
00:00:00.598	1.306227	1.321612	1.323810
00:00:00.598	1.295971	1.315018	1.332601
00:00:00.599	1.276923	1.320147	1.323810
00:00:00.599	1.282784	1.313553	1.364103
00:00:00.599	1.338462	1.323077	1.373626
00:00:00.600	1.359707	1.323077	1.343590
00:00:00.600	1.355311	1.313553	1.323077
00:00:00.600	1.390476	1.323810	1.323810
00:00:00.601	1.352381	1.309890	1.318681
00:00:00.601	1.318681	1.321612	1.336996
00:00:00.602	1.305495	1.309158	1.311355
00:00:00.602	1.299634	1.320147	1.298901
00:00:00.602	1.320147	1.323077	1.300366
00:00:00.603	1.195604	1.319414	1.297436
00:00:00.603	1.231502	1.310623	1.291575
00:00:00.603	1.294505	1.327473	1.323810
00:00:00.604	1.293040	1.319414	1.309158
00:00:00.604	1.295971	1.317216	1.319414
00:00:00.604	1.344322	1.317216	1.318681
00:00:00.605	1.367033	1.327473	1.332601
00:00:00.605	1.374359	1.326740	1.338462
00:00:00.606	1.347985	1.324542	1.330403
00:00:00.606	1.314286	1.317216	1.321612
00:00:00.606	1.305495	1.320879	1.315751
00:00:00.607	1.308425	1.331136	1.326007
00:00:00.607	1.284249	1.320879	1.307692
00:00:00.607	1.291575	1.307692	1.295971
00:00:00.608	1.288645	1.307692	1.310623
00:00:00.608	1.298901	1.328938	1.309158
00:00:00.608	1.320879	1.327473	1.331136
00:00:00.609	1.328205	1.323077	1.331868
00:00:00.609	1.340659	1.324542	1.363370
00:00:00.609	1.312088	1.312821	1.341392
00:00:00.610	1.314286	1.310623	1.315751
00:00:00.610	1.337729	1.317949	1.302564
00:00:00.611	1.350183	1.326007	1.311355
00:00:00.612	1.326740	1.331868	1.318681
00:00:00.612	1.300366	1.314286	1.306960
00:00:00.612	1.287179	1.312821	1.315018
00:00:00.612	1.295238	1.320879	1.317949
00:00:00.612	1.314286	1.323810	1.319414
00:00:00.613	1.313553	1.317216	1.308425
00:00:00.613	1.312088	1.328205	1.323077
00:00:00.613	1.301099	1.311355	1.320879
00:00:00.614	1.299634	1.311355	1.320147
00:00:00.614	1.312088	1.320879	1.323810
00:00:00.614	1.307692	1.320147	1.309890
00:00:00.615	1.314286	1.317216	1.315018
00:00:00.647	1.300366	1.314286	1.320147
00:00:00.647	1.303297	1.309890	1.300366
00:00:00.648	1.295971	1.313553	1.315018
00:00:00.648	1.296703	1.314286	1.310623
00:00:00.648	1.300366	1.315018	1.310623
00:00:00.649	1.315018	1.326740	1.321612
00:00:00.649	1.326740	1.326007	1.339927
00:00:00.650	1.344322	1.312821	1.353846
00:00:00.650	1.302564	1.302564	1.305495
00:00:00.650	1.320147	1.323077	1.303297
00:00:00.651	1.337729	1.324542	1.320879
00:00:00.651	1.315751	1.319414	1.335531
00:00:00.651	1.291575	1.320879	1.323077
00:00:00.652	1.278388	1.309890	1.309890
00:00:00.652	1.313553	1.323810	1.349451
00:00:00.652	1.317949	1.319414	1.300366
00:00:00.653	1.312088	1.322344	1.288645
00:00:00.653	1.316484	1.326007	1.297436
00:00:00.653	1.328938	1.320147	1.339194
00:00:00.654	1.327473	1.324542	1.343590
00:00:00.654	1.313553	1.315751	1.317949
00:00:00.658	1.315018	1.322344	1.334799
00:00:00.658	1.309158	1.312088	1.336996
00:00:00.658	1.343590	1.317949	1.336264
00:00:00.658	1.356044	1.323810	1.339194
00:00:00.658	1.329670	1.323810	1.305495
00:00:00.658	1.297436	1.316484	1.294505
00:00:00.658	1.294505	1.320879	1.309158
00:00:00.658	1.290842	1.315751	1.309158
00:00:00.658	1.276923	1.321612	1.307692
00:00:00.658	1.284982	1.326007	1.327473
00:00:00.658	1.247619	1.315751	1.323810
00:00:00.658	1.241758	1.323077	1.339194
00:00:00.662	1.285714	1.317949	1.325275
00:00:00.662	1.379487	1.317949	1.319414
00:00:00.662	1.450549	1.320879	1.289377
00:00:00.662	1.411722	1.315751	1.292308
00:00:00.662	1.386081	1.312088	1.341392
00:00:00.662	1.329670	1.313553	1.320879
00:00:00.662	1.266667	1.312821	1.317216
00:00:00.662	1.218315	1.315018	1.310623
00:00:00.662	1.254212	1.319414	1.309158
00:00:00.662	1.288645	1.310623	1.309890
00:00:00.662	1.300366	1.319414	1.328938
00:00:00.663	1.323810	1.310623	1.320879
00:00:00.664	1.343590	1.309158	1.345055
00:00:00.664	1.320147	1.312088	1.355311
00:00:00.664	1.326740	1.325275	1.331136
00:00:00.664	1.291575	1.317949	1.300366
00:00:00.665	1.288645	1.312821	1.269597
