t_ns,ch1_V,ch2_V,ch3_V
0,0.500000,1.500000,2.500000
3157400,0.500000,1.500000,2.500000
4541200,0.500000,1.500000,2.500000
6049900,0.500000,1.500000,2.500000
7591400,0.500000,1.500000,2.500000
9873400,0.500000,1.500000,2.500000
11455900,0.500000,1.500000,2.500000
12772100,0.500000,1.500000,2.500000
14452000,0.500000,1.500000,2.500000
19187700,0.500000,1.500000,2.500000
20756300,0.500000,1.500000,2.500000
21846400,0.500000,1.500000,2.500000
23409900,0.500000,1.500000,2.500000
25528700,0.500000,1.500000,2.500000
28106900,0.500000,1.500000,2.500000
32937200,0.500000,1.500000,2.500000
35885900,0.500000,1.500000,2.500000
36939400,0.500000,1.500000,2.500000
40934300,0.500000,1.500000,2.500000
41990500,0.500000,1.500000,2.500000
43536900,0.500000,1.500000,2.500000
45139600,0.500000,1.500000,2.500000
46691600,0.500000,1.500000,2.500000
48284200,0.500000,1.500000,2.500000
50020400,0.500000,1.500000,2.500000
51364400,0.500000,1.500000,2.500000
52907900,0.500000,1.500000,2.500000
54444900,0.500000,1.500000,2.500000
56037400,0.500000,1.500000,2.500000
57573800,0.500000,1.500000,2.500000
59118100,0.500000,1.500000,2.500000
60689300,0.500000,1.500000,2.500000
62756700,0.500000,1.500000,2.500000
63859200,0.500000,1.500000,2.500000
65408700,0.500000,1.500000,2.500000
66945000,0.500000,1.500000,2.500000
68458900,0.500000,1.500000,2.500000
69991600,0.500000,1.500000,2.500000
71576300,0.500000,1.500000,2.500000
73206400,0.500000,1.500000,2.500000
74784900,0.500000,1.500000,2.500000
76731900,0.500000,1.500000,2.500000
79968900,0.500000,1.500000,2.500000
81248900,0.500000,1.500000,2.500000
83280600,0.500000,1.500000,2.500000
85387800,0.500000,1.500000,2.500000
90980700,0.500000,1.500000,2.500000
92043100,0.500000,1.500000,2.500000
95748300,0.500000,1.500000,2.500000
97342200,0.500000,1.500000,2.500000
102790900,0.500000,1.500000,2.500000
104019500,0.500000,1.500000,2.500000
105688400,0.500000,1.500000,2.500000
109472200,0.500000,1.500000,2.500000
111143500,0.500000,1.500000,2.500000
113655799,0.500000,1.500000,2.500000
114867900,0.500000,1.500000,2.500000
117089600,0.500000,1.500000,2.500000
118188899,0.500000,1.500000,2.500000
119863500,0.500000,1.500000,2.500000
121295400,0.500000,1.500000,2.500000
123122400,0.500000,1.500000,2.500000
130498400,0.500000,1.500000,2.500000
133384100,0.500000,1.500000,2.500000
134643100,0.500000,1.500000,2.500000
139539200,0.500000,1.500000,2.500000
140643700,0.500000,1.500000,2.500000
144091100,0.500000,1.500000,2.500000
146328000,0.500000,1.500000,2.500000
147672600,0.500000,1.500000,2.500000
149294100,0.500000,1.500000,2.500000
150860900,0.500000,1.500000,2.500000
152404100,0.500000,1.500000,2.500000
153931900,0.500000,1.500000,2.500000
155458799,0.500000,1.500000,2.500000
156988599,0.500000,1.500000,2.500000
158515800,0.500000,1.500000,2.500000
160056700,0.500000,1.500000,2.500000
161622600,0.500000,1.500000,2.500000
163195400,0.500000,1.500000,2.500000
164820100,0.500000,1.500000,2.500000
166804100,0.500000,1.500000,2.500000
170126900,0.500000,1.500000,2.500000
171645000,0.500000,1.500000,2.500000
173965900,0.500000,1.500000,2.500000
176479100,0.500000,1.500000,2.500000
182854400,0.500000,1.500000,2.500000
183928700,0.500000,1.500000,2.500000
189173700,0.500000,1.500000,2.500000
190220200,0.500000,1.500000,2.500000
194865100,0.500000,1.500000,2.500000
196191700,0.500000,1.500000,2.500000
198980600,0.500000,1.500000,2.500000
200652400,0.500000,1.500000,2.500000
202576300,0.500000,1.500000,2.500000
203634200,0.500000,1.500000,2.500000
205590900,0.500000,1.500000,2.500000
207444700,0.500000,1.500000,2.500000
210997100,0.500000,1.500000,2.500000
212552100,0.500000,1.500000,2.500000
217816399,0.500000,1.500000,2.500000
222622700,0.500000,1.500000,2.500000
224225400,0.500000,1.500000,2.500000
227251000,0.500000,1.500000,2.500000
228342600,0.500000,1.500000,2.500000
229912900,0.500000,1.500000,2.500000
231947600,0.500000,1.500000,2.500000
233134500,0.500000,1.500000,2.500000
234681000,0.500000,1.500000,2.500000
236217000,0.500000,1.500000,2.500000
237748999,0.500000,1.500000,2.500000
239285499,0.500000,1.500000,2.500000
240839600,0.500000,1.500000,2.500000
241890200,0.500000,1.500000,2.500000
243521399,0.500000,1.500000,2.500000
245075099,0.500000,1.500000,2.500000
246613400,0.500000,1.500000,2.500000
248193500,0.500000,1.500000,2.500000
249734900,0.500000,1.500000,2.500000
251822500,0.500000,1.500000,2.500000
253365700,0.500000,1.500000,2.500000
254899900,0.500000,1.500000,2.500000
256435000,0.500000,1.500000,2.500000
257986900,0.500000,1.500000,2.500000
259832700,0.500000,1.500000,2.500000
262246000,0.500000,1.500000,2.500000
264602000,0.500000,1.500000,2.500000
267099000,0.500000,1.500000,2.500000
268470900,0.500000,1.500000,2.500000
272774500,0.500000,1.500000,2.500000
277492300,0.500000,1.500000,2.500000
278556100,0.500000,1.500000,2.500000
280109100,0.500000,1.500000,2.500000
283774800,0.500000,1.500000,2.500000
284863700,0.500000,1.500000,2.500000
288279200,0.500000,1.500000,2.500000
290019100,0.500000,1.500000,2.500000
291379700,0.500000,1.500000,2.500000
292890000,0.500000,1.500000,2.500000
294479300,0.500000,1.500000,2.500000
296044800,0.500000,1.500000,2.500000
297099900,0.500000,1.500000,2.500000
298639500,0.500000,1.500000,2.500000
300192700,0.500000,1.500000,2.500000
301725299,0.500000,1.500000,2.500000
303273000,0.500000,1.500000,2.500000
304817700,0.500000,1.500000,2.500000
306432800,0.500000,1.500000,2.500000
308891900,0.500000,1.500000,2.500000
310123300,0.500000,1.500000,2.500000
312394100,0.500000,1.500000,2.500000
317145300,0.500000,1.500000,2.500000
318225200,0.500000,1.500000,2.500000
320719600,0.500000,1.500000,2.500000
323358800,0.500000,1.500000,2.500000
329376900,0.500000,1.500000,2.500000
330445900,0.500000,1.500000,2.500000
333126500,0.500000,1.500000,2.500000
337760500,0.500000,1.500000,2.500000
340146000,0.500000,1.500000,2.500000
341355800,0.500000,1.500000,2.500000
343650000,0.500000,1.500000,2.500000
344706300,0.500000,1.500000,2.500000
346680900,0.500000,1.500000,2.500000
348888900,0.500000,1.500000,2.500000
353419300,0.500000,1.500000,2.500000
354494900,0.500000,1.500000,2.500000
357543100,0.500000,1.500000,2.500000
361894200,0.500000,1.500000,2.500000
362961300,0.500000,1.500000,2.500000
365753500,0.500000,1.500000,2.500000
367352799,0.500000,1.500000,2.500000
368521100,0.500000,1.500000,2.500000
370067900,0.500000,1.500000,2.500000
371594000,0.500000,1.500000,2.500000
373138700,0.500000,1.500000,2.500000
374678300,0.500000,1.500000,2.500000
376207200,0.500000,1.500000,2.500000
377761200,0.500000,1.500000,2.500000
379307100,0.500000,1.500000,2.500000
380865200,0.500000,1.500000,2.500000
382454700,0.500000,1.500000,2.500000
383508600,0.500000,1.500000,2.500000
385065300,0.500000,1.500000,2.500000
386601100,0.500000,1.500000,2.500000
388127900,0.500000,1.500000,2.500000
389665700,0.500000,1.500000,2.500000
391211800,0.500000,1.500000,2.500000
392759800,0.500000,1.500000,2.500000
394309200,0.500000,1.500000,2.500000
395860800,0.500000,1.500000,2.500000
397404800,0.500000,1.500000,2.500000
399031100,0.500000,1.500000,2.500000
400666300,0.500000,1.500000,2.500000
401743900,0.500000,1.500000,2.500000
405929700,0.500000,1.500000,2.500000
407286200,0.500000,1.500000,2.500000
409543600,0.500000,1.500000,2.500000
413141000,0.500000,1.500000,2.500000
416611500,0.500000,1.500000,2.500000
421068499,0.500000,1.500000,2.500000
423664300,0.500000,1.500000,2.500000
425166500,0.500000,1.500000,2.500000
426693100,0.500000,1.500000,2.500000
428194100,0.500000,1.500000,2.500000
429448900,0.500000,1.500000,2.500000
431041000,0.500000,1.500000,2.500000
432585400,0.500000,1.500000,2.500000
434121100,0.500000,1.500000,2.500000
435649000,0.500000,1.500000,2.500000
437177900,0.500000,1.500000,2.500000
438706000,0.500000,1.500000,2.500000
440232800,0.500000,1.500000,2.500000
442361400,0.500000,1.500000,2.500000
443895100,0.500000,1.500000,2.500000
445429200,0.500000,1.500000,2.500000
447050200,0.500000,1.500000,2.500000
450140600,0.500000,1.500000,2.500000
451231800,0.500000,1.500000,2.500000
452789400,0.500000,1.500000,2.500000
454594000,0.500000,1.500000,2.500000
457596800,0.500000,1.500000,2.500000
461281500,0.500000,1.500000,2.500000
462644600,0.500000,1.500000,2.500000
465730400,0.500000,1.500000,2.500000
467312100,0.500000,1.500000,2.500000
468860799,0.500000,1.500000,2.500000
470453900,0.500000,1.500000,2.500000
471994500,0.500000,1.500000,2.500000
473521600,0.500000,1.500000,2.500000
475049900,0.500000,1.500000,2.500000
476572500,0.500000,1.500000,2.500000
478258000,0.500000,1.500000,2.500000
479483700,0.500000,1.500000,2.500000
482147800,0.500000,1.500000,2.500000
484169200,0.500000,1.500000,2.500000
485383100,0.500000,1.500000,2.500000
488031900,0.500000,1.500000,2.500000
491583300,0.500000,1.500000,2.500000
496618900,0.500000,1.500000,2.500000
499168000,0.500000,1.500000,2.500000
501607400,0.500000,1.500000,2.500000
502656399,0.500000,1.500000,2.500000
504195600,0.500000,1.500000,2.500000
505719700,0.500000,1.500000,2.500000
507240700,0.500000,1.500000,2.500000
508781500,0.500000,1.500000,2.500000
510524400,0.500000,1.500000,2.500000
512074700,0.500000,1.500000,2.500000
513663500,0.500000,1.500000,2.500000
515209400,0.500000,1.500000,2.500000
516747600,0.500000,1.500000,2.500000
517989400,0.500000,1.500000,2.500000
519513100,0.500000,1.500000,2.500000
521047800,0.500000,1.500000,2.500000
522226600,0.500000,1.500000,2.500000
523762900,0.500000,1.500000,2.500000
524976800,0.500000,1.500000,2.500000
526559500,0.500000,1.500000,2.500000
528654600,0.500000,1.500000,2.500000
530454100,0.500000,1.500000,2.500000
531831400,0.500000,1.500000,2.500000
534520300,0.500000,1.500000,2.500000
537885600,0.500000,1.500000,2.500000
542019500,0.500000,1.500000,2.500000
543186800,0.500000,1.500000,2.500000
547260800,0.500000,1.500000,2.500000
548815300,0.500000,1.500000,2.500000
550585700,0.500000,1.500000,2.500000
552172800,0.500000,1.500000,2.500000
553712000,0.500000,1.500000,2.500000
555237200,0.500000,1.500000,2.500000
556759400,0.500000,1.500000,2.500000
558386900,0.500000,1.500000,2.500000
559915200,0.500000,1.500000,2.500000
561332800,0.500000,1.500000,2.500000
562885400,0.500000,1.500000,2.500000
564418800,0.500000,1.500000,2.500000
565935900,0.500000,1.500000,2.500000
567455100,0.500000,1.500000,2.500000
568960600,0.500000,1.500000,2.500000
570500100,0.500000,1.500000,2.500000
572028100,0.500000,1.500000,2.500000
573592400,0.500000,1.500000,2.500000
575497000,0.500000,1.500000,2.500000
579654600,0.500000,1.500000,2.500000
581412300,0.500000,1.500000,2.500000
582834600,0.500000,1.500000,2.500000
584692600,0.500000,1.500000,2.500000
587921700,0.500000,1.500000,2.500000
591925300,0.500000,1.500000,2.500000
596214100,0.500000,1.500000,2.500000
598587200,0.500000,1.500000,2.500000
599629200,0.500000,1.500000,2.500000
601161600,0.500000,1.500000,2.500000
602698700,0.500000,1.500000,2.500000
604266500,0.500000,1.500000,2.500000
605800500,0.500000,1.500000,2.500000
607341800,0.500000,1.500000,2.500000
608875500,0.500000,1.500000,2.500000
610412200,0.500000,1.500000,2.500000
611980900,0.500000,1.500000,2.500000
613520600,0.500000,1.500000,2.500000
615172000,0.500000,1.500000,2.500000
616689200,0.500000,1.500000,2.500000
618205800,0.500000,1.500000,2.500000
619831900,0.500000,1.500000,2.500000
620931200,0.500000,1.500000,2.500000
623104500,0.500000,1.500000,2.500000
624164000,0.500000,1.500000,2.500000
626827300,0.500000,1.500000,2.500000
631307000,0.500000,1.500000,2.500000
635009500,0.500000,1.500000,2.500000
637699400,0.500000,1.500000,2.500000
639825700,0.500000,1.500000,2.500000
641256200,0.500000,1.500000,2.500000
642798700,0.500000,1.500000,2.500000
644629600,0.500000,1.500000,2.500000
645676100,0.500000,1.500000,2.500000
647211300,0.500000,1.500000,2.500000
648735599,0.500000,1.500000,2.500000
650407300,0.500000,1.500000,2.500000
651798500,0.500000,1.500000,2.500000
653350800,0.500000,1.500000,2.500000
654883400,0.500000,1.500000,2.500000
656409600,0.500000,1.500000,2.500000
657930500,0.500000,1.500000,2.500000
659463600,0.500000,1.500000,2.500000
661246600,0.500000,1.500000,2.500000
662564600,0.500000,1.500000,2.500000
664102300,0.500000,1.500000,2.500000
665653000,0.500000,1.500000,2.500000
667229000,0.500000,1.500000,2.500000
668774400,0.500000,1.500000,2.500000
670634000,0.500000,1.500000,2.500000
671987600,0.500000,1.500000,2.500000
674891400,0.500000,1.500000,2.500000
678634000,0.500000,1.500000,2.500000
679756500,0.500000,1.500000,2.500000
684125800,0.500000,1.500000,2.500000
685611200,0.500000,1.500000,2.500000
688302000,0.500000,1.500000,2.500000
690688300,0.500000,1.500000,2.500000
691889200,0.500000,1.500000,2.500000
693424500,0.500000,1.500000,2.500000
694971500,0.500000,1.500000,2.500000
696725200,0.500000,1.500000,2.500000
698335600,0.500000,1.500000,2.500000
699871600,0.500000,1.500000,2.500000
701408600,0.500000,1.500000,2.500000
702949200,0.500000,1.500000,2.500000
704491900,0.500000,1.500000,2.500000
706028900,0.500000,1.500000,2.500000
707569500,0.500000,1.500000,2.500000
709106900,0.500000,1.500000,2.500000
710640800,0.500000,1.500000,2.500000
712230500,0.500000,1.500000,2.500000
713772900,0.500000,1.500000,2.500000
715502099,0.500000,1.500000,2.500000
717776400,0.500000,1.500000,2.500000
719134400,0.500000,1.500000,2.500000
721744700,0.500000,1.500000,2.500000
723998700,0.500000,1.500000,2.500000
727942000,0.500000,1.500000,2.500000
729124500,0.500000,1.500000,2.500000
733129500,0.500000,1.500000,2.500000
734277600,0.500000,1.500000,2.500000
736383100,0.500000,1.500000,2.500000
737433300,0.500000,1.500000,2.500000
738989700,0.500000,1.500000,2.500000
740549600,0.500000,1.500000,2.500000
742101100,0.500000,1.500000,2.500000
743702300,0.500000,1.500000,2.500000
745246900,0.500000,1.500000,2.500000
746904600,0.500000,1.500000,2.500000
748449000,0.500000,1.500000,2.500000
750004300,0.500000,1.500000,2.500000
751580900,0.500000,1.500000,2.500000
753120400,0.500000,1.500000,2.500000
754662800,0.500000,1.500000,2.500000
756203800,0.500000,1.500000,2.500000
757739300,0.500000,1.500000,2.500000
759371300,0.500000,1.500000,2.500000
761097200,0.500000,1.500000,2.500000
762698300,0.500000,1.500000,2.500000
765523000,0.500000,1.500000,2.500000
767086100,0.500000,1.500000,2.500000
770002700,0.500000,1.500000,2.500000
774384100,0.500000,1.500000,2.500000
779420900,0.500000,1.500000,2.500000
782931000,0.500000,1.500000,2.500000
785802700,0.500000,1.500000,2.500000
786861500,0.500000,1.500000,2.500000
788401300,0.500000,1.500000,2.500000
790047400,0.500000,1.500000,2.500000
791220600,0.500000,1.500000,2.500000
792815700,0.500000,1.500000,2.500000
794463400,0.500000,1.500000,2.500000
796032100,0.500000,1.500000,2.500000
797458500,0.500000,1.500000,2.500000
798995000,0.500000,1.500000,2.500000
800539900,0.500000,1.500000,2.500000
802081699,0.500000,1.500000,2.500000
803624800,0.500000,1.500000,2.500000
805243599,0.500000,1.500000,2.500000
806848899,0.500000,1.500000,2.500000
808409500,0.500000,1.500000,2.500000
810055600,0.500000,1.500000,2.500000
813385800,0.500000,1.500000,2.500000
814496300,0.500000,1.500000,2.500000
817451500,0.500000,1.500000,2.500000
821338100,0.500000,1.500000,2.500000
822908600,0.500000,1.500000,2.500000
826305300,0.500000,1.500000,2.500000
829808300,0.500000,1.500000,2.500000
832599500,0.500000,1.500000,2.500000
833689400,0.500000,1.500000,2.500000
834933900,0.500000,1.500000,2.500000
836546500,0.500000,1.500000,2.500000
838130100,0.500000,1.500000,2.500000
839682800,0.500000,1.500000,2.500000
841228000,0.500000,1.500000,2.500000
842762800,0.500000,1.500000,2.500000
844438600,0.500000,1.500000,2.500000
845982600,0.500000,1.500000,2.500000
847531300,0.500000,1.500000,2.500000
849076100,0.500000,1.500000,2.500000
850641000,0.500000,1.500000,2.500000
852336100,0.500000,1.500000,2.500000
853904000,0.500000,1.500000,2.500000
855386400,0.500000,1.500000,2.500000
857251200,0.500000,1.500000,2.500000
858598400,0.500000,1.500000,2.500000
860412600,0.500000,1.500000,2.500000
862946900,0.500000,1.500000,2.500000
866036800,0.500000,1.500000,2.500000
869287000,0.500000,1.500000,2.500000
870363900,0.500000,1.500000,2.500000
873386400,0.500000,1.500000,2.500000
874458300,0.500000,1.500000,2.500000
876275800,0.500000,1.500000,2.500000
877825200,0.500000,1.500000,2.500000
880579500,0.500000,1.500000,2.500000
882136899,0.500000,1.500000,2.500000
883971400,0.500000,1.500000,2.500000
885343900,0.500000,1.500000,2.500000
886891500,0.500000,1.500000,2.500000
888431300,0.500000,1.500000,2.500000
889970900,0.500000,1.500000,2.500000
891489900,0.500000,1.500000,2.500000
893027600,0.500000,1.500000,2.500000
894572600,0.500000,1.500000,2.500000
896295200,0.500000,1.500000,2.500000
897833700,0.500000,1.500000,2.500000
899426700,0.500000,1.500000,2.500000
900985899,0.500000,1.500000,2.500000
902458800,0.500000,1.500000,2.500000
904229500,0.500000,1.500000,2.500000
906401899,0.500000,1.500000,2.500000
907469100,0.500000,1.500000,2.500000
911883800,0.500000,1.500000,2.500000
916335000,0.500000,1.500000,2.500000
920956000,0.500000,1.500000,2.500000
922055800,0.500000,1.500000,2.500000
923915800,0.500000,1.500000,2.500000
924986199,0.500000,1.500000,2.500000
926545900,0.500000,1.500000,2.500000
927842200,0.500000,1.500000,2.500000
928931900,0.500000,1.500000,2.500000
930640400,0.500000,1.500000,2.500000
932445700,0.500000,1.500000,2.500000
933988900,0.500000,1.500000,2.500000
935526900,0.500000,1.500000,2.500000
937066600,0.500000,1.500000,2.500000
938618800,0.500000,1.500000,2.500000
940177600,0.500000,1.500000,2.500000
941690100,0.500000,1.500000,2.500000
943231600,0.500000,1.500000,2.500000
944768500,0.500000,1.500000,2.500000
946367200,0.500000,1.500000,2.500000
947907800,0.500000,1.500000,2.500000
949606200,0.500000,1.500000,2.500000
951659199,0.500000,1.500000,2.500000
954286500,0.500000,1.500000,2.500000
955885900,0.500000,1.500000,2.500000
958734600,0.500000,1.500000,2.500000
962002400,0.500000,1.500000,2.500000
963075900,0.500000,1.500000,2.500000
967059800,0.500000,1.500000,2.500000
968147000,0.500000,1.500000,2.500000
971800900,0.500000,1.500000,2.500000
972875700,0.500000,1.500000,2.500000
975813500,0.500000,1.500000,2.500000
977758200,0.500000,1.500000,2.500000
978870099,0.500000,1.500000,2.500000
980438500,0.500000,1.500000,2.500000
982160300,0.500000,1.500000,2.500000
983635900,0.500000,1.500000,2.500000
985173500,0.500000,1.500000,2.500000
986713000,0.500000,1.500000,2.500000
988249900,0.500000,1.500000,2.500000
989791100,0.500000,1.500000,2.500000
991312400,0.500000,1.500000,2.500000
992880000,0.500000,1.500000,2.500000
994363100,0.500000,1.500000,2.500000
995909500,0.500000,1.500000,2.500000
997566300,0.500000,1.500000,2.500000
999254800,0.500000,1.500000,2.500000
1000807600,0.500000,1.500000,2.500000
1002810500,0.500000,1.500000,2.500000
1004763000,0.500000,1.500000,2.500000
1008175500,0.500000,1.500000,2.500000
1009264600,0.500000,1.500000,2.500000
1014878900,0.500000,1.500000,2.500000
1018277500,0.500000,1.500000,2.500000
1020974900,0.500000,1.500000,2.500000
1022341900,0.500000,1.500000,2.500000
1023907400,0.500000,1.500000,2.500000
1025451500,0.500000,1.500000,2.500000
1027021000,0.500000,1.500000,2.500000
1028566400,0.500000,1.500000,2.500000
1030129000,0.500000,1.500000,2.500000
1031649500,0.500000,1.500000,2.500000
1033241500,0.500000,1.500000,2.500000
1034798200,0.500000,1.500000,2.500000
1036031100,0.500000,1.500000,2.500000
1037573600,0.500000,1.500000,2.500000
1039203800,0.500000,1.500000,2.500000
1040797700,0.500000,1.500000,2.500000
1042374900,0.500000,1.500000,2.500000
1043996700,0.500000,1.500000,2.500000
1045600500,0.500000,1.500000,2.500000
1047582700,0.500000,1.500000,2.500000
1050870900,0.500000,1.500000,2.500000
1052213200,0.500000,1.500000,2.500000
1053855000,0.500000,1.500000,2.500000
1055512900,0.500000,1.500000,2.500000
1057095100,0.500000,1.500000,2.500000
1058828200,0.500000,1.500000,2.500000
1062781000,0.500000,1.500000,2.500000
1066721600,0.500000,1.500000,2.500000
1071331300,0.500000,1.500000,2.500000
1074124700,0.500000,1.500000,2.500000
1075679700,0.500000,1.500000,2.500000
1077238400,0.500000,1.500000,2.500000
1078782800,0.500000,1.500000,2.500000
1080328400,0.500000,1.500000,2.500000
1081764900,0.500000,1.500000,2.500000
1083311300,0.500000,1.500000,2.500000
1084859100,0.500000,1.500000,2.500000
1086436100,0.500000,1.500000,2.500000
1087985900,0.500000,1.500000,2.500000
1089524200,0.500000,1.500000,2.500000
1091070500,0.500000,1.500000,2.500000
1092617300,0.500000,1.500000,2.500000
1094531200,0.500000,1.500000,2.500000
1098132500,0.500000,1.500000,2.500000
1099176800,0.500000,1.500000,2.500000
1100357500,0.500000,1.500000,2.500000
1102473800,0.500000,1.500000,2.500000
1103774300,0.500000,1.500000,2.500000
1108070300,0.500000,1.500000,2.500000
1111524700,0.500000,1.500000,2.500000
1112770300,0.500000,1.500000,2.500000
1116910000,0.500000,1.500000,2.500000
1122164800,0.500000,1.500000,2.500000
1123214200,0.500000,1.500000,2.500000
1126552300,0.500000,1.500000,2.500000
1127853000,0.500000,1.500000,2.500000
1129310700,0.500000,1.500000,2.500000
1130850300,0.500000,1.500000,2.500000
1132388400,0.500000,1.500000,2.500000
1133957400,0.500000,1.500000,2.500000
1135422700,0.500000,1.500000,2.500000
1136955500,0.500000,1.500000,2.500000
1138504800,0.500000,1.500000,2.500000
1140051500,0.500000,1.500000,2.500000
1142502400,0.500000,1.500000,2.500000
1143543800,0.500000,1.500000,2.500000
1145137200,0.500000,1.500000,2.500000
1147061900,0.500000,1.500000,2.500000
1148222600,0.500000,1.500000,2.500000
1152843100,0.500000,1.500000,2.500000
1157665700,0.500000,1.500000,2.500000
1160805300,0.500000,1.500000,2.500000
1164021000,0.500000,1.500000,2.500000
1165273500,0.500000,1.500000,2.500000
1166746300,0.500000,1.500000,2.500000
1167846600,0.500000,1.500000,2.500000
1169715400,0.500000,1.500000,2.500000
1171256900,0.500000,1.500000,2.500000
1172795300,0.500000,1.500000,2.500000
1174332400,0.500000,1.500000,2.500000
1175879200,0.500000,1.500000,2.500000
1177478100,0.500000,1.500000,2.500000
1179014000,0.500000,1.500000,2.500000
1180602400,0.500000,1.500000,2.500000
1182236200,0.500000,1.500000,2.500000
1183778700,0.500000,1.500000,2.500000
1185315700,0.500000,1.500000,2.500000
1186966600,0.500000,1.500000,2.500000
1189145700,0.500000,1.500000,2.500000
1190178900,0.500000,1.500000,2.500000
1192954700,0.500000,1.500000,2.500000
1198463700,0.500000,1.500000,2.500000
1203067400,0.500000,1.500000,2.500000
1206502000,0.500000,1.500000,2.500000
1208881600,0.500000,1.500000,2.500000
1209937900,0.500000,1.500000,2.500000
1211445300,0.500000,1.500000,2.500000
1213016600,0.500000,1.500000,2.500000
1214564200,0.500000,1.500000,2.500000
1216102800,0.500000,1.500000,2.500000
1217641500,0.500000,1.500000,2.500000
1219190600,0.500000,1.500000,2.500000
1220751400,0.500000,1.500000,2.500000
1222291400,0.500000,1.500000,2.500000
1223834900,0.500000,1.500000,2.500000
1225377900,0.500000,1.500000,2.500000
1226911700,0.500000,1.500000,2.500000
1228485700,0.500000,1.500000,2.500000
1229585600,0.500000,1.500000,2.500000
1230922100,0.500000,1.500000,2.500000
1232727500,0.500000,1.500000,2.500000
1234263700,0.500000,1.500000,2.500000
1235444500,0.500000,1.500000,2.500000
1236990000,0.500000,1.500000,2.500000
1238273200,0.500000,1.500000,2.500000
1239777599,0.500000,1.500000,2.500000
1241295900,0.500000,1.500000,2.500000
1242838600,0.500000,1.500000,2.500000
1244415000,0.500000,1.500000,2.500000
1246056400,0.500000,1.500000,2.500000
1247106200,0.500000,1.500000,2.500000
1248880800,0.500000,1.500000,2.500000
1251888000,0.500000,1.500000,2.500000
1252946500,0.500000,1.500000,2.500000
1254779800,0.500000,1.500000,2.500000
1256737400,0.500000,1.500000,2.500000
1260966300,0.500000,1.500000,2.500000
1265006400,0.500000,1.500000,2.500000
1266054300,0.500000,1.500000,2.500000
1269650800,0.500000,1.500000,2.500000
1272667400,0.500000,1.500000,2.500000
1273711400,0.500000,1.500000,2.500000
1275325300,0.500000,1.500000,2.500000
1276877400,0.500000,1.500000,2.500000
1278632800,0.500000,1.500000,2.500000
1281733000,0.500000,1.500000,2.500000
1283444600,0.500000,1.500000,2.500000
1285057100,0.500000,1.500000,2.500000
1289222800,0.500000,1.500000,2.500000
1293506900,0.500000,1.500000,2.500000
1296859500,0.500000,1.500000,2.500000
1299541300,0.500000,1.500000,2.500000
1300611300,0.500000,1.500000,2.500000
1301647600,0.500000,1.500000,2.500000
1303166500,0.500000,1.500000,2.500000
1304791800,0.500000,1.500000,2.500000
1306376000,0.500000,1.500000,2.500000
1307916000,0.500000,1.500000,2.500000
1309003800,0.500000,1.500000,2.500000
1310535900,0.500000,1.500000,2.500000
1312081300,0.500000,1.500000,2.500000
1313604200,0.500000,1.500000,2.500000
1315148500,0.500000,1.500000,2.500000
1316678300,0.500000,1.500000,2.500000
1318248499,0.500000,1.500000,2.500000
1319783099,0.500000,1.500000,2.500000
1321332300,0.500000,1.500000,2.500000
1322896400,0.500000,1.500000,2.500000
1324434800,0.500000,1.500000,2.500000
1326908100,0.500000,1.500000,2.500000
1327944000,0.500000,1.500000,2.500000
1329619000,0.500000,1.500000,2.500000
1331631700,0.500000,1.500000,2.500000
1337085700,0.500000,1.500000,2.500000
1340942599,0.500000,1.500000,2.500000
1345915300,0.500000,1.500000,2.500000
1347229700,0.500000,1.500000,2.500000
1349622400,0.500000,1.500000,2.500000
1350679400,0.500000,1.500000,2.500000
1352736200,0.500000,1.500000,2.500000
1353787400,0.500000,1.500000,2.500000
1355349800,0.500000,1.500000,2.500000
1356892600,0.500000,1.500000,2.500000
1358422600,0.500000,1.500000,2.500000
1359970500,0.500000,1.500000,2.500000
1361579000,0.500000,1.500000,2.500000
1363118700,0.500000,1.500000,2.500000
1364784100,0.500000,1.500000,2.500000
1366324500,0.500000,1.500000,2.500000
1367907200,0.500000,1.500000,2.500000
1368987600,0.500000,1.500000,2.500000
1370012800,0.500000,1.500000,2.500000
1371546900,0.500000,1.500000,2.500000
1373422300,0.500000,1.500000,2.500000
1375937000,0.500000,1.500000,2.500000
1376994400,0.500000,1.500000,2.500000
1379053700,0.500000,1.500000,2.500000
1380864300,0.500000,1.500000,2.500000
1382319000,0.500000,1.500000,2.500000
1386062100,0.500000,1.500000,2.500000
1392105200,0.500000,1.500000,2.500000
1396549400,0.500000,1.500000,2.500000
1397606100,0.500000,1.500000,2.500000
1399988100,0.500000,1.500000,2.500000
1401110800,0.500000,1.500000,2.500000
1402648200,0.500000,1.500000,2.500000
1404178000,0.500000,1.500000,2.500000
1405706400,0.500000,1.500000,2.500000
1407231900,0.500000,1.500000,2.500000
1408772900,0.500000,1.500000,2.500000
1410313500,0.500000,1.500000,2.500000
1411832200,0.500000,1.500000,2.500000
1413404099,0.500000,1.500000,2.500000
1414981100,0.500000,1.500000,2.500000
1416523700,0.500000,1.500000,2.500000
1418057400,0.500000,1.500000,2.500000
1419882000,0.500000,1.500000,2.500000
1421311300,0.500000,1.500000,2.500000
1424321800,0.500000,1.500000,2.500000
1426210900,0.500000,1.500000,2.500000
1427316799,0.500000,1.500000,2.500000
1429183500,0.500000,1.500000,2.500000
1431573500,0.500000,1.500000,2.500000
1434709300,0.500000,1.500000,2.500000
1439100600,0.500000,1.500000,2.500000
1442498500,0.500000,1.500000,2.500000
1446269400,0.500000,1.500000,2.500000
1447553000,0.500000,1.500000,2.500000
1448594800,0.500000,1.500000,2.500000
1450123800,0.500000,1.500000,2.500000
1451656200,0.500000,1.500000,2.500000
1453199000,0.500000,1.500000,2.500000
1454872000,0.500000,1.500000,2.500000
1456399700,0.500000,1.500000,2.500000
1457920400,0.500000,1.500000,2.500000
1459436400,0.500000,1.500000,2.500000
1461689499,0.500000,1.500000,2.500000
1462735300,0.500000,1.500000,2.500000
1464263100,0.500000,1.500000,2.500000
1465779500,0.500000,1.500000,2.500000
1467296200,0.500000,1.500000,2.500000
1468816600,0.500000,1.500000,2.500000
1469840300,0.500000,1.500000,2.500000
1471366200,0.500000,1.500000,2.500000
1472888900,0.500000,1.500000,2.500000
1474442000,0.500000,1.500000,2.500000
1476348400,0.500000,1.500000,2.500000
1477989500,0.500000,1.500000,2.500000
1480273700,0.500000,1.500000,2.500000
1481628600,0.500000,1.500000,2.500000
1483180200,0.500000,1.500000,2.500000
1484959500,0.500000,1.500000,2.500000
1488321000,0.500000,1.500000,2.500000
1493883700,0.500000,1.500000,2.500000
1496946900,0.500000,1.500000,2.500000
1499471700,0.500000,1.500000,2.500000
1500517600,0.500000,1.500000,2.500000
1502032300,0.500000,1.500000,2.500000
1503581200,0.500000,1.500000,2.500000
1505101100,0.500000,1.500000,2.500000
1506616100,0.500000,1.500000,2.500000
1508226800,0.500000,1.500000,2.500000
1509774300,0.500000,1.500000,2.500000
1511370400,0.500000,1.500000,2.500000
1512908900,0.500000,1.500000,2.500000
1514587100,0.500000,1.500000,2.500000
1515988800,0.500000,1.500000,2.500000
1517555800,0.500000,1.500000,2.500000
1519161600,0.500000,1.500000,2.500000
1520787700,0.500000,1.500000,2.500000
1521963300,0.500000,1.500000,2.500000
1523094400,0.500000,1.500000,2.500000
1525039400,0.500000,1.500000,2.500000
1526248800,0.500000,1.500000,2.500000
1529327000,0.500000,1.500000,2.500000
1530406200,0.500000,1.500000,2.500000
1532381100,0.500000,1.500000,2.500000
1534021100,0.500000,1.500000,2.500000
1537915200,0.500000,1.500000,2.500000
1543674300,0.500000,1.500000,2.500000
1544977100,0.500000,1.500000,2.500000
1548776800,0.500000,1.500000,2.500000
1552542500,0.500000,1.500000,2.500000
1553608300,0.500000,1.500000,2.500000
1555276700,0.500000,1.500000,2.500000
1556903000,0.500000,1.500000,2.500000
1558473200,0.500000,1.500000,2.500000
1560029800,0.500000,1.500000,2.500000
1561576800,0.500000,1.500000,2.500000
1563135800,0.500000,1.500000,2.500000
1564677700,0.500000,1.500000,2.500000
1567034600,0.500000,1.500000,2.500000
1568254600,0.500000,1.500000,2.500000
1569937300,0.500000,1.500000,2.500000
1573004100,0.500000,1.500000,2.500000
1574097100,0.500000,1.500000,2.500000
1576265900,0.500000,1.500000,2.500000
1577783900,0.500000,1.500000,2.500000
1580960700,0.500000,1.500000,2.500000
1584192600,0.500000,1.500000,2.500000
1587898300,0.500000,1.500000,2.500000
1590266300,0.500000,1.500000,2.500000
1591333200,0.500000,1.500000,2.500000
1592878000,0.500000,1.500000,2.500000
1594478500,0.500000,1.500000,2.500000
1596078300,0.500000,1.500000,2.500000
1597617999,0.500000,1.500000,2.500000
1599144900,0.500000,1.500000,2.500000
1600826200,0.500000,1.500000,2.500000
1602461600,0.500000,1.500000,2.500000
1604076600,0.500000,1.500000,2.500000
1605597700,0.500000,1.500000,2.500000
1607157600,0.500000,1.500000,2.500000
1610185600,0.500000,1.500000,2.500000
1611894600,0.500000,1.500000,2.500000
1615131600,0.500000,1.500000,2.500000
1619557199,0.500000,1.500000,2.500000
1624244100,0.500000,1.500000,2.500000
1628062300,0.500000,1.500000,2.500000
1631285100,0.500000,1.500000,2.500000
1632836700,0.500000,1.500000,2.500000
1634740400,0.500000,1.500000,2.500000
1635790899,0.500000,1.500000,2.500000
1637318400,0.500000,1.500000,2.500000
1638834100,0.500000,1.500000,2.500000
1640356000,0.500000,1.500000,2.500000
1641999600,0.500000,1.500000,2.500000
1643598800,0.500000,1.500000,2.500000
1645156900,0.500000,1.500000,2.500000
1646705200,0.500000,1.500000,2.500000
1648249400,0.500000,1.500000,2.500000
1649852100,0.500000,1.500000,2.500000
1651376100,0.500000,1.500000,2.500000
1652918800,0.500000,1.500000,2.500000
1654464800,0.500000,1.500000,2.500000
1656463600,0.500000,1.500000,2.500000
1657753600,0.500000,1.500000,2.500000
1660776900,0.500000,1.500000,2.500000
1662833200,0.500000,1.500000,2.500000
1664775800,0.500000,1.500000,2.500000
1669200700,0.500000,1.500000,2.500000
1671871900,0.500000,1.500000,2.500000
1675932300,0.500000,1.500000,2.500000
1677854500,0.500000,1.500000,2.500000
1678891400,0.500000,1.500000,2.500000
1680428700,0.500000,1.500000,2.500000
1682689400,0.500000,1.500000,2.500000
1684215500,0.500000,1.500000,2.500000
1685734700,0.500000,1.500000,2.500000
1687249700,0.500000,1.500000,2.500000
1688772700,0.500000,1.500000,2.500000
1690315800,0.500000,1.500000,2.500000
1691996600,0.500000,1.500000,2.500000
1693520400,0.500000,1.500000,2.500000
1695077399,0.500000,1.500000,2.500000
1696183900,0.500000,1.500000,2.500000
1697822500,0.500000,1.500000,2.500000
1699436200,0.500000,1.500000,2.500000
1701081600,0.500000,1.500000,2.500000
1702634200,0.500000,1.500000,2.500000
1704162200,0.500000,1.500000,2.500000
1705683899,0.500000,1.500000,2.500000
1707328600,0.500000,1.500000,2.500000
1709090200,0.500000,1.500000,2.500000
1710614400,0.500000,1.500000,2.500000
1712217700,0.500000,1.500000,2.500000
1713862800,0.500000,1.500000,2.500000
1715620200,0.500000,1.500000,2.500000
1718892000,0.500000,1.500000,2.500000
1719925400,0.500000,1.500000,2.500000
1723308000,0.500000,1.500000,2.500000
1726071700,0.500000,1.500000,2.500000
1727102500,0.500000,1.500000,2.500000
1729096900,0.500000,1.500000,2.500000
1730150200,0.500000,1.500000,2.500000
1732230400,0.500000,1.500000,2.500000
1733769600,0.500000,1.500000,2.500000
1735292100,0.500000,1.500000,2.500000
1736816500,0.500000,1.500000,2.500000
1738352600,0.500000,1.500000,2.500000
1739903900,0.500000,1.500000,2.500000
1741482500,0.500000,1.500000,2.500000
1743017000,0.500000,1.500000,2.500000
1744611400,0.500000,1.500000,2.500000
1746151800,0.500000,1.500000,2.500000
1747754600,0.500000,1.500000,2.500000
1749780199,0.500000,1.500000,2.500000
1752012100,0.500000,1.500000,2.500000
1753372700,0.500000,1.500000,2.500000
1758191200,0.500000,1.500000,2.500000
1759464200,0.500000,1.500000,2.500000
1765483400,0.500000,1.500000,2.500000
1768267900,0.500000,1.500000,2.500000
1770742200,0.500000,1.500000,2.500000
1772140600,0.500000,1.500000,2.500000
1773694300,0.500000,1.500000,2.500000
1775238800,0.500000,1.500000,2.500000
1776853500,0.500000,1.500000,2.500000
1778469300,0.500000,1.500000,2.500000
1780034100,0.500000,1.500000,2.500000
1781120000,0.500000,1.500000,2.500000
1782694300,0.500000,1.500000,2.500000
1784368600,0.500000,1.500000,2.500000
1785971500,0.500000,1.500000,2.500000
1787533599,0.500000,1.500000,2.500000
1789105100,0.500000,1.500000,2.500000
1790714599,0.500000,1.500000,2.500000
1792425400,0.500000,1.500000,2.500000
1794081400,0.500000,1.500000,2.500000
1796314100,0.500000,1.500000,2.500000
1798324300,0.500000,1.500000,2.500000
1801127700,0.500000,1.500000,2.500000
1804384000,0.500000,1.500000,2.500000
1805469099,0.500000,1.500000,2.500000
1809080900,0.500000,1.500000,2.500000
1811561800,0.500000,1.500000,2.500000
1812786200,0.500000,1.500000,2.500000
1815598300,0.500000,1.500000,2.500000
1817204099,0.500000,1.500000,2.500000
1818767800,0.500000,1.500000,2.500000
1820365200,0.500000,1.500000,2.500000
1822355400,0.500000,1.500000,2.500000
1824086500,0.500000,1.500000,2.500000
1825709600,0.500000,1.500000,2.500000
1827325500,0.500000,1.500000,2.500000
1828912200,0.500000,1.500000,2.500000
1830490400,0.500000,1.500000,2.500000
1832248900,0.500000,1.500000,2.500000
1833814200,0.500000,1.500000,2.500000
1835389900,0.500000,1.500000,2.500000
1836957700,0.500000,1.500000,2.500000
1838548200,0.500000,1.500000,2.500000
1840255100,0.500000,1.500000,2.500000
1841860900,0.500000,1.500000,2.500000
1844014900,0.500000,1.500000,2.500000
1845472500,0.500000,1.500000,2.500000
1847517500,0.500000,1.500000,2.500000
1849387500,0.500000,1.500000,2.500000
1850561400,0.500000,1.500000,2.500000
1854346100,0.500000,1.500000,2.500000
1855569900,0.500000,1.500000,2.500000
1857210300,0.500000,1.500000,2.500000
1861727900,0.500000,1.500000,2.500000
1862823000,0.500000,1.500000,2.500000
1865436900,0.500000,1.500000,2.500000
1867973300,0.500000,1.500000,2.500000
1869041500,0.500000,1.500000,2.500000
1870677700,0.500000,1.500000,2.500000
1872254600,0.500000,1.500000,2.500000
1873829000,0.500000,1.500000,2.500000
1875406600,0.500000,1.500000,2.500000
1876989800,0.500000,1.500000,2.500000
1878567900,0.500000,1.500000,2.500000
1880327000,0.500000,1.500000,2.500000
1881679900,0.500000,1.500000,2.500000
1883246000,0.500000,1.500000,2.500000
1884802200,0.500000,1.500000,2.500000
1886443500,0.500000,1.500000,2.500000
1888608300,0.500000,1.500000,2.500000
1890557300,0.500000,1.500000,2.500000
1892601800,0.500000,1.500000,2.500000
1895269200,0.500000,1.500000,2.500000
1898567500,0.500000,1.500000,2.500000
1903320200,0.500000,1.500000,2.500000
1904893800,0.500000,1.500000,2.500000
1910105400,0.500000,1.500000,2.500000
1911527000,0.500000,1.500000,2.500000
1914447100,0.500000,1.500000,2.500000
1915541200,0.500000,1.500000,2.500000
1917220500,0.500000,1.500000,2.500000
1918935600,0.500000,1.500000,2.500000
1920616200,0.500000,1.500000,2.500000
1922329400,0.500000,1.500000,2.500000
1923902300,0.500000,1.500000,2.500000
1925484300,0.500000,1.500000,2.500000
1927058300,0.500000,1.500000,2.500000
1928655100,0.500000,1.500000,2.500000
1930240100,0.500000,1.500000,2.500000
1932251199,0.500000,1.500000,2.500000
1934191800,0.500000,1.500000,2.500000
1936554500,0.500000,1.500000,2.500000
1937634100,0.500000,1.500000,2.500000
1941017800,0.500000,1.500000,2.500000
1942658900,0.500000,1.500000,2.500000
1949369900,0.500000,1.500000,2.500000
1950513400,0.500000,1.500000,2.500000
1956615700,0.500000,1.500000,2.500000
1957740400,0.500000,1.500000,2.500000
1963182500,0.500000,1.500000,2.500000
1964314600,0.500000,1.500000,2.500000
1967248600,0.500000,1.500000,2.500000
1968348700,0.500000,1.500000,2.500000
1969877000,0.500000,1.500000,2.500000
1971454200,0.500000,1.500000,2.500000
1973320000,0.500000,1.500000,2.500000
1974951800,0.500000,1.500000,2.500000
1976569200,0.500000,1.500000,2.500000
1978510900,0.500000,1.500000,2.500000
1980945000,0.500000,1.500000,2.500000
1982213900,0.500000,1.500000,2.500000
1984461100,0.500000,1.500000,2.500000
1987071400,0.500000,1.500000,2.500000
1988589100,0.500000,1.500000,2.500000
1990516600,0.500000,1.500000,2.500000
1993382100,0.500000,1.500000,2.500000
2000000600,0.500000,1.500000,2.500000
2003098600,0.500000,1.500000,2.500000
2005075799,0.500000,1.500000,2.500000
2006245200,0.500000,1.500000,2.500000
2007858600,0.500000,1.500000,2.500000
2009440400,0.500000,1.500000,2.500000
2011120800,0.500000,1.500000,2.500000
2013413700,0.500000,1.500000,2.500000
2015004700,0.500000,1.500000,2.500000
2016615700,0.500000,1.500000,2.500000
2018197600,0.500000,1.500000,2.500000
2019806400,0.500000,1.500000,2.500000
2021352100,0.500000,1.500000,2.500000
2022925600,0.500000,1.500000,2.500000
2024545899,0.500000,1.500000,2.500000
2026618600,0.500000,1.500000,2.500000
2028582400,0.500000,1.500000,2.500000
2031575600,0.500000,1.500000,2.500000
2033318200,0.500000,1.500000,2.500000
2034488000,0.500000,1.500000,2.500000
2036807200,0.500000,1.500000,2.500000
2037965800,0.500000,1.500000,2.500000
2041472000,0.500000,1.500000,2.500000
2047801400,0.500000,1.500000,2.500000
2051577300,0.500000,1.500000,2.500000
2054147700,0.500000,1.500000,2.500000
2055579600,0.500000,1.500000,2.500000
2057083500,0.500000,1.500000,2.500000
2058804100,0.500000,1.500000,2.500000
2060393400,0.500000,1.500000,2.500000
2061464700,0.500000,1.500000,2.500000
2063384100,0.500000,1.500000,2.500000
2065329800,0.500000,1.500000,2.500000
2067002200,0.500000,1.500000,2.500000
2068599300,0.500000,1.500000,2.500000
2070148500,0.500000,1.500000,2.500000
2071756299,0.500000,1.500000,2.500000
2073328500,0.500000,1.500000,2.500000
2075054600,0.500000,1.500000,2.500000
2078716700,0.500000,1.500000,2.500000
2081526200,0.500000,1.500000,2.500000
2083298300,0.500000,1.500000,2.500000
2087886600,0.500000,1.500000,2.500000
2092882900,0.500000,1.500000,2.500000
2096847900,0.500000,1.500000,2.500000
2099882000,0.500000,1.500000,2.500000
2101645700,0.500000,1.500000,2.500000
2103602500,0.500000,1.500000,2.500000
2105500900,0.500000,1.500000,2.500000
2107211100,0.500000,1.500000,2.500000
2108798400,0.500000,1.500000,2.500000
2110435800,0.500000,1.500000,2.500000
2111996700,0.500000,1.500000,2.500000
2114197500,0.500000,1.500000,2.500000
2115763000,0.500000,1.500000,2.500000
2117341600,0.500000,1.500000,2.500000
2118912100,0.500000,1.500000,2.500000
2120483900,0.500000,1.500000,2.500000
2122080700,0.500000,1.500000,2.500000
2123799300,0.500000,1.500000,2.500000
2125869900,0.500000,1.500000,2.500000
2130617599,0.500000,1.500000,2.500000
2131876300,0.500000,1.500000,2.500000
2135385600,0.500000,1.500000,2.500000
2138052500,0.500000,1.500000,2.500000
2143126400,0.500000,1.500000,2.500000
2147144500,0.500000,1.500000,2.500000
2149375600,0.500000,1.500000,2.500000
2150901400,0.500000,1.500000,2.500000
2152442000,0.500000,1.500000,2.500000
2153970000,0.500000,1.500000,2.500000
2155573800,0.500000,1.500000,2.500000
2157112200,0.500000,1.500000,2.500000
2158161600,0.500000,1.500000,2.500000
2159702400,0.500000,1.500000,2.500000
2161650300,0.500000,1.500000,2.500000
2163212300,0.500000,1.500000,2.500000
2164809300,0.500000,1.500000,2.500000
2166339600,0.500000,1.500000,2.500000
2167862500,0.500000,1.500000,2.500000
2169384200,0.500000,1.500000,2.500000
2170942900,0.500000,1.500000,2.500000
2174282100,0.500000,1.500000,2.500000
2175322500,0.500000,1.500000,2.500000
2176868500,0.500000,1.500000,2.500000
2178721800,0.500000,1.500000,2.500000
2181349800,0.500000,1.500000,2.500000
2184569700,0.500000,1.500000,2.500000
2189480100,0.500000,1.500000,2.500000
2192839500,0.500000,1.500000,2.500000
2195319600,0.500000,1.500000,2.500000
2196520000,0.500000,1.500000,2.500000
2198058200,0.500000,1.500000,2.500000
2199589300,0.500000,1.500000,2.500000
2201116900,0.500000,1.500000,2.500000
2202686500,0.500000,1.500000,2.500000
2204396400,0.500000,1.500000,2.500000
2205956000,0.500000,1.500000,2.500000
2207495599,0.500000,1.500000,2.500000
2209034900,0.500000,1.500000,2.500000
2211715800,0.500000,1.500000,2.500000
2213283900,0.500000,1.500000,2.500000
2214826600,0.500000,1.500000,2.500000
2216378500,0.500000,1.500000,2.500000
2219618400,0.500000,1.500000,2.500000
2221009400,0.500000,1.500000,2.500000
2222809600,0.500000,1.500000,2.500000
2225631000,0.500000,1.500000,2.500000
2227305300,0.500000,1.500000,2.500000
2235772400,0.500000,1.500000,2.500000
2241214800,0.500000,1.500000,2.500000
2242590500,0.500000,1.500000,2.500000
2245052800,0.500000,1.500000,2.500000
2248443399,0.500000,1.500000,2.500000
2249607100,0.500000,1.500000,2.500000
2251143400,0.500000,1.500000,2.500000
2252262500,0.500000,1.500000,2.500000
2253799700,0.500000,1.500000,2.500000
2255340499,0.500000,1.500000,2.500000
2256881400,0.500000,1.500000,2.500000
2258416500,0.500000,1.500000,2.500000
2259962000,0.500000,1.500000,2.500000
2261484900,0.500000,1.500000,2.500000
2263675800,0.500000,1.500000,2.500000
2264757800,0.500000,1.500000,2.500000
2266952500,0.500000,1.500000,2.500000
2267994300,0.500000,1.500000,2.500000
2269537300,0.500000,1.500000,2.500000
2271426800,0.500000,1.500000,2.500000
2272509700,0.500000,1.500000,2.500000
2275737000,0.500000,1.500000,2.500000
2281806000,0.500000,1.500000,2.500000
2284325400,0.500000,1.500000,2.500000
2286403400,0.500000,1.500000,2.500000
2287449200,0.500000,1.500000,2.500000
2288991400,0.500000,1.500000,2.500000
2290023300,0.500000,1.500000,2.500000
2291087200,0.500000,1.500000,2.500000
2292626600,0.500000,1.500000,2.500000
2294172900,0.500000,1.500000,2.500000
2295745600,0.500000,1.500000,2.500000
2297283900,0.500000,1.500000,2.500000
2298818200,0.500000,1.500000,2.500000
2300367100,0.500000,1.500000,2.500000
2301962400,0.500000,1.500000,2.500000
2303498600,0.500000,1.500000,2.500000
2305034600,0.500000,1.500000,2.500000
2306571200,0.500000,1.500000,2.500000
2308107000,0.500000,1.500000,2.500000
2309645500,0.500000,1.500000,2.500000
2312354200,0.500000,1.500000,2.500000
2314057700,0.500000,1.500000,2.500000
2316049600,0.500000,1.500000,2.500000
2317491500,0.500000,1.500000,2.500000
2321792500,0.500000,1.500000,2.500000
2322844900,0.500000,1.500000,2.500000
2327240500,0.500000,1.500000,2.500000
2328292900,0.500000,1.500000,2.500000
2331235400,0.500000,1.500000,2.500000
2332353900,0.500000,1.500000,2.500000
2334726799,0.500000,1.500000,2.500000
2335860900,0.500000,1.500000,2.500000
2337385300,0.500000,1.500000,2.500000
2338903500,0.500000,1.500000,2.500000
2340439100,0.500000,1.500000,2.500000
2342808600,0.500000,1.500000,2.500000
2344356400,0.500000,1.500000,2.500000
2345891900,0.500000,1.500000,2.500000
2347480300,0.500000,1.500000,2.500000
2349020800,0.500000,1.500000,2.500000
2350583100,0.500000,1.500000,2.500000
2352111100,0.500000,1.500000,2.500000
2353722400,0.500000,1.500000,2.500000
2355252900,0.500000,1.500000,2.500000
2356774900,0.500000,1.500000,2.500000
2358330200,0.500000,1.500000,2.500000
2359969100,0.500000,1.500000,2.500000
2362949000,0.500000,1.500000,2.500000
2364178100,0.500000,1.500000,2.500000
2365481500,0.500000,1.500000,2.500000
2368376100,0.500000,1.500000,2.500000
2371497300,0.500000,1.500000,2.500000
2376801600,0.500000,1.500000,2.500000
2380164500,0.500000,1.500000,2.500000
2382535700,0.500000,1.500000,2.500000
2384022199,0.500000,1.500000,2.500000
2385964100,0.500000,1.500000,2.500000
2387490200,0.500000,1.500000,2.500000
2389005900,0.500000,1.500000,2.500000
2390641300,0.500000,1.500000,2.500000
2392202200,0.500000,1.500000,2.500000
2393725500,0.500000,1.500000,2.500000
2395246800,0.500000,1.500000,2.500000
2396886400,0.500000,1.500000,2.500000
2398426500,0.500000,1.500000,2.500000
2399947100,0.500000,1.500000,2.500000
2401248100,0.500000,1.500000,2.500000
2402788999,0.500000,1.500000,2.500000
2404305300,0.500000,1.500000,2.500000
2405912500,0.500000,1.500000,2.500000
2407547000,0.500000,1.500000,2.500000
2411039800,0.500000,1.500000,2.500000
2412144500,0.500000,1.500000,2.500000
2413945000,0.500000,1.500000,2.500000
2415616600,0.500000,1.500000,2.500000
2417282000,0.500000,1.500000,2.500000
2420768700,0.500000,1.500000,2.500000
2426106800,0.500000,1.500000,2.500000
2427152500,0.500000,1.500000,2.500000
2429746600,0.500000,1.500000,2.500000
2431233400,0.500000,1.500000,2.500000
2433398400,0.500000,1.500000,2.500000
2434435200,0.500000,1.500000,2.500000
2435977799,0.500000,1.500000,2.500000
2437472300,0.500000,1.500000,2.500000
2439010800,0.500000,1.500000,2.500000
2440633600,0.500000,1.500000,2.500000
2442171100,0.500000,1.500000,2.500000
2443806000,0.500000,1.500000,2.500000
2445340300,0.500000,1.500000,2.500000
2446874799,0.500000,1.500000,2.500000
2447923800,0.500000,1.500000,2.500000
2449646600,0.500000,1.500000,2.500000
2452683800,0.500000,1.500000,2.500000
2454135100,0.500000,1.500000,2.500000
2455921700,0.500000,1.500000,2.500000
2458477700,0.500000,1.500000,2.500000
2462286100,0.500000,1.500000,2.500000
2463331500,0.500000,1.500000,2.500000
2468377600,0.500000,1.500000,2.500000
2471326200,0.500000,1.500000,2.500000
2473707500,0.500000,1.500000,2.500000
2474756600,0.500000,1.500000,2.500000
2476292300,0.500000,1.500000,2.500000
2477835700,0.500000,1.500000,2.500000
2479360000,0.500000,1.500000,2.500000
2480899300,0.500000,1.500000,2.500000
2482451900,0.500000,1.500000,2.500000
2484020600,0.500000,1.500000,2.500000
2485556999,0.500000,1.500000,2.500000
2487092500,0.500000,1.500000,2.500000
2488630400,0.500000,1.500000,2.500000
2490163500,0.500000,1.500000,2.500000
2491978100,0.500000,1.500000,2.500000
2493510899,0.500000,1.500000,2.500000
2495048700,0.500000,1.500000,2.500000
2496657400,0.500000,1.500000,2.500000
2498204300,0.500000,1.500000,2.500000
2500466400,0.500000,1.500000,2.500000
2501891300,0.500000,1.500000,2.500000
2503794000,0.500000,1.500000,2.500000
2505556700,0.500000,1.500000,2.500000
2509873900,0.500000,1.500000,2.500000
2515640900,0.500000,1.500000,2.500000
2518180099,0.500000,1.500000,2.500000
2520584300,0.500000,1.500000,2.500000
2522274300,0.500000,1.500000,2.500000
2523908200,0.500000,1.500000,2.500000
2525449100,0.500000,1.500000,2.500000
2526996500,0.500000,1.500000,2.500000
2528543899,0.500000,1.500000,2.500000
2530096400,0.500000,1.500000,2.500000
2531558800,0.500000,1.500000,2.500000
2533098600,0.500000,1.500000,2.500000
2534723700,0.500000,1.500000,2.500000
2536287300,0.500000,1.500000,2.500000
2537819900,0.500000,1.500000,2.500000
2539366400,0.500000,1.500000,2.500000
2540905600,0.500000,1.500000,2.500000
2542440200,0.500000,1.500000,2.500000
2544952400,0.500000,1.500000,2.500000
2546041400,0.500000,1.500000,2.500000
2548783400,0.500000,1.500000,2.500000
2549937700,0.500000,1.500000,2.500000
2551646900,0.500000,1.500000,2.500000
2553985700,0.500000,1.500000,2.500000
2555633300,0.500000,1.500000,2.500000
2559162300,0.500000,1.500000,2.500000
2560211800,0.500000,1.500000,2.500000
2567702100,0.500000,1.500000,2.500000
2568958400,0.500000,1.500000,2.500000
2571078799,0.500000,1.500000,2.500000
2572128500,0.500000,1.500000,2.500000
2573671400,0.500000,1.500000,2.500000
2575211200,0.500000,1.500000,2.500000
2576743900,0.500000,1.500000,2.500000
2578482600,0.500000,1.500000,2.500000
2580029800,0.500000,1.500000,2.500000
2581604300,0.500000,1.500000,2.500000
2583137500,0.500000,1.500000,2.500000
2584675700,0.500000,1.500000,2.500000
2586260900,0.500000,1.500000,2.500000
2587794200,0.500000,1.500000,2.500000
2589327800,0.500000,1.500000,2.500000
2591191600,0.500000,1.500000,2.500000
2594860800,0.500000,1.500000,2.500000
2596655100,0.500000,1.500000,2.500000
2598466400,0.500000,1.500000,2.500000
2600111300,0.500000,1.500000,2.500000
2601644500,0.500000,1.500000,2.500000
2604983000,0.500000,1.500000,2.500000
2606026300,0.500000,1.500000,2.500000
2611909500,0.500000,1.500000,2.500000
2615373600,0.500000,1.500000,2.500000
2616476800,0.500000,1.500000,2.500000
2618264800,0.500000,1.500000,2.500000
2619803500,0.500000,1.500000,2.500000
2621320199,0.500000,1.500000,2.500000
2622870300,0.500000,1.500000,2.500000
2624469700,0.500000,1.500000,2.500000
2626089000,0.500000,1.500000,2.500000
2628115700,0.500000,1.500000,2.500000
2629171400,0.500000,1.500000,2.500000
2630802300,0.500000,1.500000,2.500000
2632341600,0.500000,1.500000,2.500000
2633881000,0.500000,1.500000,2.500000
2635401700,0.500000,1.500000,2.500000
2636918400,0.500000,1.500000,2.500000
2638432400,0.500000,1.500000,2.500000
2639945800,0.500000,1.500000,2.500000
2641316600,0.500000,1.500000,2.500000
2642990600,0.500000,1.500000,2.500000
2645993700,0.500000,1.500000,2.500000
2647177900,0.500000,1.500000,2.500000
2648993500,0.500000,1.500000,2.500000
2650708100,0.500000,1.500000,2.500000
2651921100,0.500000,1.500000,2.500000
2655278300,0.500000,1.500000,2.500000
2662128600,0.500000,1.500000,2.500000
2665069100,0.500000,1.500000,2.500000
2667964300,0.500000,1.500000,2.500000
2669506100,0.500000,1.500000,2.500000
2671057500,0.500000,1.500000,2.500000
2672676400,0.500000,1.500000,2.500000
2674210200,0.500000,1.500000,2.500000
2675753100,0.500000,1.500000,2.500000
2677274400,0.500000,1.500000,2.500000
2678854400,0.500000,1.500000,2.500000
2680493900,0.500000,1.500000,2.500000
2682203500,0.500000,1.500000,2.500000
2683854200,0.500000,1.500000,2.500000
2685371800,0.500000,1.500000,2.500000
2686888400,0.500000,1.500000,2.500000
2688499800,0.500000,1.500000,2.500000
2690143200,0.500000,1.500000,2.500000
2692411700,0.500000,1.500000,2.500000
2693447500,0.500000,1.500000,2.500000
2695429400,0.500000,1.500000,2.500000
2696898000,0.500000,1.500000,2.500000
2698494800,0.500000,1.500000,2.500000
2703505700,0.500000,1.500000,2.500000
2709123800,0.500000,1.500000,2.500000
2713174200,0.500000,1.500000,2.500000
2715433500,0.500000,1.500000,2.500000
2716876300,0.500000,1.500000,2.500000
2718398200,0.500000,1.500000,2.500000
2719916400,0.500000,1.500000,2.500000
2721238100,0.500000,1.500000,2.500000
2722386000,0.500000,1.500000,2.500000
2723912800,0.500000,1.500000,2.500000
2725430000,0.500000,1.500000,2.500000
2726950200,0.500000,1.500000,2.500000
2728560100,0.500000,1.500000,2.500000
2730105599,0.500000,1.500000,2.500000
2731144800,0.500000,1.500000,2.500000
2732672300,0.500000,1.500000,2.500000
2734203600,0.500000,1.500000,2.500000
2735783600,0.500000,1.500000,2.500000
2737321300,0.500000,1.500000,2.500000
2739941100,0.500000,1.500000,2.500000
2741501100,0.500000,1.500000,2.500000
2745899800,0.500000,1.500000,2.500000
2747256900,0.500000,1.500000,2.500000
2750813300,0.500000,1.500000,2.500000
2756697200,0.500000,1.500000,2.500000
2759790800,0.500000,1.500000,2.500000
2763474500,0.500000,1.500000,2.500000
2764754200,0.500000,1.500000,2.500000
2765780300,0.500000,1.500000,2.500000
2767395900,0.500000,1.500000,2.500000
2768962600,0.500000,1.500000,2.500000
2770577000,0.500000,1.500000,2.500000
2772122300,0.500000,1.500000,2.500000
2773660000,0.500000,1.500000,2.500000
2774717800,0.500000,1.500000,2.500000
2776235299,0.500000,1.500000,2.500000
2777957500,0.500000,1.500000,2.500000
2779514400,0.500000,1.500000,2.500000
2781058300,0.500000,1.500000,2.500000
2782720500,0.500000,1.500000,2.500000
2786737800,0.500000,1.500000,2.500000
2788209100,0.500000,1.500000,2.500000
2789802900,0.500000,1.500000,2.500000
2792068300,0.500000,1.500000,2.500000
2796404200,0.500000,1.500000,2.500000
2797523700,0.500000,1.500000,2.500000
2803102700,0.500000,1.500000,2.500000
2805995100,0.500000,1.500000,2.500000
2807110000,0.500000,1.500000,2.500000
2808819800,0.500000,1.500000,2.500000
2810464400,0.500000,1.500000,2.500000
2812396200,0.500000,1.500000,2.500000
2813940900,0.500000,1.500000,2.500000
2815448100,0.500000,1.500000,2.500000
2816955400,0.500000,1.500000,2.500000
2818465000,0.500000,1.500000,2.500000
2819978900,0.500000,1.500000,2.500000
2821531000,0.500000,1.500000,2.500000
2823083100,0.500000,1.500000,2.500000
2824621300,0.500000,1.500000,2.500000
2826959600,0.500000,1.500000,2.500000
2828312800,0.500000,1.500000,2.500000
2829824700,0.500000,1.500000,2.500000
2833032100,0.500000,1.500000,2.500000
2840009800,0.500000,1.500000,2.500000
2841486500,0.500000,1.500000,2.500000
2848055500,0.500000,1.500000,2.500000
2851186400,0.500000,1.500000,2.500000
2853711800,0.500000,1.500000,2.500000
2855247700,0.500000,1.500000,2.500000
2856767800,0.500000,1.500000,2.500000
2858340000,0.500000,1.500000,2.500000
2861913600,0.500000,1.500000,2.500000
2862951900,0.500000,1.500000,2.500000
2864588600,0.500000,1.500000,2.500000
2866104900,0.500000,1.500000,2.500000
2867621299,0.500000,1.500000,2.500000
2869135800,0.500000,1.500000,2.500000
2870159000,0.500000,1.500000,2.500000
2871246500,0.500000,1.500000,2.500000
2872769700,0.500000,1.500000,2.500000
2874283800,0.500000,1.500000,2.500000
2875861200,0.500000,1.500000,2.500000
2879057700,0.500000,1.500000,2.500000
2881743600,0.500000,1.500000,2.500000
2884431200,0.500000,1.500000,2.500000
2886219400,0.500000,1.500000,2.500000
2888208399,0.500000,1.500000,2.500000
2891964600,0.500000,1.500000,2.500000
2898770400,0.500000,1.500000,2.500000
2900031700,0.500000,1.500000,2.500000
2902520300,0.500000,1.500000,2.500000
2904365800,0.500000,1.500000,2.500000
2905395800,0.500000,1.500000,2.500000
2906960700,0.500000,1.500000,2.500000
2908486100,0.500000,1.500000,2.500000
2910015900,0.500000,1.500000,2.500000
2911642099,0.500000,1.500000,2.500000
2913181400,0.500000,1.500000,2.500000
2914732299,0.500000,1.500000,2.500000
2916248800,0.500000,1.500000,2.500000
2917765800,0.500000,1.500000,2.500000
2919280900,0.500000,1.500000,2.500000
2920826000,0.500000,1.500000,2.500000
2922396100,0.500000,1.500000,2.500000
2923942400,0.500000,1.500000,2.500000
2925549900,0.500000,1.500000,2.500000
2928116700,0.500000,1.500000,2.500000
2930168800,0.500000,1.500000,2.500000
2931984900,0.500000,1.500000,2.500000
2934401600,0.500000,1.500000,2.500000
2937853500,0.500000,1.500000,2.500000
2943789400,0.500000,1.500000,2.500000
2945093400,0.500000,1.500000,2.500000
2948000399,0.500000,1.500000,2.500000
2950223300,0.500000,1.500000,2.500000
2951551800,0.500000,1.500000,2.500000
2953142000,0.500000,1.500000,2.500000
2954779600,0.500000,1.500000,2.500000
2956306200,0.500000,1.500000,2.500000
2957827199,0.500000,1.500000,2.500000
2959413200,0.500000,1.500000,2.500000
