timestamp	ch1	ch2	ch3
00:00:00.000	1.315018	1.317949	1.312821
00:00:00.000	1.312088	1.320147	1.320879
00:00:00.000	1.319414	1.322344	1.321612
00:00:00.001	1.313553	1.312088	1.310623
00:00:00.001	1.309158	1.315018	1.320147
00:00:00.001	1.316484	1.322344	1.326007
00:00:00.002	1.318681	1.321612	1.323810
00:00:00.002	1.304762	1.312088	1.306227
00:00:00.004	1.303297	1.315018	1.317949
00:00:00.004	1.312088	1.323077	1.326740
00:00:00.004	1.317216	1.323077	1.319414
00:00:00.004	1.301832	1.311355	1.312088
00:00:00.004	1.295971	1.306960	1.310623
00:00:00.004	1.317949	1.323810	1.323810
00:00:00.005	1.318681	1.328205	1.323810
00:00:00.005	1.309158	1.314286	1.318681
00:00:00.005	1.319414	1.331136	1.323810
00:00:00.006	1.320879	1.327473	1.320879
00:00:00.006	1.308425	1.312821	1.317216
00:00:00.006	1.311355	1.323077	1.323810
00:00:00.009	1.316484	1.320147	1.316484
00:00:00.009	1.321612	1.323077	1.321612
00:00:00.009	1.318681	1.317949	1.317216
00:00:00.009	1.306960	1.309158	1.312088
00:00:00.009	1.319414	1.325275	1.321612
00:00:00.011	1.303297	1.313553	1.317216
00:00:00.011	1.314286	1.320147	1.326740
00:00:00.011	1.317949	1.320879	1.321612
00:00:00.011	1.320147	1.318681	1.319414
00:00:00.011	1.306227	1.317216	1.323810
00:00:00.011	1.313553	1.323810	1.322344
00:00:00.011	1.322344	1.313553	1.326740
00:00:00.011	1.310623	1.298168	1.308425
00:00:00.011	1.313553	1.290110	1.323077
00:00:00.016	1.317949	1.263736	1.320879
00:00:00.016	1.311355	1.285714	1.323077
00:00:00.016	1.297436	1.319414	1.315751
00:00:00.016	1.306960	1.342857	1.327473
00:00:00.016	1.317949	1.335531	1.321612
00:00:00.016	1.320147	1.338462	1.309158
00:00:00.016	1.316484	1.371429	1.310623
00:00:00.016	1.325275	1.427106	1.323810
00:00:00.016	1.315018	1.403663	1.320147
00:00:00.016	1.295971	1.334799	1.312821
00:00:00.016	1.318681	1.292308	1.341392
00:00:00.017	1.320879	1.262271	1.322344
00:00:00.017	1.319414	1.256410	1.306227
00:00:00.017	1.318681	1.285714	1.331868
00:00:00.017	1.317949	1.298901	1.323810
00:00:00.017	1.304762	1.297436	1.304029
00:00:00.049	1.311355	1.302564	1.314286
00:00:00.050	1.317949	1.327473	1.328205
00:00:00.050	1.305495	1.353846	1.309158
00:00:00.051	1.302564	1.362637	1.319414
00:00:00.051	1.264469	1.317949	1.288645
00:00:00.051	1.315751	1.336264	1.340659
00:00:00.052	1.273993	1.317949	1.337729
00:00:00.052	1.260073	1.307692	1.319414
00:00:00.052	1.322344	1.306960	1.317216
00:00:00.053	1.350183	1.312821	1.313553
00:00:00.053	1.303297	1.318681	1.304762
00:00:00.053	1.358974	1.339927	1.328205
00:00:00.054	1.385348	1.326007	1.326007
00:00:00.054	1.340659	1.323810	1.323077
00:00:00.054	1.324542	1.316484	1.320879
00:00:00.055	1.339927	1.311355	1.319414
00:00:00.055	1.339194	1.304029	1.312088
00:00:00.056	1.374359	1.315751	1.316484
00:00:00.056	1.345055	1.315018	1.309158
00:00:00.056	1.282784	1.319414	1.336996
00:00:00.057	1.227839	1.313553	1.339194
00:00:00.057	1.264469	1.313553	1.314286
00:00:00.057	1.305495	1.313553	1.318681
00:00:00.058	1.315751	1.322344	1.317216
00:00:00.058	1.281319	1.312821	1.312088
00:00:00.058	1.271062	1.311355	1.305495
00:00:00.059	1.293040	1.317216	1.306960
00:00:00.059	1.303297	1.318681	1.314286
00:00:00.059	1.303297	1.319414	1.322344
00:00:00.060	1.312088	1.318681	1.320147
00:00:00.060	1.313553	1.320147	1.319414
00:00:00.061	1.316484	1.317216	1.333333
00:00:00.061	1.317949	1.319414	1.361172
00:00:00.061	1.325275	1.320879	1.340659
00:00:00.062	1.318681	1.323810	1.293040
00:00:00.062	1.317216	1.321612	1.290842
00:00:00.062	1.322344	1.319414	1.303297
00:00:00.063	1.327473	1.316484	1.323810
00:00:00.063	1.336264	1.322344	1.343590
00:00:00.063	1.323077	1.324542	1.328205
00:00:00.064	1.312088	1.314286	1.338462
00:00:00.064	1.315751	1.317949	1.318681
00:00:00.065	1.299634	1.312821	1.309158
00:00:00.065	1.317216	1.314286	1.305495
00:00:00.065	1.318681	1.323077	1.306960
00:00:00.066	1.307692	1.321612	1.308425
00:00:00.066	1.272527	1.309158	1.284982
00:00:00.066	1.283516	1.324542	1.302564
00:00:00.067	1.302564	1.323810	1.315018
00:00:00.067	1.278388	1.314286	1.287912
00:00:00.099	1.302564	1.320879	1.291575
00:00:00.100	1.327473	1.322344	1.323810
00:00:00.100	1.355311	1.311355	1.367766
00:00:00.100	1.376557	1.313553	1.404396
00:00:00.101	1.385348	1.329670	1.386081
00:00:00.101	1.336264	1.320147	1.385348
00:00:00.101	1.314286	1.327473	1.344322
00:00:00.102	1.305495	1.315018	1.284982
00:00:00.102	1.306960	1.314286	1.289377
00:00:00.102	1.304029	1.312821	1.293773
00:00:00.107	1.308425	1.323810	1.314286
00:00:00.107	1.300366	1.318681	1.304029
00:00:00.108	1.288645	1.309158	1.289377
00:00:00.108	1.294505	1.318681	1.310623
00:00:00.108	1.303297	1.319414	1.314286
00:00:00.108	1.297436	1.309890	1.309890
00:00:00.108	1.300366	1.313553	1.305495
00:00:00.108	1.307692	1.325275	1.317949
00:00:00.108	1.313553	1.320879	1.316484
00:00:00.108	1.314286	1.326740	1.320147
00:00:00.108	1.301099	1.306960	1.309158
00:00:00.108	1.312821	1.323810	1.323077
00:00:00.108	1.315751	1.323810	1.321612
00:00:00.108	1.312821	1.320879	1.315751
00:00:00.108	1.306960	1.320147	1.320147
00:00:00.108	1.296703	1.312088	1.314286
00:00:00.113	1.332601	1.323810	1.334799
00:00:00.113	1.313553	1.317949	1.324542
00:00:00.113	1.311355	1.320147	1.323077
00:00:00.113	1.313553	1.320879	1.320147
00:00:00.113	1.298168	1.315018	1.312821
00:00:00.113	1.298168	1.322344	1.315751
00:00:00.113	1.293773	1.322344	1.323810
00:00:00.113	1.323810	1.317949	1.331136
00:00:00.113	1.338462	1.310623	1.300366
00:00:00.113	1.355311	1.319414	1.323810
00:00:00.113	1.339194	1.310623	1.311355
00:00:00.113	1.312088	1.317949	1.323810
00:00:00.113	1.295238	1.315751	1.312088
00:00:00.113	1.302564	1.326007	1.323810
00:00:00.114	1.311355	1.327473	1.328938
00:00:00.114	1.301099	1.322344	1.317949
00:00:00.114	1.293040	1.317216	1.320879
00:00:00.115	1.307692	1.326007	1.325275
00:00:00.115	1.303297	1.328938	1.321612
00:00:00.115	1.284982	1.311355	1.312088
00:00:00.116	1.288645	1.312821	1.312821
00:00:00.116	1.235897	1.316484	1.319414
00:00:00.116	1.265934	1.325275	1.315751
00:00:00.117	1.297436	1.308425	1.323810
00:00:00.149	1.344322	1.255678	1.315018
00:00:00.149	1.371429	1.246886	1.310623
00:00:00.150	1.428571	1.285714	1.320879
00:00:00.150	1.483516	1.321612	1.329670
00:00:00.150	1.389744	1.334066	1.323077
00:00:00.151	1.298168	1.353114	1.304029
00:00:00.151	1.263004	1.391209	1.305495
00:00:00.151	1.300366	1.407326	1.342125
00:00:00.152	1.307692	1.400000	1.342125
00:00:00.152	1.304029	1.341392	1.328205
00:00:00.153	1.288645	1.299634	1.315751
00:00:00.153	1.298168	1.300366	1.330403
00:00:00.153	1.303297	1.303297	1.320879
00:00:00.154	1.279853	1.311355	1.319414
00:00:00.154	1.265934	1.300366	1.311355
00:00:00.154	1.283516	1.302564	1.317216
00:00:00.155	1.303297	1.312821	1.316484
00:00:00.155	1.310623	1.312088	1.312088
00:00:00.155	1.301099	1.303297	1.311355
00:00:00.156	1.315751	1.316484	1.320147
00:00:00.156	1.313553	1.320147	1.328205
00:00:00.157	1.314286	1.320147	1.327473
00:00:00.157	1.315018	1.318681	1.323077
00:00:00.157	1.320879	1.321612	1.323810
00:00:00.158	1.313553	1.315018	1.323077
00:00:00.158	1.314286	1.317216	1.325275
00:00:00.158	1.310623	1.325275	1.329670
00:00:00.159	1.306227	1.320147	1.320147
00:00:00.159	1.320147	1.320147	1.320879
00:00:00.159	1.331868	1.315751	1.309890
00:00:00.160	1.328938	1.317216	1.322344
00:00:00.160	1.331868	1.323077	1.320147
00:00:00.160	1.317949	1.316484	1.306227
00:00:00.161	1.290110	1.308425	1.306227
00:00:00.161	1.306227	1.315018	1.306227
00:00:00.162	1.309890	1.313553	1.316484
00:00:00.162	1.317216	1.324542	1.323810
00:00:00.162	1.315018	1.323810	1.330403
00:00:00.163	1.314286	1.323077	1.326740
00:00:00.163	1.328938	1.324542	1.322344
00:00:00.163	1.317949	1.320879	1.319414
00:00:00.164	1.293040	1.312088	1.309158
00:00:00.164	1.317216	1.328938	1.337729
00:00:00.164	1.310623	1.323077	1.322344
00:00:00.165	1.327473	1.317216	1.314286
00:00:00.165	1.330403	1.323810	1.315018
00:00:00.165	1.299634	1.320147	1.316484
00:00:00.166	1.313553	1.321612	1.317949
00:00:00.166	1.309890	1.309158	1.310623
00:00:00.167	1.312821	1.323810	1.320879
00:00:00.199	1.295238	1.308425	1.309890
00:00:00.199	1.316484	1.328205	1.318681
00:00:00.199	1.299634	1.318681	1.304762
00:00:00.201	1.309890	1.306960	1.311355
00:00:00.201	1.315751	1.311355	1.302564
00:00:00.202	1.316484	1.313553	1.302564
00:00:00.204	1.315018	1.318681	1.321612
00:00:00.204	1.304029	1.323810	1.332601
00:00:00.204	1.298168	1.326740	1.336264
00:00:00.204	1.297436	1.317216	1.331868
00:00:00.204	1.307692	1.320879	1.343590
00:00:00.204	1.317949	1.322344	1.329670
00:00:00.204	1.358242	1.316484	1.311355
00:00:00.204	1.367033	1.320147	1.299634
00:00:00.204	1.349451	1.328205	1.331868
00:00:00.204	1.287912	1.316484	1.328938
00:00:00.204	1.278388	1.318681	1.318681
00:00:00.209	1.308425	1.315751	1.315018
00:00:00.209	1.325275	1.318681	1.320879
00:00:00.209	1.306227	1.307692	1.313553
00:00:00.209	1.295238	1.310623	1.310623
00:00:00.209	1.297436	1.328205	1.325275
00:00:00.209	1.301832	1.331136	1.323077
00:00:00.209	1.293040	1.317216	1.304029
00:00:00.209	1.314286	1.312088	1.320147
00:00:00.209	1.331136	1.332601	1.329670
00:00:00.209	1.316484	1.331868	1.315018
00:00:00.209	1.312821	1.343590	1.319414
00:00:00.209	1.323810	1.324542	1.322344
00:00:00.209	1.309158	1.312088	1.326740
00:00:00.209	1.306227	1.304029	1.306227
00:00:00.210	1.290110	1.302564	1.319414
00:00:00.210	1.264469	1.304762	1.323810
00:00:00.211	1.273260	1.309158	1.321612
00:00:00.211	1.281319	1.322344	1.321612
00:00:00.211	1.312088	1.323810	1.317949
00:00:00.212	1.328938	1.315751	1.308425
00:00:00.212	1.456410	1.323810	1.332601
00:00:00.212	1.402930	1.307692	1.317216
00:00:00.213	1.296703	1.298901	1.310623
00:00:00.213	1.237363	1.309158	1.312821
00:00:00.213	1.276923	1.322344	1.315751
00:00:00.214	1.306227	1.316484	1.309158
00:00:00.214	1.348718	1.312821	1.316484
00:00:00.215	1.333333	1.320147	1.323810
00:00:00.215	1.313553	1.322344	1.320879
00:00:00.215	1.306227	1.317216	1.317949
00:00:00.216	1.301832	1.293773	1.306227
00:00:00.216	1.305495	1.301099	1.323810
00:00:00.216	1.309158	1.326007	1.323810
00:00:00.249	1.314286	1.342125	1.317216
00:00:00.249	1.317949	1.358974	1.320147
00:00:00.249	1.309890	1.345788	1.312821
00:00:00.250	1.310623	1.331868	1.323810
00:00:00.250	1.315018	1.333333	1.323810
00:00:00.250	1.305495	1.327473	1.318681
00:00:00.251	1.289377	1.323810	1.326740
00:00:00.251	1.279853	1.289377	1.329670
00:00:00.251	1.314286	1.235165	1.331868
00:00:00.252	1.350916	1.238095	1.326740
00:00:00.252	1.365568	1.278388	1.317216
00:00:00.252	1.376557	1.300366	1.316484
00:00:00.254	1.349451	1.326007	1.320879
00:00:00.254	1.250549	1.369231	1.318681
00:00:00.254	1.287912	1.421978	1.319414
00:00:00.254	1.349451	1.451282	1.323810
00:00:00.254	1.407326	1.411722	1.330403
00:00:00.255	1.416117	1.341392	1.328938
00:00:00.255	1.271062	1.326007	1.326007
00:00:00.255	1.144322	1.315018	1.308425
00:00:00.256	1.312821	1.309890	1.323077
00:00:00.256	1.312088	1.285714	1.316484
00:00:00.256	1.213187	1.279853	1.311355
00:00:00.257	1.212454	1.309890	1.301832
00:00:00.257	1.227106	1.307692	1.300366
00:00:00.257	1.259341	1.298901	1.298901
00:00:00.258	1.365568	1.294505	1.318681
00:00:00.258	1.417582	1.316484	1.317949
00:00:00.259	1.427839	1.320879	1.326007
00:00:00.259	1.373626	1.309890	1.320879
00:00:00.259	1.342125	1.309158	1.334066
00:00:00.260	1.302564	1.323810	1.328938
00:00:00.260	1.308425	1.320879	1.320879
00:00:00.260	1.307692	1.313553	1.315751
00:00:00.261	1.302564	1.328205	1.332601
00:00:00.262	1.295238	1.332601	1.329670
00:00:00.262	1.249084	1.326007	1.315751
00:00:00.262	1.250549	1.297436	1.311355
00:00:00.262	1.309158	1.304029	1.328205
00:00:00.262	1.341392	1.375824	1.331136
00:00:00.264	1.416850	1.402930	1.323810
00:00:00.264	1.420513	1.394139	1.318681
00:00:00.264	1.320879	1.329670	1.320879
00:00:00.264	1.216850	1.244689	1.315018
00:00:00.264	1.224176	1.191941	1.317949
00:00:00.267	1.267399	1.178755	1.303297
00:00:00.267	1.274725	1.296703	1.309890
00:00:00.267	1.310623	1.275458	1.319414
00:00:00.267	1.320879	1.358242	1.320147
00:00:00.267	1.342857	1.412454	1.327473
00:00:00.300	1.323077	1.417582	1.326007
00:00:00.300	1.320879	1.362637	1.327473
00:00:00.300	1.356044	1.307692	1.334066
00:00:00.300	1.424908	1.299634	1.316484
00:00:00.300	1.442491	1.302564	1.313553
00:00:00.300	1.278388	1.304762	1.290110
00:00:00.300	1.205861	1.308425	1.309890
00:00:00.305	1.278388	1.314286	1.321612
00:00:00.305	1.284249	1.310623	1.310623
00:00:00.305	1.310623	1.325275	1.323810
00:00:00.305	1.353846	1.326740	1.343590
00:00:00.305	1.399267	1.328938	1.341392
00:00:00.305	1.286447	1.326740	1.315018
00:00:00.305	1.271062	1.332601	1.300366
00:00:00.305	1.356044	1.311355	1.331136
00:00:00.305	1.393407	1.302564	1.342857
00:00:00.305	1.348718	1.326740	1.346520
00:00:00.305	1.411722	1.319414	1.327473
00:00:00.305	1.313553	1.306227	1.286447
00:00:00.306	1.205128	1.298901	1.271062
00:00:00.306	1.136264	1.308425	1.285714
00:00:00.306	1.124542	1.309890	1.295238
00:00:00.306	1.208791	1.315751	1.296703
00:00:00.307	1.320879	1.317216	1.317949
00:00:00.307	1.413919	1.320147	1.320147
00:00:00.307	1.386813	1.324542	1.323077
00:00:00.308	1.358974	1.328938	1.332601
00:00:00.308	1.353846	1.324542	1.347253
00:00:00.308	1.277656	1.326740	1.353846
00:00:00.309	1.339927	1.328938	1.347253
00:00:00.309	1.397070	1.328205	1.341392
00:00:00.309	1.393407	1.320147	1.332601
00:00:00.310	1.386081	1.322344	1.313553
00:00:00.310	1.192674	1.317949	1.304029
00:00:00.310	1.245421	1.301832	1.307692
00:00:00.311	1.202930	1.306960	1.287912
00:00:00.311	1.245421	1.321612	1.305495
00:00:00.312	1.219780	1.330403	1.322344
00:00:00.312	1.317949	1.314286	1.320147
00:00:00.312	1.517216	1.336264	1.346520
00:00:00.313	1.486447	1.323810	1.347253
00:00:00.313	1.433700	1.323810	1.337729
00:00:00.313	1.355311	1.314286	1.321612
00:00:00.314	1.306227	1.324542	1.323810
00:00:00.314	1.185348	1.320879	1.319414
00:00:00.314	1.168498	1.312821	1.309890
00:00:00.315	1.242491	1.309890	1.312088
00:00:00.315	1.262271	1.309158	1.296703
00:00:00.315	1.268132	1.309890	1.298901
00:00:00.316	1.348718	1.318681	1.317949
00:00:00.348	1.368498	1.326740	1.331868
00:00:00.348	1.383150	1.313553	1.317216
00:00:00.349	1.436630	1.320879	1.285714
00:00:00.349	1.288645	1.324542	1.273993
00:00:00.349	1.203663	1.315018	1.250549
00:00:00.350	1.326740	1.313553	1.265934
00:00:00.350	1.316484	1.312088	1.285714
00:00:00.351	1.173626	1.323810	1.290110
00:00:00.351	1.091575	1.306227	1.325275
00:00:00.351	1.159707	1.316484	1.367766
00:00:00.352	1.227839	1.334066	1.399267
00:00:00.352	1.283516	1.334799	1.399267
00:00:00.352	1.446154	1.328938	1.375092
00:00:00.353	1.533333	1.331136	1.386813
00:00:00.353	1.523810	1.338462	1.417582
00:00:00.353	1.675458	1.321612	1.389744
00:00:00.354	1.712821	1.323810	1.339194
00:00:00.354	1.471062	1.301832	1.288645
00:00:00.355	1.203663	1.316484	1.261538
00:00:00.355	1.203663	1.313553	1.252015
00:00:00.355	1.171429	1.309158	1.276190
00:00:00.356	1.121612	1.315018	1.260806
00:00:00.356	1.124542	1.325275	1.296703
00:00:00.356	1.120147	1.330403	1.320147
00:00:00.357	1.230037	1.324542	1.312088
00:00:00.357	1.343590	1.326007	1.323810
00:00:00.358	1.402930	1.331136	1.336264
00:00:00.358	1.475458	1.316484	1.331868
00:00:00.358	1.405128	1.323810	1.329670
00:00:00.358	1.271795	1.315751	1.320147
00:00:00.361	1.246886	1.316484	1.328938
00:00:00.361	1.247619	1.310623	1.310623
00:00:00.361	1.215385	1.298168	1.301832
00:00:00.361	1.269597	1.323077	1.316484
00:00:00.361	1.298901	1.309158	1.304029
00:00:00.361	1.380220	1.317949	1.327473
00:00:00.361	1.370696	1.258608	1.323810
00:00:00.361	1.397802	1.267399	1.334066
00:00:00.363	1.369231	1.286447	1.341392
00:00:00.363	1.394872	1.268132	1.343590
00:00:00.363	1.324542	1.285714	1.334066
00:00:00.363	1.108425	1.331868	1.323077
00:00:00.363	1.213187	1.393407	1.322344
00:00:00.363	1.432234	1.433700	1.317949
00:00:00.364	1.580220	1.428571	1.337729
00:00:00.364	1.387546	1.358974	1.331136
00:00:00.368	1.218315	1.362637	1.333333
00:00:00.368	1.221245	1.364835	1.323077
00:00:00.368	1.064469	1.320147	1.295971
00:00:00.368	1.197070	1.277656	1.299634
00:00:00.400	1.455678	1.276190	1.318681
00:00:00.400	1.467399	1.284982	1.319414
00:00:00.400	1.339927	1.295238	1.326740
00:00:00.400	1.221978	1.309890	1.314286
00:00:00.400	1.338462	1.315018	1.306960
00:00:00.400	1.267399	1.327473	1.323810
00:00:00.400	1.248352	1.325275	1.311355
00:00:00.400	1.317949	1.315018	1.294505
00:00:00.401	1.280586	1.320879	1.298901
00:00:00.401	1.265201	1.322344	1.302564
00:00:00.401	1.417582	1.314286	1.320147
00:00:00.402	1.283516	1.314286	1.323810
00:00:00.402	1.251282	1.310623	1.326007
00:00:00.402	1.312088	1.312821	1.344322
00:00:00.403	1.292308	1.323810	1.342857
00:00:00.403	1.394139	1.311355	1.326007
00:00:00.404	1.558242	1.323810	1.315751
00:00:00.404	1.537729	1.323810	1.312821
00:00:00.404	1.347253	1.320879	1.323810
00:00:00.405	1.349451	1.306960	1.312088
00:00:00.405	1.288645	1.307692	1.306227
00:00:00.405	1.097436	1.321612	1.319414
00:00:00.406	1.153114	1.323810	1.329670
00:00:00.406	1.153114	1.321612	1.323810
00:00:00.406	1.232234	1.314286	1.315018
00:00:00.407	1.509158	1.334066	1.349451
00:00:00.407	1.542857	1.336996	1.346520
00:00:00.408	1.375824	1.320147	1.313553
00:00:00.408	1.281319	1.316484	1.292308
00:00:00.408	1.257143	1.312821	1.291575
00:00:00.409	1.252747	1.321612	1.297436
00:00:00.409	1.274725	1.328938	1.300366
00:00:00.409	1.223443	1.326740	1.309890
00:00:00.411	1.092308	1.315018	1.309158
00:00:00.411	1.190476	1.322344	1.330403
00:00:00.411	1.381685	1.328205	1.347253
00:00:00.411	1.433700	1.320879	1.330403
00:00:00.411	1.405128	1.320879	1.323077
00:00:00.411	1.380952	1.317949	1.316484
00:00:00.412	1.205128	1.312821	1.312821
00:00:00.412	1.356777	1.319414	1.318681
00:00:00.413	1.556777	1.323077	1.326007
00:00:00.413	1.521612	1.332601	1.338462
00:00:00.413	1.219048	1.325275	1.323077
00:00:00.414	1.123077	1.310623	1.298901
00:00:00.414	1.402198	1.312088	1.310623
00:00:00.414	1.199267	1.316484	1.293773
00:00:00.415	1.119414	1.326740	1.300366
00:00:00.415	1.247619	1.320879	1.312821
00:00:00.415	1.298901	1.322344	1.317216
00:00:00.448	1.323810	1.328205	1.338462
00:00:00.448	1.419780	1.345788	1.330403
00:00:00.448	1.495971	1.345788	1.328938
00:00:00.449	1.388278	1.333333	1.332601
00:00:00.449	1.375824	1.312821	1.328938
00:00:00.449	1.279121	1.288645	1.320147
00:00:00.450	1.193407	1.283516	1.322344
00:00:00.450	1.145788	1.305495	1.336996
00:00:00.450	1.188278	1.318681	1.332601
00:00:00.451	1.327473	1.323810	1.313553
00:00:00.451	1.388278	1.319414	1.295971
00:00:00.452	1.591209	1.329670	1.306960
00:00:00.452	1.545055	1.342857	1.315018
00:00:00.452	1.138462	1.324542	1.296703
00:00:00.453	1.131136	1.303297	1.273993
00:00:00.453	1.405861	1.304762	1.320147
00:00:00.453	1.463004	1.313553	1.359707
00:00:00.454	1.432234	1.326007	1.381685
00:00:00.454	1.225641	1.315751	1.356777
00:00:00.454	1.131136	1.314286	1.336996
00:00:00.456	1.231502	1.322344	1.338462
00:00:00.456	1.415385	1.272527	1.339194
00:00:00.456	1.350916	1.268132	1.308425
00:00:00.456	1.377289	1.293773	1.317216
00:00:00.456	1.404396	1.315018	1.309890
00:00:00.457	1.400733	1.344322	1.315018
00:00:00.457	1.306960	1.366300	1.301832
00:00:00.457	1.035897	1.394872	1.297436
00:00:00.460	1.156044	1.397802	1.273260
00:00:00.460	1.326007	1.391209	1.316484
00:00:00.460	1.389744	1.326740	1.322344
00:00:00.460	1.293773	1.304029	1.326007
00:00:00.460	1.304029	1.291575	1.310623
00:00:00.460	1.158242	1.292308	1.289377
00:00:00.460	1.075458	1.300366	1.306960
00:00:00.460	1.304029	1.309158	1.315751
00:00:00.460	1.468132	1.309890	1.321612
00:00:00.465	1.512821	1.323077	1.320147
00:00:00.465	1.411722	1.299634	1.316484
00:00:00.465	1.425641	1.316484	1.336996
00:00:00.465	1.349451	1.317216	1.344322
00:00:00.465	1.375092	1.300366	1.315018
00:00:00.465	1.405861	1.300366	1.294505
00:00:00.465	1.287179	1.302564	1.334066
00:00:00.465	1.241758	1.333333	1.357509
00:00:00.465	1.227106	1.328205	1.342857
00:00:00.465	1.350916	1.303297	1.303297
00:00:00.465	1.378022	1.278388	1.278388
00:00:00.465	1.239560	1.292308	1.307692
00:00:00.465	1.227839	1.312088	1.327473
00:00:00.497	1.276923	1.323810	1.326740
00:00:00.499	1.315751	1.320879	1.311355
00:00:00.499	1.317949	1.326740	1.320879
00:00:00.499	1.327473	1.355311	1.326740
00:00:00.499	1.306227	1.357509	1.315751
00:00:00.499	1.304029	1.345055	1.314286
00:00:00.500	1.299634	1.337729	1.315751
00:00:00.500	1.319414	1.353846	1.323077
00:00:00.500	1.313553	1.336996	1.320879
00:00:00.501	1.319414	1.320147	1.321612
00:00:00.501	1.319414	1.314286	1.323810
00:00:00.501	1.340659	1.309158	1.326007
00:00:00.502	1.380220	1.290842	1.334066
00:00:00.502	1.334066	1.300366	1.323077
00:00:00.502	1.284982	1.309890	1.309158
00:00:00.503	1.241026	1.313553	1.313553
00:00:00.503	1.224176	1.320147	1.319414
00:00:00.503	1.219780	1.318681	1.320879
00:00:00.504	1.284249	1.317949	1.328205
00:00:00.504	1.316484	1.296703	1.317216
00:00:00.505	1.367033	1.304762	1.322344
00:00:00.505	1.437363	1.306227	1.313553
00:00:00.505	1.376557	1.328938	1.304029
00:00:00.506	1.369231	1.329670	1.315018
00:00:00.506	1.351648	1.305495	1.316484
00:00:00.506	1.253480	1.297436	1.315018
00:00:00.507	1.309890	1.314286	1.316484
00:00:00.507	1.340659	1.323077	1.314286
00:00:00.507	1.312088	1.332601	1.325275
00:00:00.508	1.246886	1.332601	1.335531
00:00:00.508	1.342857	1.341392	1.338462
00:00:00.508	1.438095	1.343590	1.326740
00:00:00.509	1.508425	1.347253	1.323077
00:00:00.509	1.405861	1.345055	1.310623
00:00:00.510	1.171429	1.340659	1.302564
00:00:00.510	1.073260	1.312088	1.300366
00:00:00.510	1.201465	1.297436	1.312088
00:00:00.511	1.142125	1.298168	1.319414
00:00:00.511	1.233700	1.301099	1.331136
00:00:00.511	1.372161	1.318681	1.339194
00:00:00.512	1.397070	1.313553	1.320879
00:00:00.512	1.267399	1.309158	1.305495
00:00:00.512	1.321612	1.317949	1.314286
00:00:00.513	1.345788	1.320147	1.321612
00:00:00.513	1.367766	1.323810	1.327473
00:00:00.513	1.357509	1.313553	1.326740
00:00:00.514	1.306227	1.322344	1.330403
00:00:00.515	1.249817	1.317949	1.323810
00:00:00.515	1.242491	1.326007	1.321612
00:00:00.515	1.317949	1.325275	1.322344
00:00:00.547	1.268132	1.317949	1.320879
00:00:00.547	1.383150	1.326740	1.328938
00:00:00.548	1.487179	1.327473	1.323077
00:00:00.548	1.378022	1.320147	1.313553
00:00:00.549	1.528938	1.328205	1.312088
00:00:00.549	1.544322	1.329670	1.323810
00:00:00.549	1.465201	1.312088	1.328205
00:00:00.550	1.246154	1.326007	1.334799
00:00:00.550	0.950916	1.318681	1.306227
00:00:00.550	1.002930	1.263004	1.284982
00:00:00.552	1.134066	1.246886	1.308425
00:00:00.552	1.326007	1.277656	1.318681
00:00:00.552	1.351648	1.318681	1.329670
00:00:00.554	1.323810	1.331136	1.319414
00:00:00.554	1.433700	1.351648	1.312821
00:00:00.554	1.432234	1.397070	1.316484
00:00:00.554	1.336996	1.416850	1.315018
00:00:00.554	1.346520	1.400000	1.317216
00:00:00.554	1.241026	1.323810	1.322344
00:00:00.554	1.265201	1.290842	1.328205
00:00:00.554	1.300366	1.307692	1.335531
00:00:00.556	1.317949	1.306227	1.326740
00:00:00.556	1.355311	1.309158	1.316484
00:00:00.556	1.342857	1.307692	1.323810
00:00:00.556	1.250549	1.305495	1.318681
00:00:00.556	1.342857	1.314286	1.326007
00:00:00.556	1.379487	1.312821	1.323810
00:00:00.561	1.273260	1.304762	1.297436
00:00:00.561	1.287179	1.303297	1.300366
00:00:00.561	1.283516	1.313553	1.328938
00:00:00.561	1.254945	1.327473	1.350183
00:00:00.561	1.242491	1.318681	1.323810
00:00:00.561	1.242491	1.304762	1.298168
00:00:00.561	1.361905	1.320879	1.313553
00:00:00.561	1.613919	1.331136	1.332601
00:00:00.561	1.608059	1.329670	1.338462
00:00:00.561	1.385348	1.309890	1.313553
00:00:00.561	1.167766	1.303297	1.275458
00:00:00.561	1.037363	1.319414	1.306227
00:00:00.561	1.178022	1.331868	1.327473
00:00:00.561	1.238095	1.320879	1.309890
00:00:00.562	1.235897	1.328938	1.323810
00:00:00.562	1.444689	1.322344	1.303297
00:00:00.563	1.506227	1.338462	1.310623
00:00:00.563	1.432234	1.322344	1.297436
00:00:00.563	1.378755	1.326740	1.334066
00:00:00.564	1.178755	1.315018	1.326007
00:00:00.564	1.224908	1.318681	1.306227
00:00:00.564	1.192674	1.311355	1.294505
00:00:00.565	1.263004	1.304029	1.340659
00:00:00.597	1.276190	1.308425	1.369963
00:00:00.597	1.378755	1.318681	1.386081
00:00:00.598	1.389011	1.312088	1.367033
00:00:00.598	1.476190	1.315018	1.344322
00:00:00.599	1.367766	1.317949	1.302564
00:00:00.599	1.309890	1.337729	1.300366
00:00:00.599	1.263736	1.344322	1.305495
00:00:00.599	1.391209	1.337729	1.317949
00:00:00.600	1.330403	1.328205	1.286447
00:00:00.600	1.250549	1.309890	1.260806
00:00:00.600	1.224908	1.306227	1.282784
00:00:00.601	1.268132	1.271795	1.320147
00:00:00.601	1.345055	1.298168	1.331868
00:00:00.602	1.403663	1.301099	1.310623
00:00:00.602	1.383150	1.311355	1.319414
00:00:00.602	1.263736	1.322344	1.309158
00:00:00.603	1.235897	1.328938	1.304762
00:00:00.603	1.243223	1.333333	1.317949
00:00:00.603	1.338462	1.353846	1.346520
00:00:00.604	1.378022	1.346520	1.350916
00:00:00.604	1.372894	1.316484	1.331136
00:00:00.604	1.376557	1.332601	1.326740
00:00:00.605	1.241758	1.328205	1.301832
00:00:00.605	1.229304	1.344322	1.304029
00:00:00.605	1.222711	1.327473	1.315751
00:00:00.606	1.323077	1.305495	1.308425
00:00:00.606	1.307692	1.304762	1.309158
00:00:00.607	1.330403	1.302564	1.307692
00:00:00.607	1.346520	1.318681	1.323810
00:00:00.607	1.240293	1.304029	1.296703
00:00:00.608	1.189744	1.306227	1.309890
00:00:00.608	1.276923	1.320147	1.319414
00:00:00.608	1.326740	1.324542	1.331868
00:00:00.609	1.370696	1.319414	1.330403
00:00:00.609	1.402198	1.323077	1.336996
00:00:00.609	1.384615	1.305495	1.323077
00:00:00.610	1.341392	1.318681	1.339927
00:00:00.610	1.238828	1.303297	1.309158
00:00:00.611	1.265201	1.310623	1.304762
00:00:00.611	1.276923	1.315018	1.321612
00:00:00.611	1.331136	1.321612	1.326007
00:00:00.612	1.388278	1.330403	1.323810
00:00:00.612	1.357509	1.326740	1.322344
00:00:00.612	1.334066	1.343590	1.326007
00:00:00.613	1.310623	1.332601	1.332601
00:00:00.613	1.312088	1.315018	1.315018
00:00:00.613	1.367766	1.317216	1.320147
00:00:00.614	1.334799	1.288645	1.305495
00:00:00.614	1.238095	1.298168	1.312088
00:00:00.614	1.289377	1.317949	1.317949
00:00:00.648	1.405861	1.333333	1.316484
00:00:00.648	1.394139	1.297436	1.327473
00:00:00.648	1.379487	1.262271	1.332601
00:00:00.650	1.319414	1.273260	1.328205
00:00:00.650	1.210989	1.320147	1.306960
00:00:00.650	1.111355	1.350183	1.317216
00:00:00.650	1.317216	1.358242	1.326007
00:00:00.650	1.295238	1.368498	1.318681
00:00:00.650	1.221245	1.400000	1.329670
00:00:00.650	1.293773	1.400000	1.326740
00:00:00.650	1.357509	1.335531	1.317216
00:00:00.652	1.397070	1.293773	1.300366
00:00:00.652	1.417582	1.293040	1.320147
00:00:00.652	1.452747	1.307692	1.339194
00:00:00.652	1.419048	1.309890	1.340659
00:00:00.652	1.219048	1.303297	1.311355
00:00:00.652	1.126740	1.298901	1.298901
00:00:00.657	1.345055	1.311355	1.306227
00:00:00.657	1.323077	1.314286	1.314286
00:00:00.657	1.261538	1.310623	1.320879
00:00:00.657	1.342125	1.315751	1.329670
00:00:00.657	1.363370	1.316484	1.321612
00:00:00.657	1.218315	1.323810	1.326007
00:00:00.657	1.256410	1.328205	1.322344
00:00:00.657	1.283516	1.322344	1.310623
00:00:00.657	1.374359	1.305495	1.306227
00:00:00.657	1.365568	1.313553	1.312821
00:00:00.657	1.315018	1.314286	1.320879
00:00:00.657	1.318681	1.326007	1.332601
00:00:00.657	1.284982	1.321612	1.330403
00:00:00.657	1.202198	1.304029	1.328205
00:00:00.659	1.302564	1.322344	1.336264
00:00:00.659	1.351648	1.322344	1.320879
00:00:00.659	1.375092	1.306960	1.296703
00:00:00.659	1.422711	1.309890	1.289377
00:00:00.659	1.367766	1.322344	1.322344
00:00:00.660	1.420513	1.328205	1.328205
00:00:00.660	1.334799	1.318681	1.310623
00:00:00.660	1.304029	1.318681	1.318681
00:00:00.661	1.245421	1.315751	1.347253
00:00:00.661	1.116484	1.324542	1.350916
00:00:00.661	1.222711	1.321612	1.334799
00:00:00.662	1.285714	1.316484	1.323810
00:00:00.662	1.255678	1.315751	1.320147
00:00:00.662	1.249817	1.315018	1.300366
00:00:00.663	1.400000	1.323810	1.290842
00:00:00.663	1.402198	1.312821	1.284249
00:00:00.664	1.312821	1.321612	1.282784
00:00:00.664	1.399267	1.330403	1.312088
00:00:00.664	1.430769	1.327473	1.334799
00:00:00.696	1.373626	1.323810	1.332601
00:00:00.697	1.311355	1.317216	1.323810
00:00:00.697	1.294505	1.317216	1.323077
00:00:00.697	1.287179	1.312821	1.323810
00:00:00.698	1.290842	1.323810	1.345055
00:00:00.698	1.295971	1.320147	1.331868
00:00:00.699	1.315751	1.310623	1.313553
00:00:00.699	1.367033	1.313553	1.310623
00:00:00.699	1.358974	1.323810	1.315751
00:00:00.700	1.300366	1.312821	1.304029
00:00:00.700	1.273993	1.318681	1.307692
00:00:00.700	1.295971	1.320879	1.305495
00:00:00.701	1.309158	1.318681	1.319414
00:00:00.701	1.121612	1.317216	1.300366
00:00:00.701	1.248352	1.312821	1.310623
00:00:00.702	1.325275	1.321612	1.333333
00:00:00.702	1.313553	1.323077	1.347253
00:00:00.703	1.315018	1.323810	1.333333
00:00:00.704	1.304762	1.323810	1.323810
00:00:00.704	1.340659	1.323077	1.317949
00:00:00.704	1.347253	1.311355	1.306960
00:00:00.704	1.316484	1.316484	1.318681
00:00:00.704	1.323810	1.320147	1.335531
00:00:00.705	1.400000	1.316484	1.337729
00:00:00.705	1.368498	1.318681	1.336996
00:00:00.705	1.361905	1.317216	1.328938
00:00:00.706	1.314286	1.319414	1.320147
00:00:00.706	1.227839	1.320879	1.316484
00:00:00.706	1.214652	1.314286	1.313553
00:00:00.707	1.309158	1.315018	1.309890
00:00:00.707	1.357509	1.310623	1.300366
00:00:00.708	1.375092	1.320147	1.298168
00:00:00.708	1.243956	1.317216	1.312088
00:00:00.708	1.338462	1.333333	1.326007
00:00:00.709	1.431502	1.332601	1.332601
00:00:00.709	1.471062	1.337729	1.336996
00:00:00.709	1.300366	1.328205	1.320879
00:00:00.710	1.177289	1.331868	1.323077
00:00:00.710	1.146520	1.318681	1.313553
00:00:00.710	1.268864	1.321612	1.315751
00:00:00.712	1.313553	1.317216	1.320879
00:00:00.712	1.319414	1.317216	1.326740
00:00:00.712	1.331868	1.321612	1.326007
00:00:00.712	1.287912	1.313553	1.319414
00:00:00.712	1.300366	1.290110	1.309890
00:00:00.714	1.302564	1.283516	1.315018
00:00:00.714	1.355311	1.305495	1.325275
00:00:00.714	1.350916	1.326740	1.333333
00:00:00.715	1.351648	1.328938	1.326740
00:00:00.715	1.382418	1.322344	1.308425
00:00:00.748	1.391209	1.330403	1.303297
00:00:00.748	1.286447	1.362637	1.313553
00:00:00.748	1.202198	1.352381	1.301099
00:00:00.748	1.279853	1.343590	1.319414
00:00:00.748	1.326007	1.317216	1.326740
00:00:00.748	1.361905	1.317216	1.331868
00:00:00.748	1.343590	1.317949	1.327473
00:00:00.753	1.293040	1.316484	1.321612
00:00:00.753	1.240293	1.304762	1.312821
00:00:00.753	1.300366	1.306227	1.318681
00:00:00.753	1.313553	1.323077	1.339927
00:00:00.753	1.227106	1.317949	1.323077
00:00:00.753	1.191941	1.317216	1.310623
00:00:00.753	1.288645	1.284982	1.316484
00:00:00.753	1.312821	1.250549	1.326007
00:00:00.753	1.434432	1.271795	1.333333
00:00:00.753	1.543590	1.326007	1.331868
00:00:00.753	1.404396	1.312821	1.298901
00:00:00.753	1.349451	1.350916	1.302564
00:00:00.753	1.429304	1.380952	1.306960
00:00:00.753	1.437363	1.408791	1.317216
00:00:00.755	1.335531	1.385348	1.323810
00:00:00.755	1.250549	1.324542	1.315018
00:00:00.755	1.030037	1.304029	1.330403
00:00:00.756	1.095238	1.309890	1.321612
00:00:00.756	1.244689	1.309158	1.334799
00:00:00.756	1.380220	1.297436	1.328205
00:00:00.756	1.516484	1.317949	1.331136
00:00:00.756	1.454212	1.306960	1.335531
00:00:00.757	1.348718	1.323810	1.340659
00:00:00.757	1.347253	1.313553	1.336996
00:00:00.757	1.299634	1.316484	1.338462
00:00:00.758	1.265201	1.307692	1.316484
00:00:00.758	1.196337	1.317216	1.306227
00:00:00.758	1.161905	1.305495	1.284982
00:00:00.759	1.311355	1.315018	1.291575
00:00:00.759	1.328938	1.314286	1.276190
00:00:00.759	1.141392	1.313553	1.284249
00:00:00.760	1.271062	1.328205	1.334066
00:00:00.760	1.328205	1.324542	1.354579
00:00:00.761	1.342125	1.323810	1.344322
00:00:00.761	1.339194	1.309158	1.326007
00:00:00.761	1.386813	1.317216	1.336264
00:00:00.762	1.347253	1.323077	1.304029
00:00:00.762	1.322344	1.310623	1.300366
00:00:00.762	1.315018	1.322344	1.320147
00:00:00.763	1.309158	1.323077	1.304762
00:00:00.763	1.316484	1.324542	1.311355
00:00:00.763	1.319414	1.323810	1.323810
00:00:00.764	1.314286	1.323810	1.322344
00:00:00.796	1.347253	1.326007	1.331136
00:00:00.796	1.334799	1.314286	1.340659
00:00:00.797	1.355311	1.324542	1.359707
00:00:00.797	1.379487	1.322344	1.365568
00:00:00.797	1.376557	1.327473	1.359707
00:00:00.798	1.258608	1.329670	1.335531
00:00:00.798	1.156777	1.318681	1.312821
00:00:00.798	1.230769	1.311355	1.275458
00:00:00.799	1.213919	1.326740	1.304762
00:00:00.799	1.483516	1.322344	1.304762
00:00:00.800	1.497436	1.312821	1.293040
00:00:00.800	1.498168	1.324542	1.309158
00:00:00.800	1.265934	1.330403	1.296703
00:00:00.801	1.085714	1.323077	1.304029
00:00:00.801	1.264469	1.318681	1.323077
00:00:00.801	1.317216	1.309890	1.320879
00:00:00.802	1.427839	1.310623	1.312088
00:00:00.802	1.463004	1.298168	1.293040
00:00:00.802	1.369231	1.306227	1.287912
00:00:00.804	1.287179	1.326740	1.377289
00:00:00.804	1.282051	1.336996	1.397802
00:00:00.804	1.273993	1.347985	1.346520
00:00:00.804	1.207326	1.334066	1.313553
00:00:00.804	1.269597	1.331136	1.313553
00:00:00.805	1.325275	1.317216	1.306227
00:00:00.805	1.331136	1.322344	1.317949
00:00:00.805	1.276923	1.320879	1.311355
00:00:00.806	1.240293	1.327473	1.318681
00:00:00.806	1.293040	1.323810	1.321612
00:00:00.806	1.297436	1.312088	1.319414
00:00:00.809	1.293773	1.312821	1.312821
00:00:00.809	1.339194	1.320879	1.319414
00:00:00.809	1.382418	1.315018	1.322344
00:00:00.809	1.404396	1.315751	1.323077
00:00:00.809	1.361172	1.324542	1.323810
00:00:00.809	1.327473	1.313553	1.314286
00:00:00.809	1.299634	1.312088	1.312088
00:00:00.809	1.288645	1.320879	1.312088
00:00:00.811	1.267399	1.312821	1.310623
00:00:00.811	1.303297	1.326007	1.329670
00:00:00.811	1.339927	1.303297	1.325275
00:00:00.812	1.357509	1.310623	1.327473
00:00:00.812	1.367033	1.323077	1.323810
00:00:00.812	1.313553	1.335531	1.311355
00:00:00.812	1.183150	1.346520	1.311355
00:00:00.812	1.296703	1.334799	1.325275
00:00:00.812	1.347253	1.313553	1.315751
00:00:00.817	1.301832	1.293773	1.319414
00:00:00.817	1.341392	1.310623	1.321612
00:00:00.817	1.365568	1.311355	1.329670
00:00:00.848	1.375824	1.317216	1.331136
00:00:00.848	1.378022	1.321612	1.309890
00:00:00.848	1.309890	1.355311	1.315018
00:00:00.848	1.052747	1.354579	1.298901
00:00:00.848	1.230769	1.353846	1.320147
00:00:00.848	1.426374	1.334066	1.333333
00:00:00.848	1.412454	1.309890	1.336996
00:00:00.848	1.356044	1.298168	1.327473
00:00:00.849	1.345055	1.308425	1.328205
00:00:00.849	1.329670	1.310623	1.323077
00:00:00.849	1.332601	1.310623	1.323810
00:00:00.850	1.226374	1.308425	1.312088
00:00:00.850	1.175092	1.312821	1.309890
00:00:00.850	1.217582	1.328938	1.312821
00:00:00.851	1.364835	1.323077	1.323810
00:00:00.851	1.468864	1.314286	1.330403
00:00:00.851	1.428571	1.325275	1.332601
00:00:00.852	1.278388	1.323077	1.325275
00:00:00.852	1.333333	1.309890	1.309890
00:00:00.853	1.398535	1.319414	1.320879
00:00:00.853	1.380952	1.302564	1.298168
00:00:00.853	1.257143	1.311355	1.312088
00:00:00.854	1.117216	1.329670	1.323077
00:00:00.854	1.219048	1.317949	1.314286
00:00:00.854	1.331136	1.323810	1.323077
00:00:00.855	1.341392	1.317216	1.317216
00:00:00.855	1.345788	1.316484	1.326007
00:00:00.855	1.327473	1.317949	1.320879
00:00:00.856	1.322344	1.327473	1.328938
00:00:00.856	1.307692	1.315751	1.314286
00:00:00.856	1.252015	1.320879	1.317216
00:00:00.857	1.323810	1.323077	1.313553
00:00:00.857	1.314286	1.317216	1.309158
00:00:00.858	1.295238	1.309158	1.309890
00:00:00.858	1.312088	1.315018	1.326740
00:00:00.858	1.396337	1.321612	1.328205
00:00:00.859	1.408791	1.312088	1.316484
00:00:00.859	1.385348	1.317216	1.319414
00:00:00.860	1.269597	1.323810	1.312821
00:00:00.860	1.145788	1.320879	1.304029
00:00:00.860	1.186081	1.323810	1.316484
00:00:00.860	1.276923	1.320879	1.322344
00:00:00.861	1.300366	1.321612	1.316484
00:00:00.861	1.310623	1.311355	1.316484
00:00:00.862	1.402198	1.313553	1.319414
00:00:00.862	1.331136	1.315018	1.326740
00:00:00.862	1.320147	1.324542	1.323810
00:00:00.863	1.348718	1.320879	1.320147
00:00:00.863	1.334066	1.320147	1.319414
00:00:00.863	1.271795	1.323077	1.334799
