timestamp	ch1	ch2	ch3
00:00:00.000	1.302564	1.314286	1.289377
00:00:00.001	1.294505	1.309890	1.313553
00:00:00.001	1.312088	1.319414	1.334799
00:00:00.002	1.312088	1.322344	1.304762
00:00:00.002	1.319414	1.318681	1.344322
00:00:00.002	1.320147	1.318681	1.354579
00:00:00.003	1.331868	1.325275	1.358974
00:00:00.003	1.316484	1.321612	1.329670
00:00:00.003	1.316484	1.314286	1.315018
00:00:00.006	1.331868	1.317216	1.336264
00:00:00.006	1.348718	1.325275	1.353114
00:00:00.006	1.319414	1.323077	1.320147
00:00:00.006	1.320147	1.326007	1.331136
00:00:00.006	1.305495	1.318681	1.315751
00:00:00.006	1.301099	1.315751	1.290842
00:00:00.007	1.312088	1.315018	1.311355
00:00:00.007	1.312088	1.327473	1.326740
00:00:00.007	1.306960	1.318681	1.315751
00:00:00.011	1.311355	1.323077	1.320147
00:00:00.011	1.307692	1.318681	1.312088
00:00:00.011	1.314286	1.320147	1.312821
00:00:00.011	1.326007	1.317216	1.306227
00:00:00.011	1.302564	1.310623	1.306960
00:00:00.011	1.308425	1.318681	1.315751
00:00:00.011	1.304762	1.317949	1.317216
00:00:00.011	1.309890	1.316484	1.317216
00:00:00.011	1.314286	1.320147	1.320879
00:00:00.011	1.311355	1.320147	1.322344
00:00:00.011	1.316484	1.319414	1.322344
00:00:00.011	1.316484	1.320147	1.324542
00:00:00.011	1.315018	1.318681	1.320147
00:00:00.012	1.315018	1.320879	1.323810
00:00:00.012	1.310623	1.317949	1.321612
00:00:00.012	1.312088	1.315018	1.309158
00:00:00.013	1.315018	1.325275	1.325275
00:00:00.013	1.310623	1.315751	1.319414
00:00:00.013	1.314286	1.323077	1.328938
00:00:00.014	1.317216	1.321612	1.323810
00:00:00.014	1.316484	1.319414	1.318681
00:00:00.014	1.307692	1.310623	1.322344
00:00:00.015	1.313553	1.317949	1.323810
00:00:00.015	1.316484	1.317949	1.316484
00:00:00.015	1.318681	1.326007	1.323077
00:00:00.016	1.317949	1.320147	1.312088
00:00:00.016	1.307692	1.312821	1.310623
00:00:00.017	1.320147	1.323810	1.319414
00:00:00.017	1.315018	1.320147	1.317216
00:00:00.017	1.321612	1.323077	1.328205
00:00:00.018	1.317949	1.321612	1.327473
00:00:00.018	1.325275	1.321612	1.331868
00:00:00.050	1.323810	1.316484	1.330403
00:00:00.051	1.301099	1.312088	1.325275
00:00:00.051	1.334799	1.320879	1.320879
00:00:00.051	1.365568	1.284982	1.303297
00:00:00.052	1.326740	1.257143	1.312088
00:00:00.052	1.258608	1.275458	1.295238
00:00:00.052	1.251282	1.300366	1.305495
00:00:00.053	1.290842	1.320879	1.315751
00:00:00.053	1.293773	1.327473	1.314286
00:00:00.053	1.315018	1.356044	1.323810
00:00:00.054	1.304029	1.389011	1.322344
00:00:00.054	1.332601	1.397802	1.331136
00:00:00.054	1.344322	1.373626	1.331136
00:00:00.055	1.325275	1.325275	1.323077
00:00:00.055	1.265934	1.317949	1.323810
00:00:00.056	1.235165	1.309890	1.299634
00:00:00.056	1.312821	1.308425	1.301832
00:00:00.056	1.359707	1.326740	1.326740
00:00:00.057	1.358242	1.326007	1.321612
00:00:00.057	1.315018	1.309890	1.312088
00:00:00.057	1.309158	1.305495	1.309890
00:00:00.058	1.320147	1.285714	1.321612
00:00:00.058	1.375092	1.301099	1.326740
00:00:00.058	1.383883	1.316484	1.323077
00:00:00.059	1.241758	1.306227	1.316484
00:00:00.060	1.263004	1.289377	1.323810
00:00:00.060	1.305495	1.271795	1.320879
00:00:00.060	1.320879	1.300366	1.321612
00:00:00.060	1.334799	1.322344	1.302564
00:00:00.061	1.351648	1.323810	1.311355
00:00:00.061	1.362637	1.323077	1.330403
00:00:00.061	1.323810	1.278388	1.317949
00:00:00.062	1.312088	1.310623	1.322344
00:00:00.062	1.281319	1.357509	1.318681
00:00:00.062	1.250549	1.394872	1.315018
00:00:00.063	1.310623	1.381685	1.336264
00:00:00.063	1.345055	1.345788	1.314286
00:00:00.063	1.323810	1.309158	1.303297
00:00:00.064	1.293773	1.296703	1.309890
00:00:00.064	1.272527	1.305495	1.302564
00:00:00.065	1.288645	1.365568	1.321612
00:00:00.065	1.292308	1.323810	1.317216
00:00:00.065	1.299634	1.314286	1.327473
00:00:00.067	1.303297	1.311355	1.323077
00:00:00.067	1.347253	1.309890	1.316484
00:00:00.067	1.353846	1.305495	1.330403
00:00:00.069	1.334066	1.317949	1.334799
00:00:00.069	1.300366	1.313553	1.316484
00:00:00.069	1.260073	1.303297	1.310623
00:00:00.069	1.224176	1.306960	1.314286
00:00:00.100	1.243223	1.317949	1.320879
00:00:00.100	1.272527	1.315751	1.314286
00:00:00.101	1.335531	1.311355	1.323810
00:00:00.101	1.354579	1.323077	1.331136
00:00:00.101	1.309158	1.330403	1.337729
00:00:00.102	1.432234	1.284982	1.331136
00:00:00.102	1.429304	1.237363	1.325275
00:00:00.102	1.239560	1.270330	1.300366
00:00:00.103	1.345055	1.313553	1.315018
00:00:00.103	1.357509	1.347985	1.319414
00:00:00.107	1.496703	1.356777	1.323810
00:00:00.107	1.378022	1.385348	1.312088
00:00:00.107	1.233700	1.391941	1.295971
00:00:00.107	1.236630	1.423443	1.300366
00:00:00.107	1.238828	1.339927	1.303297
00:00:00.107	1.265201	1.272527	1.314286
00:00:00.107	1.295971	1.291575	1.325275
00:00:00.107	1.336996	1.296703	1.319414
00:00:00.107	1.323077	1.299634	1.317216
00:00:00.107	1.321612	1.311355	1.331136
00:00:00.107	1.320879	1.312821	1.329670
00:00:00.107	1.306227	1.306960	1.323810
00:00:00.108	1.316484	1.321612	1.330403
00:00:00.108	1.312088	1.326740	1.331136
00:00:00.109	1.312088	1.320147	1.326007
00:00:00.109	1.299634	1.311355	1.320147
00:00:00.109	1.299634	1.312088	1.314286
00:00:00.110	1.307692	1.322344	1.316484
00:00:00.110	1.302564	1.317216	1.310623
00:00:00.110	1.285714	1.315018	1.281319
00:00:00.111	1.299634	1.320879	1.296703
00:00:00.111	1.309158	1.324542	1.315751
00:00:00.112	1.312821	1.315018	1.317216
00:00:00.112	1.309158	1.312088	1.322344
00:00:00.112	1.329670	1.317949	1.310623
00:00:00.113	1.353114	1.317216	1.348718
00:00:00.113	1.364103	1.312821	1.405128
00:00:00.113	1.353846	1.326740	1.402198
00:00:00.114	1.323077	1.328205	1.344322
00:00:00.114	1.309158	1.326740	1.319414
00:00:00.114	1.310623	1.321612	1.311355
00:00:00.115	1.307692	1.325275	1.307692
00:00:00.115	1.303297	1.319414	1.302564
00:00:00.115	1.304029	1.322344	1.300366
00:00:00.116	1.279853	1.323810	1.298168
00:00:00.116	1.257875	1.309890	1.243956
00:00:00.116	1.262271	1.320879	1.249084
00:00:00.117	1.281319	1.319414	1.259341
00:00:00.117	1.289377	1.321612	1.284982
00:00:00.118	1.318681	1.319414	1.332601
00:00:00.150	1.339194	1.317216	1.349451
00:00:00.150	1.383883	1.321612	1.412454
00:00:00.150	1.417582	1.326007	1.421978
00:00:00.151	1.386081	1.323077	1.422711
00:00:00.151	1.338462	1.323077	1.387546
00:00:00.152	1.313553	1.325275	1.340659
00:00:00.152	1.304029	1.320879	1.312088
00:00:00.152	1.290110	1.312088	1.293773
00:00:00.153	1.300366	1.325275	1.283516
00:00:00.153	1.301832	1.323077	1.295238
00:00:00.153	1.293040	1.313553	1.289377
00:00:00.154	1.297436	1.310623	1.290110
00:00:00.154	1.309890	1.323810	1.307692
00:00:00.154	1.309158	1.321612	1.306960
00:00:00.155	1.300366	1.318681	1.313553
00:00:00.155	1.315751	1.324542	1.316484
00:00:00.155	1.320879	1.320147	1.323077
00:00:00.156	1.323810	1.324542	1.326740
00:00:00.156	1.304029	1.315751	1.315018
00:00:00.157	1.303297	1.313553	1.310623
00:00:00.157	1.306960	1.320147	1.317216
00:00:00.157	1.299634	1.318681	1.309890
00:00:00.158	1.314286	1.323810	1.323077
00:00:00.158	1.321612	1.320879	1.318681
00:00:00.158	1.315751	1.318681	1.316484
00:00:00.159	1.300366	1.309890	1.313553
00:00:00.159	1.315751	1.326740	1.321612
00:00:00.159	1.315751	1.320147	1.320147
00:00:00.160	1.311355	1.320879	1.314286
00:00:00.160	1.319414	1.324542	1.331136
00:00:00.160	1.317949	1.322344	1.320879
00:00:00.162	1.319414	1.317949	1.323810
00:00:00.162	1.300366	1.304029	1.304762
00:00:00.163	1.315751	1.324542	1.326740
00:00:00.163	1.308425	1.320147	1.322344
00:00:00.163	1.303297	1.323810	1.329670
00:00:00.164	1.305495	1.320147	1.323810
00:00:00.164	1.298168	1.317949	1.322344
00:00:00.164	1.315018	1.320879	1.313553
00:00:00.166	1.345055	1.304029	1.314286
00:00:00.166	1.353114	1.324542	1.321612
00:00:00.166	1.322344	1.323810	1.317216
00:00:00.166	1.318681	1.321612	1.326007
00:00:00.166	1.310623	1.318681	1.316484
00:00:00.166	1.299634	1.310623	1.312821
00:00:00.166	1.303297	1.320879	1.321612
00:00:00.166	1.293040	1.319414	1.310623
00:00:00.167	1.322344	1.320147	1.323077
00:00:00.167	1.292308	1.318681	1.312821
00:00:00.171	1.298901	1.336996	1.335531
00:00:00.200	1.293773	1.330403	1.328205
00:00:00.200	1.293040	1.323077	1.323077
00:00:00.200	1.312088	1.322344	1.317216
00:00:00.205	1.361172	1.321612	1.322344
00:00:00.205	1.379487	1.320879	1.320879
00:00:00.205	1.350183	1.311355	1.309890
00:00:00.205	1.320147	1.314286	1.309890
00:00:00.205	1.334066	1.325275	1.319414
00:00:00.205	1.312088	1.322344	1.317949
00:00:00.205	1.288645	1.316484	1.306227
00:00:00.205	1.284982	1.310623	1.314286
00:00:00.205	1.296703	1.319414	1.322344
00:00:00.205	1.303297	1.322344	1.320147
00:00:00.205	1.284249	1.320879	1.314286
00:00:00.205	1.276190	1.312088	1.317949
00:00:00.206	1.281319	1.323077	1.328205
00:00:00.206	1.306227	1.320879	1.321612
00:00:00.206	1.336264	1.324542	1.331868
00:00:00.206	1.385348	1.316484	1.330403
00:00:00.206	1.374359	1.320879	1.328205
00:00:00.207	1.341392	1.326740	1.327473
00:00:00.207	1.322344	1.315751	1.309890
00:00:00.207	1.341392	1.304029	1.304762
00:00:00.208	1.311355	1.317216	1.317949
00:00:00.208	1.245421	1.326007	1.306227
00:00:00.208	1.251282	1.320879	1.307692
00:00:00.209	1.290110	1.311355	1.315018
00:00:00.209	1.317949	1.323810	1.331136
00:00:00.210	1.331868	1.326740	1.326007
00:00:00.210	1.370696	1.318681	1.314286
00:00:00.210	1.385348	1.312088	1.331136
00:00:00.211	1.368498	1.328938	1.331136
00:00:00.211	1.353114	1.320147	1.330403
00:00:00.211	1.310623	1.296703	1.333333
00:00:00.212	1.356044	1.253480	1.326007
00:00:00.212	1.323810	1.268864	1.333333
00:00:00.212	1.123810	1.305495	1.323077
00:00:00.213	1.205861	1.325275	1.317949
00:00:00.213	1.234432	1.328938	1.300366
00:00:00.213	1.320147	1.361172	1.289377
00:00:00.214	1.339194	1.396337	1.287179
00:00:00.214	1.311355	1.409524	1.306227
00:00:00.215	1.274725	1.364835	1.310623
00:00:00.215	1.280586	1.306227	1.301832
00:00:00.215	1.265201	1.297436	1.311355
00:00:00.216	1.306960	1.298901	1.320879
00:00:00.217	1.320147	1.298168	1.325275
00:00:00.217	1.324542	1.311355	1.327473
00:00:00.217	1.330403	1.315751	1.331136
00:00:00.217	1.332601	1.316484	1.326740
00:00:00.249	1.317949	1.304029	1.320879
00:00:00.250	1.334066	1.321612	1.320879
00:00:00.250	1.335531	1.317949	1.318681
00:00:00.250	1.335531	1.317216	1.323810
00:00:00.251	1.323810	1.306227	1.312821
00:00:00.251	1.339194	1.320879	1.328205
00:00:00.251	1.336264	1.324542	1.329670
00:00:00.252	1.334799	1.323077	1.327473
00:00:00.252	1.316484	1.312821	1.317949
00:00:00.252	1.319414	1.321612	1.339927
00:00:00.253	1.315751	1.315751	1.322344
00:00:00.253	1.307692	1.320147	1.317949
00:00:00.254	1.300366	1.312088	1.309890
00:00:00.254	1.300366	1.320879	1.319414
00:00:00.254	1.284249	1.297436	1.323810
00:00:00.255	1.285714	1.292308	1.313553
00:00:00.255	1.322344	1.312088	1.312821
00:00:00.255	1.338462	1.339927	1.320147
00:00:00.256	1.338462	1.348718	1.328205
00:00:00.256	1.368498	1.333333	1.315751
00:00:00.256	1.356044	1.306960	1.319414
00:00:00.257	1.326740	1.308425	1.316484
00:00:00.257	1.309158	1.332601	1.323810
00:00:00.258	1.312088	1.337729	1.325275
00:00:00.258	1.308425	1.312821	1.330403
00:00:00.258	1.298168	1.304762	1.316484
00:00:00.261	1.300366	1.317949	1.320879
00:00:00.261	1.291575	1.313553	1.322344
00:00:00.261	1.306227	1.323077	1.323077
00:00:00.261	1.305495	1.320147	1.316484
00:00:00.261	1.306227	1.317216	1.315018
00:00:00.261	1.312821	1.312821	1.300366
00:00:00.262	1.311355	1.314286	1.312088
00:00:00.262	1.255678	1.309890	1.308425
00:00:00.262	1.213187	1.323077	1.323810
00:00:00.262	1.274725	1.327473	1.323077
00:00:00.262	1.342125	1.317949	1.321612
00:00:00.263	1.305495	1.287179	1.316484
00:00:00.263	1.265934	1.246154	1.317216
00:00:00.263	1.416850	1.255678	1.356777
00:00:00.264	1.623443	1.276923	1.336996
00:00:00.264	1.423443	1.271795	1.294505
00:00:00.264	1.179487	1.340659	1.287179
00:00:00.268	1.241758	1.397802	1.298168
00:00:00.268	1.430037	1.454945	1.311355
00:00:00.268	1.322344	1.476923	1.310623
00:00:00.268	1.223443	1.398535	1.304762
00:00:00.268	1.238095	1.383883	1.309890
00:00:00.268	1.283516	1.351648	1.312088
00:00:00.268	1.301832	1.304762	1.310623
00:00:00.301	1.295238	1.226374	1.323810
00:00:00.301	1.331136	1.252015	1.333333
00:00:00.301	1.323810	1.247619	1.339194
00:00:00.301	1.320879	1.306227	1.331868
00:00:00.301	1.331868	1.320147	1.331868
00:00:00.301	1.337729	1.319414	1.326007
00:00:00.301	1.315018	1.328205	1.331136
00:00:00.302	1.229304	1.311355	1.310623
00:00:00.302	1.104029	1.311355	1.317949
00:00:00.302	1.130403	1.326007	1.323810
00:00:00.303	1.356044	1.312821	1.336264
00:00:00.303	1.414652	1.323077	1.347253
00:00:00.303	1.473993	1.320147	1.342125
00:00:00.304	1.525275	1.333333	1.322344
00:00:00.304	1.373626	1.323810	1.321612
00:00:00.304	1.224176	1.323810	1.304029
00:00:00.305	1.195604	1.323810	1.316484
00:00:00.305	1.449084	1.317949	1.338462
00:00:00.305	1.615385	1.332601	1.353114
00:00:00.306	1.529670	1.323077	1.330403
00:00:00.306	1.160440	1.312088	1.328938
00:00:00.307	1.268864	1.310623	1.320147
00:00:00.307	1.295971	1.309158	1.300366
00:00:00.307	1.146520	1.302564	1.279853
00:00:00.308	1.170696	1.320879	1.292308
00:00:00.308	1.200000	1.322344	1.295971
00:00:00.308	1.242491	1.323077	1.304029
00:00:00.309	1.277656	1.326007	1.326007
00:00:00.309	1.308425	1.331868	1.326007
00:00:00.309	1.307692	1.328938	1.322344
00:00:00.310	1.305495	1.320879	1.323810
00:00:00.310	1.329670	1.316484	1.327473
00:00:00.311	1.357509	1.326740	1.339194
00:00:00.311	1.398535	1.327473	1.337729
00:00:00.311	1.391941	1.321612	1.326740
00:00:00.312	1.267399	1.316484	1.323810
00:00:00.312	1.207326	1.315018	1.309158
00:00:00.312	1.273260	1.315751	1.298901
00:00:00.313	1.248352	1.309890	1.308425
00:00:00.313	1.303297	1.314286	1.321612
00:00:00.313	1.275458	1.315751	1.317949
00:00:00.314	1.237363	1.313553	1.305495
00:00:00.314	1.367766	1.308425	1.323810
00:00:00.314	1.466667	1.320879	1.323810
00:00:00.315	1.420513	1.317216	1.337729
00:00:00.315	1.370696	1.325275	1.332601
00:00:00.316	1.343590	1.319414	1.320879
00:00:00.316	1.325275	1.322344	1.331136
00:00:00.316	1.329670	1.317216	1.318681
00:00:00.317	1.300366	1.309158	1.308425
00:00:00.350	1.278388	1.313553	1.305495
00:00:00.350	1.277656	1.319414	1.316484
00:00:00.350	1.290842	1.315751	1.315018
00:00:00.350	1.273993	1.330403	1.300366
00:00:00.350	1.241758	1.328938	1.296703
00:00:00.351	1.228571	1.326007	1.295238
00:00:00.351	1.161905	1.324542	1.291575
00:00:00.351	1.266667	1.319414	1.309158
00:00:00.352	1.412454	1.337729	1.345788
00:00:00.354	1.564103	1.328205	1.347253
00:00:00.354	1.637363	1.320147	1.345788
00:00:00.354	1.643223	1.327473	1.433700
00:00:00.354	1.345788	1.315751	1.423443
00:00:00.354	1.106960	1.307692	1.289377
00:00:00.354	1.008059	1.304029	1.260073
00:00:00.354	1.150916	1.313553	1.300366
00:00:00.355	1.350916	1.320147	1.350183
00:00:00.355	1.464469	1.323077	1.350916
00:00:00.355	1.346520	1.320879	1.315751
00:00:00.357	1.287179	1.318681	1.297436
00:00:00.357	1.265934	1.316484	1.280586
00:00:00.357	1.321612	1.320879	1.289377
00:00:00.357	1.262271	1.326007	1.312821
00:00:00.357	1.241758	1.323077	1.314286
00:00:00.357	1.347985	1.322344	1.315018
00:00:00.358	1.364103	1.315751	1.307692
00:00:00.358	1.332601	1.327473	1.320147
00:00:00.358	1.307692	1.330403	1.323810
00:00:00.359	1.247619	1.313553	1.302564
00:00:00.359	1.240293	1.317216	1.328938
00:00:00.360	1.275458	1.325275	1.328938
00:00:00.360	1.311355	1.326740	1.312821
00:00:00.360	1.338462	1.315751	1.311355
00:00:00.361	1.344322	1.312088	1.315018
00:00:00.361	1.363370	1.323077	1.327473
00:00:00.361	1.363370	1.326007	1.329670
00:00:00.362	1.345055	1.312821	1.314286
00:00:00.362	1.336996	1.319414	1.328938
00:00:00.362	1.311355	1.325275	1.341392
00:00:00.363	1.336264	1.321612	1.347253
00:00:00.363	1.346520	1.317949	1.327473
00:00:00.364	1.350183	1.320147	1.318681
00:00:00.364	1.215385	1.315018	1.290842
00:00:00.364	1.171429	1.311355	1.282784
00:00:00.365	1.278388	1.271062	1.296703
00:00:00.365	1.259341	1.262271	1.309890
00:00:00.365	1.300366	1.282784	1.308425
00:00:00.366	1.365568	1.307692	1.320879
00:00:00.366	1.423443	1.330403	1.334066
00:00:00.366	1.271795	1.361905	1.314286
00:00:00.399	1.254945	1.415385	1.315018
00:00:00.399	1.312088	1.424908	1.319414
00:00:00.399	1.324542	1.364103	1.315018
00:00:00.400	1.324542	1.304762	1.323810
00:00:00.400	1.314286	1.304762	1.342125
00:00:00.400	1.241758	1.305495	1.331868
00:00:00.401	1.246886	1.305495	1.326740
00:00:00.401	1.320879	1.318681	1.331136
00:00:00.401	1.345055	1.312821	1.325275
00:00:00.402	1.326740	1.317216	1.308425
00:00:00.402	1.336264	1.312088	1.318681
00:00:00.403	1.397070	1.304029	1.323077
00:00:00.403	1.356777	1.300366	1.328205
00:00:00.403	1.317949	1.320147	1.339927
00:00:00.404	1.379487	1.323077	1.323077
00:00:00.404	1.417582	1.314286	1.303297
00:00:00.405	1.464469	1.315751	1.308425
00:00:00.405	1.358242	1.316484	1.315751
00:00:00.405	1.276923	1.311355	1.314286
00:00:00.405	1.233700	1.309158	1.302564
00:00:00.406	1.129670	1.315751	1.310623
00:00:00.406	1.228571	1.317949	1.326007
00:00:00.406	1.300366	1.327473	1.328205
00:00:00.407	1.314286	1.319414	1.318681
00:00:00.407	1.315751	1.312821	1.320879
00:00:00.408	1.328205	1.326007	1.327473
00:00:00.408	1.324542	1.319414	1.317216
00:00:00.408	1.310623	1.315751	1.315751
00:00:00.409	1.315018	1.323810	1.327473
00:00:00.409	1.321612	1.323077	1.317949
00:00:00.409	1.330403	1.324542	1.323810
00:00:00.410	1.326007	1.320879	1.312821
00:00:00.410	1.312088	1.315018	1.315018
00:00:00.410	1.318681	1.326740	1.323810
00:00:00.411	1.320147	1.324542	1.320147
00:00:00.411	1.305495	1.324542	1.317949
00:00:00.411	1.263736	1.312088	1.300366
00:00:00.412	1.258608	1.317216	1.315018
00:00:00.412	1.285714	1.327473	1.323077
00:00:00.413	1.298168	1.323077	1.326007
00:00:00.413	1.315018	1.317216	1.321612
00:00:00.413	1.369231	1.306960	1.311355
00:00:00.414	1.373626	1.319414	1.319414
00:00:00.414	1.387546	1.317949	1.312088
00:00:00.414	1.372894	1.323077	1.326740
00:00:00.415	1.291575	1.319414	1.317216
00:00:00.415	1.294505	1.320147	1.328205
00:00:00.415	1.330403	1.325275	1.331136
00:00:00.416	1.348718	1.321612	1.323810
00:00:00.416	1.244689	1.312088	1.302564
00:00:00.448	1.336996	1.312821	1.305495
00:00:00.449	1.383150	1.328205	1.330403
00:00:00.449	1.318681	1.317216	1.314286
00:00:00.449	1.279853	1.314286	1.312088
00:00:00.450	1.257875	1.307692	1.306227
00:00:00.450	1.214652	1.319414	1.317216
00:00:00.450	1.245421	1.320879	1.316484
00:00:00.452	1.300366	1.323810	1.323810
00:00:00.452	1.322344	1.320147	1.326740
00:00:00.453	1.339194	1.319414	1.318681
00:00:00.453	1.331868	1.317949	1.315751
00:00:00.453	1.334799	1.319414	1.317949
00:00:00.454	1.311355	1.315751	1.311355
00:00:00.454	1.313553	1.324542	1.333333
00:00:00.454	1.271795	1.323077	1.338462
00:00:00.454	1.276923	1.323077	1.343590
00:00:00.454	1.441026	1.321612	1.339194
00:00:00.454	1.493773	1.328938	1.326007
00:00:00.456	1.398535	1.327473	1.319414
00:00:00.456	1.119414	1.316484	1.331868
00:00:00.456	1.135531	1.278388	1.318681
00:00:00.456	1.227839	1.232234	1.300366
00:00:00.456	1.323077	1.235897	1.309890
00:00:00.461	1.507692	1.286447	1.293040
00:00:00.461	1.499634	1.332601	1.292308
00:00:00.461	1.353114	1.366300	1.300366
00:00:00.461	1.367766	1.405861	1.323077
00:00:00.461	1.328938	1.409524	1.309890
00:00:00.461	1.260806	1.391941	1.310623
00:00:00.461	1.175824	1.347253	1.319414
00:00:00.461	1.175824	1.303297	1.317949
00:00:00.461	1.246886	1.315751	1.320147
00:00:00.461	1.331868	1.325275	1.322344
00:00:00.461	1.329670	1.324542	1.323077
00:00:00.461	1.336264	1.313553	1.331868
00:00:00.461	1.345788	1.320147	1.334799
00:00:00.461	1.308425	1.310623	1.326007
00:00:00.463	1.320879	1.328205	1.326740
00:00:00.463	1.318681	1.311355	1.318681
00:00:00.463	1.310623	1.318681	1.331136
00:00:00.463	1.300366	1.312821	1.319414
00:00:00.463	1.296703	1.306960	1.302564
00:00:00.463	1.266667	1.301832	1.309158
00:00:00.464	1.270330	1.312088	1.319414
00:00:00.464	1.326007	1.312821	1.306960
00:00:00.464	1.350183	1.302564	1.304762
00:00:00.465	1.353114	1.307692	1.328205
00:00:00.465	1.344322	1.306227	1.320879
00:00:00.466	1.319414	1.315751	1.320147
00:00:00.466	1.328205	1.320147	1.317216
00:00:00.498	1.361905	1.318681	1.306227
00:00:00.498	1.353114	1.309158	1.300366
00:00:00.499	1.355311	1.314286	1.317949
00:00:00.499	1.360440	1.315751	1.328938
00:00:00.500	1.286447	1.320879	1.343590
00:00:00.500	1.244689	1.312088	1.356044
00:00:00.500	1.189011	1.324542	1.348718
00:00:00.501	1.224176	1.325275	1.323810
00:00:00.501	1.301832	1.323810	1.319414
00:00:00.501	1.313553	1.306960	1.308425
00:00:00.502	1.312088	1.314286	1.313553
00:00:00.502	1.306227	1.309890	1.300366
00:00:00.502	1.328938	1.323077	1.320147
00:00:00.503	1.327473	1.309158	1.314286
00:00:00.503	1.323810	1.315751	1.317216
00:00:00.503	1.315018	1.315018	1.315751
00:00:00.504	1.327473	1.317216	1.309158
00:00:00.504	1.318681	1.323077	1.320147
00:00:00.505	1.338462	1.322344	1.319414
00:00:00.505	1.363370	1.330403	1.323810
00:00:00.505	1.354579	1.314286	1.312821
00:00:00.506	1.364103	1.324542	1.328938
00:00:00.506	1.271062	1.323077	1.326007
00:00:00.506	1.180952	1.326007	1.321612
00:00:00.507	1.200733	1.323077	1.321612
00:00:00.507	1.295238	1.306960	1.320147
00:00:00.507	1.334799	1.323810	1.332601
00:00:00.508	1.377289	1.308425	1.312088
00:00:00.508	1.393407	1.325275	1.316484
00:00:00.509	1.347253	1.318681	1.318681
00:00:00.510	1.313553	1.316484	1.306227
00:00:00.510	1.337729	1.324542	1.320147
00:00:00.510	1.331868	1.324542	1.323810
00:00:00.510	1.326740	1.326740	1.331868
00:00:00.510	1.323810	1.319414	1.317216
00:00:00.511	1.311355	1.310623	1.306960
00:00:00.511	1.304029	1.317949	1.320147
00:00:00.511	1.301832	1.327473	1.326007
00:00:00.512	1.264469	1.317949	1.321612
00:00:00.512	1.283516	1.325275	1.328938
00:00:00.512	1.303297	1.310623	1.326007
00:00:00.513	1.295971	1.320147	1.328205
00:00:00.513	1.328205	1.326740	1.320879
00:00:00.516	1.288645	1.323077	1.317949
00:00:00.516	1.301832	1.324542	1.323077
00:00:00.516	1.335531	1.326007	1.318681
00:00:00.517	1.386813	1.326740	1.332601
00:00:00.517	1.453480	1.328205	1.334799
00:00:00.517	1.457143	1.315751	1.329670
00:00:00.517	1.130403	1.303297	1.323810
00:00:00.549	1.152381	1.307692	1.306960
00:00:00.549	1.273993	1.317949	1.307692
00:00:00.549	1.290110	1.317949	1.309890
00:00:00.551	1.395604	1.321612	1.309158
00:00:00.551	1.390476	1.306960	1.301832
00:00:00.551	1.365568	1.300366	1.306227
00:00:00.551	1.306227	1.331868	1.315018
00:00:00.551	1.288645	1.330403	1.320147
00:00:00.551	1.326740	1.315018	1.312088
00:00:00.551	1.342857	1.305495	1.317216
00:00:00.551	1.329670	1.313553	1.320879
00:00:00.552	1.386081	1.323810	1.333333
00:00:00.557	1.339927	1.327473	1.331868
00:00:00.557	1.269597	1.324542	1.315018
00:00:00.557	1.213919	1.331136	1.308425
00:00:00.557	1.224908	1.320147	1.305495
00:00:00.557	1.191941	1.329670	1.326007
00:00:00.557	1.173626	1.308425	1.319414
00:00:00.557	1.263736	1.320147	1.315751
00:00:00.557	1.353114	1.320147	1.342857
00:00:00.557	1.361905	1.317949	1.300366
00:00:00.557	1.283516	1.316484	1.295238
00:00:00.557	1.410989	1.320879	1.308425
00:00:00.557	1.440293	1.320147	1.306960
00:00:00.557	1.429304	1.326007	1.312821
00:00:00.557	1.323077	1.323077	1.307692
00:00:00.557	1.188278	1.310623	1.298901
00:00:00.558	1.232967	1.322344	1.365568
00:00:00.558	1.385348	1.315018	1.383150
00:00:00.558	1.394139	1.326007	1.367766
00:00:00.559	1.420513	1.323810	1.353846
00:00:00.559	1.393407	1.314286	1.333333
00:00:00.559	1.352381	1.320879	1.322344
00:00:00.560	1.285714	1.320879	1.315751
00:00:00.560	1.268132	1.317216	1.298168
00:00:00.560	1.253480	1.319414	1.304762
00:00:00.561	1.256410	1.327473	1.303297
00:00:00.562	1.268132	1.310623	1.303297
00:00:00.562	1.302564	1.321612	1.317949
00:00:00.562	1.306960	1.316484	1.307692
00:00:00.562	1.312088	1.317216	1.320879
00:00:00.563	1.320879	1.324542	1.313553
00:00:00.563	1.296703	1.318681	1.315018
00:00:00.563	1.307692	1.324542	1.327473
00:00:00.564	1.320879	1.317216	1.331868
00:00:00.564	1.315751	1.312821	1.308425
00:00:00.564	1.300366	1.317216	1.315018
00:00:00.565	1.305495	1.323077	1.306960
00:00:00.565	1.326007	1.317216	1.304762
00:00:00.565	1.328938	1.318681	1.329670
00:00:00.598	1.321612	1.320147	1.326740
00:00:00.598	1.328205	1.315751	1.306227
00:00:00.598	1.342857	1.321612	1.307692
00:00:00.599	1.320879	1.321612	1.315751
00:00:00.599	1.320879	1.318681	1.321612
00:00:00.599	1.329670	1.323810	1.328205
00:00:00.600	1.320147	1.319414	1.320147
00:00:00.600	1.317216	1.321612	1.328938
00:00:00.601	1.298168	1.300366	1.328938
00:00:00.601	1.305495	1.257875	1.328938
00:00:00.601	1.313553	1.271795	1.318681
00:00:00.602	1.314286	1.306227	1.323810
00:00:00.602	1.315751	1.317216	1.315018
00:00:00.602	1.304029	1.345788	1.323810
00:00:00.603	1.314286	1.384615	1.326007
00:00:00.603	1.335531	1.410256	1.317216
00:00:00.603	1.347253	1.416117	1.321612
00:00:00.604	1.336264	1.352381	1.327473
00:00:00.604	1.278388	1.311355	1.316484
00:00:00.604	1.263736	1.302564	1.315751
00:00:00.605	1.299634	1.303297	1.323077
00:00:00.605	1.317216	1.299634	1.313553
00:00:00.606	1.336996	1.308425	1.329670
00:00:00.606	1.313553	1.312088	1.326740
00:00:00.606	1.303297	1.313553	1.323810
00:00:00.607	1.289377	1.310623	1.320879
00:00:00.607	1.284982	1.315018	1.323077
00:00:00.607	1.312088	1.317949	1.316484
00:00:00.608	1.346520	1.317216	1.314286
00:00:00.608	1.347253	1.311355	1.314286
00:00:00.608	1.367033	1.311355	1.323810
00:00:00.609	1.323810	1.321612	1.336264
00:00:00.609	1.297436	1.317949	1.322344
00:00:00.609	1.248352	1.312088	1.317949
00:00:00.612	1.271062	1.317949	1.315751
00:00:00.612	1.315018	1.324542	1.318681
00:00:00.613	1.357509	1.319414	1.322344
00:00:00.613	1.330403	1.310623	1.315018
00:00:00.613	1.242491	1.320879	1.318681
00:00:00.613	1.206593	1.325275	1.328205
00:00:00.613	1.188278	1.316484	1.308425
00:00:00.613	1.317949	1.310623	1.302564
00:00:00.613	1.550916	1.321612	1.319414
00:00:00.613	1.706227	1.342125	1.344322
00:00:00.614	1.558242	1.330403	1.326007
00:00:00.614	1.233700	1.315018	1.294505
00:00:00.614	1.024908	1.313553	1.312088
00:00:00.614	1.073993	1.320879	1.323810
00:00:00.616	1.292308	1.317949	1.331868
00:00:00.616	1.372161	1.315751	1.319414
00:00:00.647	1.309158	1.312821	1.312821
00:00:00.648	1.329670	1.327473	1.325275
00:00:00.653	1.279853	1.308425	1.293040
00:00:00.653	1.332601	1.317949	1.311355
00:00:00.653	1.439560	1.331868	1.316484
00:00:00.653	1.367033	1.323077	1.310623
00:00:00.653	1.284982	1.322344	1.311355
00:00:00.653	1.216117	1.320147	1.327473
00:00:00.653	1.197802	1.327473	1.350916
00:00:00.653	1.145788	1.304762	1.331136
00:00:00.653	1.249084	1.303297	1.323810
00:00:00.653	1.501832	1.315751	1.318681
00:00:00.653	1.497436	1.313553	1.300366
00:00:00.653	1.299634	1.313553	1.272527
00:00:00.653	1.282051	1.336996	1.313553
00:00:00.653	1.347253	1.348718	1.331136
00:00:00.653	1.313553	1.344322	1.323810
00:00:00.654	1.299634	1.316484	1.319414
00:00:00.654	1.313553	1.315018	1.309890
00:00:00.654	1.335531	1.326007	1.320147
00:00:00.655	1.315751	1.311355	1.303297
00:00:00.655	1.332601	1.314286	1.323810
00:00:00.655	1.328938	1.318681	1.317949
00:00:00.656	1.264469	1.318681	1.314286
00:00:00.656	1.243223	1.315751	1.296703
00:00:00.656	1.299634	1.313553	1.304029
00:00:00.657	1.308425	1.320147	1.319414
00:00:00.657	1.309890	1.324542	1.330403
00:00:00.657	1.309890	1.319414	1.335531
00:00:00.658	1.309890	1.320879	1.318681
00:00:00.658	1.325275	1.323077	1.340659
00:00:00.659	1.348718	1.323810	1.349451
00:00:00.659	1.311355	1.310623	1.318681
00:00:00.659	1.331136	1.318681	1.317216
00:00:00.660	1.350183	1.317949	1.323077
00:00:00.660	1.353846	1.324542	1.339194
00:00:00.660	1.307692	1.310623	1.320879
00:00:00.661	1.295238	1.308425	1.299634
00:00:00.661	1.305495	1.324542	1.320147
00:00:00.661	1.317949	1.326740	1.326007
00:00:00.662	1.300366	1.326007	1.334799
00:00:00.662	1.306960	1.322344	1.328938
00:00:00.662	1.315751	1.322344	1.303297
00:00:00.663	1.278388	1.314286	1.298168
00:00:00.663	1.322344	1.321612	1.315018
00:00:00.664	1.358974	1.317949	1.307692
00:00:00.664	1.364835	1.327473	1.324542
00:00:00.664	1.358242	1.318681	1.321612
00:00:00.665	1.336264	1.306960	1.320879
00:00:00.665	1.304029	1.320147	1.330403
00:00:00.697	1.254212	1.302564	1.317216
00:00:00.698	1.252015	1.299634	1.318681
00:00:00.698	1.283516	1.312821	1.320879
00:00:00.698	1.310623	1.332601	1.321612
00:00:00.699	1.310623	1.334066	1.316484
00:00:00.699	1.323810	1.339194	1.320879
00:00:00.699	1.332601	1.335531	1.318681
00:00:00.700	1.336996	1.344322	1.321612
00:00:00.700	1.332601	1.331136	1.312821
00:00:00.700	1.320147	1.335531	1.328205
00:00:00.701	1.297436	1.320879	1.317216
00:00:00.701	1.257875	1.315751	1.311355
00:00:00.701	1.290842	1.312088	1.323810
00:00:00.702	1.308425	1.305495	1.307692
00:00:00.702	1.342857	1.317949	1.319414
00:00:00.703	1.345788	1.306960	1.315751
00:00:00.703	1.352381	1.317949	1.320147
00:00:00.703	1.369963	1.321612	1.320879
00:00:00.704	1.320147	1.319414	1.316484
00:00:00.704	1.257875	1.307692	1.314286
00:00:00.704	1.203663	1.308425	1.309890
00:00:00.705	1.271062	1.323810	1.325275
00:00:00.705	1.315018	1.319414	1.314286
00:00:00.705	1.317216	1.312821	1.320147
00:00:00.706	1.372161	1.324542	1.327473
00:00:00.706	1.326740	1.323077	1.313553
00:00:00.707	1.284249	1.318681	1.319414
00:00:00.707	1.356044	1.318681	1.320879
00:00:00.707	1.394139	1.323077	1.327473
00:00:00.711	1.426374	1.323077	1.327473
00:00:00.711	1.353846	1.323810	1.323810
00:00:00.711	1.216117	1.321612	1.312088
00:00:00.711	1.033700	1.319414	1.323810
00:00:00.711	1.137729	1.317216	1.320147
00:00:00.711	1.320879	1.323077	1.334066
00:00:00.711	1.414652	1.320147	1.339194
00:00:00.711	1.603663	1.320879	1.320879
00:00:00.711	1.632967	1.276923	1.329670
00:00:00.711	1.303297	1.242491	1.307692
00:00:00.711	1.225641	1.298168	1.323810
00:00:00.712	1.265934	1.318681	1.320879
00:00:00.712	1.157509	1.318681	1.293040
00:00:00.712	1.080586	1.330403	1.275458
00:00:00.717	1.257143	1.376557	1.295971
00:00:00.717	1.464469	1.386081	1.306960
00:00:00.717	1.386813	1.374359	1.306960
00:00:00.717	1.385348	1.335531	1.317216
00:00:00.717	1.378755	1.333333	1.318681
00:00:00.717	1.292308	1.320147	1.310623
00:00:00.717	1.271062	1.326007	1.328205
00:00:00.748	1.279853	1.317949	1.339927
00:00:00.748	1.299634	1.308425	1.328205
00:00:00.748	1.281319	1.299634	1.315751
00:00:00.749	1.306960	1.312088	1.326740
00:00:00.749	1.296703	1.312821	1.323810
00:00:00.749	1.297436	1.316484	1.329670
00:00:00.749	1.308425	1.309158	1.319414
00:00:00.749	1.317216	1.312821	1.323810
00:00:00.750	1.309158	1.315751	1.315751
00:00:00.750	1.286447	1.306227	1.302564
00:00:00.751	1.283516	1.310623	1.319414
00:00:00.751	1.315751	1.306227	1.318681
00:00:00.751	1.329670	1.319414	1.326007
00:00:00.752	1.326740	1.320147	1.331136
00:00:00.752	1.326740	1.320147	1.315751
00:00:00.752	1.327473	1.324542	1.326740
00:00:00.753	1.319414	1.318681	1.320879
00:00:00.753	1.323077	1.320879	1.304029
00:00:00.753	1.320879	1.320147	1.300366
00:00:00.754	1.315751	1.318681	1.323810
00:00:00.754	1.322344	1.328205	1.326740
00:00:00.754	1.311355	1.313553	1.323810
00:00:00.755	1.325275	1.320147	1.329670
00:00:00.755	1.318681	1.319414	1.312088
00:00:00.756	1.300366	1.315018	1.317949
00:00:00.756	1.318681	1.325275	1.326007
00:00:00.756	1.297436	1.312821	1.323810
00:00:00.757	1.315751	1.326007	1.326007
00:00:00.757	1.313553	1.320147	1.312821
00:00:00.757	1.300366	1.308425	1.311355
00:00:00.758	1.300366	1.309890	1.320879
00:00:00.758	1.325275	1.325275	1.318681
00:00:00.758	1.303297	1.323077	1.310623
00:00:00.759	1.337729	1.320879	1.306227
00:00:00.759	1.388278	1.319414	1.313553
00:00:00.759	1.401465	1.321612	1.321612
00:00:00.760	1.320147	1.315018	1.316484
00:00:00.760	1.183883	1.309158	1.309890
00:00:00.761	1.180220	1.312088	1.308425
00:00:00.761	1.184615	1.319414	1.346520
00:00:00.761	1.213919	1.315751	1.345788
00:00:00.762	1.386813	1.329670	1.337729
00:00:00.762	1.455678	1.328938	1.327473
00:00:00.762	1.487912	1.329670	1.334066
00:00:00.763	1.527473	1.339927	1.347253
00:00:00.763	1.397802	1.312088	1.315018
00:00:00.763	1.242491	1.320147	1.304029
00:00:00.764	1.192674	1.315751	1.296703
00:00:00.764	1.290110	1.324542	1.312821
00:00:00.765	1.335531	1.321612	1.302564
00:00:00.797	1.311355	1.323077	1.303297
00:00:00.797	1.264469	1.309890	1.307692
00:00:00.797	1.249817	1.317216	1.307692
00:00:00.798	1.234432	1.310623	1.306227
00:00:00.798	1.317216	1.323810	1.329670
00:00:00.799	1.353846	1.325275	1.331136
00:00:00.799	1.322344	1.323810	1.323077
00:00:00.799	1.227106	1.308425	1.300366
00:00:00.800	1.290842	1.317949	1.321612
00:00:00.800	1.327473	1.323810	1.331868
00:00:00.800	1.329670	1.314286	1.314286
00:00:00.801	1.326007	1.306227	1.311355
00:00:00.801	1.318681	1.325275	1.323810
00:00:00.801	1.313553	1.321612	1.323077
00:00:00.803	1.306960	1.312088	1.308425
00:00:00.803	1.301832	1.309890	1.307692
00:00:00.803	1.318681	1.323077	1.328938
00:00:00.803	1.326740	1.325275	1.322344
00:00:00.803	1.320879	1.315751	1.312088
00:00:00.805	1.310623	1.315018	1.313553
00:00:00.805	1.325275	1.328205	1.323810
00:00:00.805	1.317949	1.321612	1.323810
00:00:00.807	1.306227	1.308425	1.317216
00:00:00.807	1.320879	1.323077	1.325275
00:00:00.807	1.307692	1.319414	1.323810
00:00:00.807	1.315751	1.317216	1.311355
00:00:00.807	1.321612	1.326740	1.317949
00:00:00.807	1.310623	1.317949	1.321612
00:00:00.807	1.317949	1.324542	1.327473
00:00:00.807	1.321612	1.325275	1.322344
00:00:00.807	1.312821	1.311355	1.316484
00:00:00.812	1.315018	1.319414	1.328938
00:00:00.812	1.309158	1.316484	1.322344
00:00:00.812	1.322344	1.325275	1.320879
00:00:00.812	1.317216	1.319414	1.313553
00:00:00.812	1.301099	1.312821	1.312821
00:00:00.812	1.313553	1.321612	1.320147
00:00:00.812	1.315018	1.320147	1.316484
00:00:00.812	1.318681	1.320879	1.318681
00:00:00.812	1.304029	1.315751	1.320147
00:00:00.812	1.316484	1.324542	1.328205
00:00:00.812	1.323810	1.327473	1.323077
00:00:00.812	1.312821	1.318681	1.313553
00:00:00.812	1.303297	1.312821	1.312821
00:00:00.812	1.317949	1.325275	1.326007
00:00:00.813	1.315018	1.318681	1.318681
00:00:00.813	1.306227	1.316484	1.312088
00:00:00.814	1.328205	1.330403	1.335531
00:00:00.814	1.320147	1.325275	1.323077
00:00:00.814	1.317949	1.329670	1.322344
00:00:00.847	1.297436	1.312088	1.314286
00:00:00.847	1.317949	1.321612	1.323810
00:00:00.847	1.320879	1.317216	1.318681
00:00:00.848	1.307692	1.307692	1.313553
00:00:00.848	1.310623	1.322344	1.322344
00:00:00.848	1.318681	1.324542	1.319414
00:00:00.849	1.300366	1.320879	1.317949
00:00:00.849	1.212454	1.305495	1.306960
00:00:00.849	1.189744	1.268132	1.336996
00:00:00.850	1.251282	1.263736	1.330403
00:00:00.850	1.362637	1.298901	1.337729
00:00:00.850	1.436630	1.306960	1.318681
00:00:00.851	1.490110	1.339194	1.328205
00:00:00.851	1.591941	1.383883	1.344322
00:00:00.852	1.491575	1.401465	1.329670
00:00:00.852	1.259341	1.403663	1.309890
00:00:00.852	1.245421	1.365568	1.295971
00:00:00.853	1.213919	1.304029	1.290110
00:00:00.853	1.259341	1.304029	1.309890
00:00:00.853	1.305495	1.295971	1.312088
00:00:00.854	1.158974	1.302564	1.312821
00:00:00.855	1.292308	1.320879	1.323810
00:00:00.855	1.365568	1.313553	1.313553
00:00:00.855	1.256410	1.309890	1.306960
00:00:00.855	1.227839	1.322344	1.326740
00:00:00.855	1.264469	1.320879	1.316484
00:00:00.856	1.153846	1.296703	1.300366
00:00:00.856	1.268864	1.309158	1.320879
00:00:00.857	1.338462	1.318681	1.320147
00:00:00.857	1.375824	1.314286	1.312821
00:00:00.857	1.350183	1.305495	1.315018
00:00:00.858	1.332601	1.320879	1.338462
00:00:00.858	1.330403	1.320879	1.342125
00:00:00.858	1.284249	1.315018	1.308425
00:00:00.859	1.300366	1.312821	1.312821
00:00:00.859	1.331136	1.327473	1.326740
00:00:00.859	1.364103	1.317216	1.322344
00:00:00.860	1.398535	1.308425	1.308425
00:00:00.860	1.377289	1.323810	1.323810
00:00:00.860	1.317949	1.320879	1.317949
00:00:00.861	1.299634	1.317216	1.318681
00:00:00.861	1.287179	1.317216	1.323810
00:00:00.862	1.319414	1.318681	1.322344
00:00:00.862	1.339194	1.315751	1.315751
00:00:00.862	1.315018	1.319414	1.323810
00:00:00.863	1.302564	1.320147	1.342857
00:00:00.863	1.315018	1.323810	1.338462
00:00:00.863	1.285714	1.315751	1.306960
00:00:00.864	1.273993	1.322344	1.304762
00:00:00.864	1.301832	1.324542	1.290110
