timestamp	ch1	ch2	ch3
00:00:00.000	1.309890	1.321612	1.323077
00:00:00.000	1.303297	1.314286	1.320147
00:00:00.000	1.313553	1.320879	1.323810
00:00:00.000	1.309890	1.314286	1.317949
00:00:00.032	1.304762	1.307692	1.313553
00:00:00.032	1.320147	1.323810	1.324542
00:00:00.033	1.304762	1.316484	1.309890
00:00:00.033	1.304762	1.323077	1.322344
00:00:00.033	1.287179	1.312088	1.318681
00:00:00.034	1.304029	1.326007	1.315751
00:00:00.034	1.336996	1.326007	1.331868
00:00:00.034	1.363370	1.324542	1.332601
00:00:00.035	1.311355	1.317949	1.314286
00:00:00.035	1.281319	1.318681	1.309890
00:00:00.036	1.287912	1.317949	1.305495
00:00:00.036	1.298901	1.309890	1.312088
00:00:00.036	1.290110	1.310623	1.300366
00:00:00.037	1.309890	1.309158	1.298901
00:00:00.037	1.347985	1.318681	1.305495
00:00:00.037	1.360440	1.320879	1.323077
00:00:00.038	1.356044	1.322344	1.320879
00:00:00.038	1.326007	1.312088	1.309890
00:00:00.038	1.353114	1.323810	1.361172
00:00:00.039	1.327473	1.318681	1.325275
00:00:00.039	1.290110	1.322344	1.306960
00:00:00.040	1.257875	1.314286	1.289377
00:00:00.040	1.255678	1.317216	1.292308
00:00:00.040	1.262271	1.319414	1.331868
00:00:00.041	1.311355	1.313553	1.377289
00:00:00.041	1.339194	1.317216	1.378022
00:00:00.041	1.354579	1.320879	1.336264
00:00:00.042	1.388278	1.325275	1.323810
00:00:00.042	1.343590	1.323810	1.314286
00:00:00.042	1.287179	1.308425	1.293040
00:00:00.043	1.258608	1.314286	1.291575
00:00:00.043	1.268132	1.308425	1.286447
00:00:00.043	1.297436	1.322344	1.311355
00:00:00.044	1.320879	1.326007	1.338462
00:00:00.044	1.345788	1.312088	1.375824
00:00:00.045	1.373626	1.317949	1.339927
00:00:00.045	1.362637	1.320147	1.328205
00:00:00.045	1.310623	1.311355	1.309158
00:00:00.046	1.271795	1.316484	1.290842
00:00:00.046	1.242491	1.317216	1.295238
00:00:00.046	1.271062	1.308425	1.298901
00:00:00.047	1.331136	1.324542	1.320879
00:00:00.048	1.333333	1.318681	1.327473
00:00:00.048	1.300366	1.312088	1.339927
00:00:00.048	1.320147	1.320879	1.332601
00:00:00.048	1.322344	1.320147	1.317949
00:00:00.048	1.320147	1.326740	1.312821
00:00:00.049	1.314286	1.313553	1.313553
00:00:00.049	1.309158	1.313553	1.303297
00:00:00.050	1.281319	1.318681	1.316484
00:00:00.082	1.245421	1.322344	1.319414
00:00:00.082	1.228571	1.320879	1.304762
00:00:00.082	1.331136	1.324542	1.323810
00:00:00.083	1.323077	1.326007	1.321612
00:00:00.083	1.312088	1.317216	1.313553
00:00:00.084	1.334066	1.319414	1.325275
00:00:00.084	1.317216	1.314286	1.325275
00:00:00.084	1.329670	1.325275	1.323810
00:00:00.085	1.329670	1.322344	1.319414
00:00:00.085	1.322344	1.321612	1.323810
00:00:00.085	1.317949	1.312088	1.323810
00:00:00.086	1.309158	1.320147	1.336264
00:00:00.086	1.330403	1.326740	1.338462
00:00:00.086	1.323077	1.320879	1.333333
00:00:00.087	1.315751	1.308425	1.322344
00:00:00.087	1.314286	1.320879	1.305495
00:00:00.087	1.331868	1.325275	1.302564
00:00:00.089	1.306960	1.316484	1.293773
00:00:00.089	1.315751	1.326740	1.318681
00:00:00.089	1.297436	1.309890	1.295971
00:00:00.089	1.327473	1.324542	1.323810
00:00:00.089	1.316484	1.317949	1.336264
00:00:00.090	1.303297	1.319414	1.323810
00:00:00.090	1.315751	1.320879	1.323810
00:00:00.090	1.322344	1.325275	1.320879
00:00:00.092	1.326007	1.321612	1.325275
00:00:00.092	1.311355	1.307692	1.323810
00:00:00.092	1.304762	1.320147	1.320147
00:00:00.092	1.293040	1.317216	1.310623
00:00:00.092	1.280586	1.312088	1.307692
00:00:00.096	1.280586	1.330403	1.315018
00:00:00.096	1.278388	1.311355	1.306960
00:00:00.096	1.326740	1.323077	1.306227
00:00:00.096	1.319414	1.312821	1.295238
00:00:00.096	1.361905	1.317949	1.356777
00:00:00.096	1.392674	1.330403	1.345055
00:00:00.096	1.352381	1.326740	1.328205
00:00:00.096	1.290110	1.318681	1.320879
00:00:00.096	1.253480	1.309158	1.344322
00:00:00.096	1.290110	1.319414	1.357509
00:00:00.096	1.307692	1.312088	1.298901
00:00:00.096	1.320147	1.321612	1.315018
00:00:00.097	1.329670	1.315018	1.334066
00:00:00.097	1.370696	1.320147	1.323077
00:00:00.098	1.364835	1.323077	1.305495
00:00:00.098	1.326740	1.314286	1.297436
00:00:00.098	1.291575	1.322344	1.309890
00:00:00.099	1.273993	1.327473	1.295971
00:00:00.099	1.272527	1.318681	1.295238
00:00:00.100	1.235897	1.317949	1.304029
00:00:00.132	1.223443	1.313553	1.287179
00:00:00.132	1.292308	1.323810	1.318681
00:00:00.132	1.361905	1.317949	1.342857
00:00:00.133	1.372161	1.312821	1.336996
00:00:00.133	1.388278	1.328938	1.308425
00:00:00.133	1.388278	1.321612	1.323810
00:00:00.134	1.383150	1.314286	1.346520
00:00:00.134	1.358242	1.312088	1.386081
00:00:00.134	1.359707	1.329670	1.407326
00:00:00.135	1.327473	1.323077	1.375092
00:00:00.135	1.287179	1.311355	1.305495
00:00:00.135	1.276923	1.320147	1.300366
00:00:00.136	1.279853	1.322344	1.297436
00:00:00.136	1.282051	1.318681	1.292308
00:00:00.137	1.275458	1.312821	1.292308
00:00:00.137	1.290842	1.323077	1.309158
00:00:00.137	1.299634	1.322344	1.306227
00:00:00.138	1.297436	1.315751	1.297436
00:00:00.138	1.296703	1.312088	1.304029
00:00:00.138	1.309890	1.326007	1.317949
00:00:00.139	1.300366	1.315751	1.315751
00:00:00.139	1.306960	1.323077	1.323810
00:00:00.139	1.297436	1.304762	1.313553
00:00:00.140	1.304029	1.319414	1.323810
00:00:00.140	1.315018	1.326007	1.323077
00:00:00.141	1.311355	1.317216	1.316484
00:00:00.141	1.295238	1.314286	1.316484
00:00:00.141	1.317949	1.323810	1.321612
00:00:00.142	1.315751	1.322344	1.321612
00:00:00.142	1.311355	1.312821	1.307692
00:00:00.142	1.308425	1.317949	1.319414
00:00:00.143	1.320147	1.322344	1.319414
00:00:00.143	1.308425	1.311355	1.311355
00:00:00.143	1.317216	1.323810	1.323810
00:00:00.144	1.322344	1.326007	1.323810
00:00:00.144	1.313553	1.317216	1.315751
00:00:00.144	1.306227	1.315751	1.325275
00:00:00.145	1.323077	1.322344	1.323810
00:00:00.145	1.315018	1.317216	1.309890
00:00:00.146	1.306960	1.312821	1.317949
00:00:00.146	1.320147	1.323077	1.322344
00:00:00.146	1.317949	1.322344	1.320147
00:00:00.147	1.309158	1.312088	1.315018
00:00:00.147	1.315751	1.326007	1.323810
00:00:00.147	1.320147	1.321612	1.319414
00:00:00.148	1.314286	1.317216	1.317949
00:00:00.148	1.307692	1.314286	1.316484
00:00:00.148	1.317216	1.324542	1.323077
00:00:00.149	1.317949	1.331136	1.323810
00:00:00.149	1.315751	1.331136	1.321612
00:00:00.181	1.317949	1.327473	1.320879
00:00:00.182	1.314286	1.321612	1.320879
00:00:00.182	1.307692	1.315751	1.323077
00:00:00.182	1.307692	1.322344	1.315751
00:00:00.184	1.309158	1.309158	1.313553
00:00:00.184	1.302564	1.307692	1.309890
00:00:00.184	1.308425	1.325275	1.318681
00:00:00.184	1.311355	1.325275	1.320879
00:00:00.184	1.297436	1.293040	1.310623
00:00:00.185	1.284249	1.287912	1.303297
00:00:00.185	1.302564	1.307692	1.319414
00:00:00.185	1.307692	1.309890	1.309890
00:00:00.186	1.331136	1.331136	1.318681
00:00:00.186	1.312088	1.323077	1.322344
00:00:00.186	1.326740	1.328205	1.317216
00:00:00.187	1.365568	1.320879	1.326740
00:00:00.187	1.331136	1.325275	1.331868
00:00:00.187	1.315018	1.326007	1.322344
00:00:00.191	1.302564	1.323077	1.313553
00:00:00.191	1.326740	1.325275	1.320147
00:00:00.191	1.323810	1.326007	1.327473
00:00:00.191	1.316484	1.320879	1.315018
00:00:00.191	1.323077	1.328205	1.319414
00:00:00.191	1.299634	1.315751	1.318681
00:00:00.191	1.331868	1.326740	1.334799
00:00:00.191	1.317216	1.320147	1.328938
00:00:00.191	1.317216	1.323810	1.326007
00:00:00.191	1.307692	1.323810	1.326007
00:00:00.191	1.315018	1.326740	1.316484
00:00:00.192	1.300366	1.318681	1.307692
00:00:00.192	1.295971	1.319414	1.308425
00:00:00.192	1.298168	1.315751	1.304029
00:00:00.193	1.306227	1.317216	1.311355
00:00:00.193	1.303297	1.320879	1.317216
00:00:00.193	1.306227	1.319414	1.327473
00:00:00.194	1.316484	1.314286	1.343590
00:00:00.194	1.331868	1.316484	1.328938
00:00:00.195	1.308425	1.320147	1.335531
00:00:00.195	1.309890	1.327473	1.330403
00:00:00.195	1.309890	1.323810	1.320147
00:00:00.196	1.286447	1.314286	1.310623
00:00:00.196	1.282784	1.317216	1.292308
00:00:00.196	1.300366	1.328938	1.289377
00:00:00.197	1.310623	1.327473	1.299634
00:00:00.197	1.309890	1.309158	1.315751
00:00:00.197	1.338462	1.320147	1.323810
00:00:00.198	1.366300	1.323810	1.290110
00:00:00.198	1.378755	1.323810	1.316484
00:00:00.199	1.339927	1.319414	1.334066
00:00:00.199	1.288645	1.318681	1.342125
00:00:00.231	1.268132	1.327473	1.386813
00:00:00.231	1.287179	1.320879	1.377289
00:00:00.232	1.309158	1.323077	1.328205
00:00:00.232	1.297436	1.309890	1.307692
00:00:00.233	1.315018	1.326740	1.316484
00:00:00.233	1.314286	1.322344	1.323810
00:00:00.233	1.305495	1.325275	1.320147
00:00:00.234	1.276190	1.309890	1.300366
00:00:00.234	1.297436	1.326007	1.315018
00:00:00.234	1.298901	1.327473	1.321612
00:00:00.235	1.292308	1.318681	1.309158
00:00:00.235	1.291575	1.307692	1.305495
00:00:00.235	1.323810	1.321612	1.289377
00:00:00.236	1.349451	1.323810	1.276923
00:00:00.236	1.346520	1.313553	1.318681
00:00:00.236	1.320147	1.323810	1.323810
00:00:00.237	1.306227	1.326740	1.340659
00:00:00.237	1.312821	1.305495	1.337729
00:00:00.238	1.320879	1.305495	1.359707
00:00:00.238	1.346520	1.323077	1.357509
00:00:00.238	1.405128	1.326740	1.345788
00:00:00.239	1.387546	1.315751	1.336996
00:00:00.239	1.347253	1.313553	1.304029
00:00:00.239	1.312088	1.320879	1.300366
00:00:00.240	1.310623	1.323810	1.305495
00:00:00.240	1.279121	1.325275	1.312821
00:00:00.240	1.181685	1.310623	1.303297
00:00:00.241	1.136996	1.316484	1.309158
00:00:00.241	1.205861	1.315751	1.306227
00:00:00.241	1.383883	1.316484	1.312088
00:00:00.242	1.378022	1.315751	1.319414
00:00:00.242	1.380952	1.327473	1.331136
00:00:00.243	1.370696	1.320147	1.320879
00:00:00.243	1.327473	1.313553	1.310623
00:00:00.243	1.301832	1.312088	1.315751
00:00:00.244	1.331136	1.325275	1.326007
00:00:00.244	1.350183	1.320147	1.323810
00:00:00.244	1.315018	1.318681	1.330403
00:00:00.245	1.302564	1.324542	1.323810
00:00:00.245	1.300366	1.323077	1.314286
00:00:00.245	1.299634	1.323810	1.319414
00:00:00.246	1.300366	1.324542	1.323810
00:00:00.246	1.289377	1.315018	1.318681
00:00:00.246	1.281319	1.315751	1.304029
00:00:00.247	1.267399	1.311355	1.320147
00:00:00.247	1.301099	1.317949	1.331868
00:00:00.248	1.308425	1.315018	1.316484
00:00:00.248	1.316484	1.319414	1.308425
00:00:00.248	1.351648	1.323077	1.328205
00:00:00.250	1.387546	1.320879	1.323810
00:00:00.281	1.344322	1.325275	1.323810
00:00:00.281	1.323810	1.314286	1.323810
00:00:00.284	1.315018	1.320879	1.318681
00:00:00.284	1.302564	1.320147	1.314286
00:00:00.284	1.303297	1.320879	1.327473
00:00:00.284	1.308425	1.325275	1.325275
00:00:00.284	1.315751	1.326740	1.323810
00:00:00.284	1.301832	1.320147	1.317949
00:00:00.284	1.306227	1.323810	1.320147
00:00:00.284	1.308425	1.325275	1.321612
00:00:00.284	1.297436	1.323077	1.300366
00:00:00.288	1.303297	1.318681	1.307692
00:00:00.288	1.308425	1.315018	1.329670
00:00:00.288	1.332601	1.309890	1.332601
00:00:00.288	1.327473	1.330403	1.327473
00:00:00.288	1.303297	1.318681	1.314286
00:00:00.288	1.310623	1.326740	1.320147
00:00:00.288	1.317216	1.326740	1.320879
00:00:00.288	1.315018	1.320147	1.315018
00:00:00.288	1.315751	1.304762	1.320879
00:00:00.289	1.304029	1.255678	1.323810
00:00:00.289	1.318681	1.273260	1.317216
00:00:00.289	1.320147	1.305495	1.320879
00:00:00.289	1.306960	1.324542	1.319414
00:00:00.289	1.306227	1.340659	1.318681
00:00:00.290	1.317216	1.371429	1.326007
00:00:00.290	1.315018	1.400000	1.317216
00:00:00.291	1.312088	1.392674	1.312821
00:00:00.291	1.315751	1.350916	1.323810
00:00:00.291	1.309890	1.306227	1.326007
00:00:00.292	1.295971	1.268864	1.328205
00:00:00.292	1.300366	1.268864	1.323810
00:00:00.292	1.337729	1.292308	1.315018
00:00:00.293	1.365568	1.315018	1.311355
00:00:00.293	1.320879	1.305495	1.313553
00:00:00.293	1.309890	1.308425	1.312088
00:00:00.294	1.276190	1.320879	1.315018
00:00:00.294	1.269597	1.327473	1.317949
00:00:00.294	1.293773	1.330403	1.312821
00:00:00.295	1.327473	1.314286	1.321612
00:00:00.295	1.356044	1.318681	1.326740
00:00:00.296	1.311355	1.334799	1.321612
00:00:00.296	1.273260	1.375824	1.328205
00:00:00.296	1.305495	1.375092	1.322344
00:00:00.297	1.345788	1.350916	1.314286
00:00:00.297	1.389744	1.334066	1.317216
00:00:00.297	1.266667	1.326740	1.323810
00:00:00.298	1.236630	1.315751	1.319414
00:00:00.298	1.244689	1.301099	1.315751
00:00:00.298	1.261538	1.309890	1.326740
00:00:00.331	1.260073	1.295971	1.330403
00:00:00.331	1.273993	1.277656	1.323810
00:00:00.331	1.421978	1.307692	1.336996
00:00:00.332	1.528938	1.324542	1.331136
00:00:00.332	1.487912	1.307692	1.314286
00:00:00.332	1.365568	1.323077	1.312088
00:00:00.333	1.282051	1.332601	1.310623
00:00:00.333	1.276190	1.336264	1.311355
00:00:00.333	1.282051	1.331136	1.304762
00:00:00.334	1.238828	1.317949	1.316484
00:00:00.334	1.231502	1.311355	1.322344
00:00:00.335	1.412454	1.298901	1.316484
00:00:00.335	1.463004	1.321612	1.323077
00:00:00.335	1.427839	1.303297	1.312088
00:00:00.336	1.374359	1.323810	1.332601
00:00:00.336	1.273993	1.301832	1.338462
00:00:00.336	1.134066	1.287912	1.337729
00:00:00.337	1.154579	1.287912	1.317949
00:00:00.337	1.209524	1.296703	1.309158
00:00:00.337	1.255678	1.329670	1.299634
00:00:00.338	1.245421	1.350916	1.304762
00:00:00.338	1.121612	1.332601	1.300366
00:00:00.338	1.187546	1.311355	1.315018
00:00:00.339	1.301099	1.284249	1.320879
00:00:00.339	1.365568	1.402198	1.329670
00:00:00.340	1.429304	1.423443	1.331868
00:00:00.340	1.513553	1.381685	1.326007
00:00:00.341	1.468864	1.316484	1.334799
00:00:00.341	1.429304	1.290842	1.332601
00:00:00.341	1.350916	1.267399	1.323810
00:00:00.341	1.265201	1.249084	1.306960
00:00:00.342	1.276923	1.285714	1.318681
00:00:00.342	1.346520	1.269597	1.323810
00:00:00.342	1.312821	1.315018	1.320147
00:00:00.344	1.281319	1.326007	1.315018
00:00:00.344	1.276923	1.314286	1.310623
00:00:00.344	1.290110	1.338462	1.323810
00:00:00.344	1.306227	1.339927	1.323810
00:00:00.344	1.309158	1.337729	1.322344
00:00:00.347	1.290842	1.329670	1.312821
00:00:00.347	1.307692	1.333333	1.326740
00:00:00.347	1.312088	1.336996	1.334066
00:00:00.347	1.305495	1.333333	1.320879
00:00:00.347	1.294505	1.316484	1.313553
00:00:00.347	1.279853	1.310623	1.317949
00:00:00.347	1.325275	1.319414	1.323077
00:00:00.347	1.320147	1.320147	1.323810
00:00:00.347	1.287179	1.314286	1.312821
00:00:00.351	1.320147	1.308425	1.323077
00:00:00.351	1.405861	1.321612	1.336996
00:00:00.383	1.444689	1.322344	1.331136
00:00:00.383	1.438828	1.321612	1.315018
00:00:00.383	1.295238	1.323810	1.312088
00:00:00.383	1.154579	1.319414	1.284982
00:00:00.383	1.209524	1.322344	1.309158
00:00:00.383	1.288645	1.320147	1.316484
00:00:00.383	1.304762	1.317949	1.323077
00:00:00.383	1.305495	1.311355	1.313553
00:00:00.383	1.317949	1.316484	1.320879
00:00:00.384	1.317949	1.319414	1.323077
00:00:00.384	1.306960	1.315018	1.312821
00:00:00.385	1.299634	1.319414	1.320879
00:00:00.385	1.286447	1.320147	1.319414
00:00:00.385	1.291575	1.319414	1.320147
00:00:00.385	1.306227	1.319414	1.315751
00:00:00.386	1.334066	1.318681	1.326007
00:00:00.386	1.339194	1.317949	1.320879
00:00:00.386	1.373626	1.315751	1.323810
00:00:00.387	1.343590	1.323810	1.323810
00:00:00.387	1.291575	1.323810	1.323810
00:00:00.388	1.316484	1.326740	1.334799
00:00:00.388	1.366300	1.321612	1.332601
00:00:00.388	1.353114	1.312821	1.323077
00:00:00.389	1.405861	1.305495	1.311355
00:00:00.389	1.403663	1.306227	1.313553
00:00:00.389	1.230037	1.316484	1.306227
00:00:00.390	1.178755	1.318681	1.298901
00:00:00.390	1.205861	1.323810	1.312821
00:00:00.390	1.257143	1.326007	1.315751
00:00:00.391	1.294505	1.328938	1.320879
00:00:00.391	1.279853	1.324542	1.329670
00:00:00.391	1.284249	1.325275	1.328205
00:00:00.392	1.329670	1.326007	1.327473
00:00:00.393	1.367766	1.326007	1.328205
00:00:00.393	1.412454	1.323810	1.330403
00:00:00.393	1.397070	1.315751	1.312821
00:00:00.393	1.293773	1.320147	1.322344
00:00:00.394	1.318681	1.323077	1.328938
00:00:00.394	1.338462	1.317949	1.326740
00:00:00.394	1.279121	1.312821	1.307692
00:00:00.395	1.219048	1.319414	1.305495
00:00:00.395	1.341392	1.320879	1.307692
00:00:00.395	1.416117	1.328205	1.338462
00:00:00.396	1.412454	1.315018	1.339194
00:00:00.396	1.367033	1.317949	1.318681
00:00:00.396	1.287912	1.317216	1.315751
00:00:00.397	1.205128	1.321612	1.323810
00:00:00.397	1.027839	1.323810	1.311355
00:00:00.398	1.076923	1.330403	1.317949
00:00:00.398	1.246154	1.320879	1.313553
00:00:00.430	1.409524	1.279121	1.314286
00:00:00.430	1.451282	1.241026	1.333333
00:00:00.431	1.503297	1.286447	1.345788
00:00:00.431	1.562637	1.301099	1.338462
00:00:00.432	1.429304	1.299634	1.309158
00:00:00.432	1.342857	1.334799	1.310623
00:00:00.432	1.386081	1.375092	1.334799
00:00:00.433	1.191941	1.391209	1.300366
00:00:00.433	1.139194	1.407326	1.280586
00:00:00.433	1.216850	1.385348	1.285714
00:00:00.434	1.286447	1.344322	1.304762
00:00:00.434	1.361172	1.347253	1.342125
00:00:00.434	1.359707	1.345055	1.344322
00:00:00.435	1.309890	1.320147	1.321612
00:00:00.435	1.283516	1.295238	1.312821
00:00:00.436	1.276923	1.292308	1.300366
00:00:00.436	1.311355	1.285714	1.309890
00:00:00.436	1.317216	1.304762	1.331868
00:00:00.437	1.309890	1.300366	1.321612
00:00:00.437	1.308425	1.310623	1.330403
00:00:00.437	1.258608	1.308425	1.317949
00:00:00.438	1.271062	1.317216	1.322344
00:00:00.438	1.316484	1.322344	1.340659
00:00:00.438	1.377289	1.320147	1.329670
00:00:00.439	1.429304	1.317949	1.326740
00:00:00.439	1.446886	1.315018	1.326740
00:00:00.439	1.374359	1.317216	1.325275
00:00:00.441	1.320879	1.315018	1.312821
00:00:00.441	1.236630	1.317949	1.315751
00:00:00.441	1.193407	1.313553	1.294505
00:00:00.441	1.199267	1.315751	1.316484
00:00:00.441	1.316484	1.323077	1.329670
00:00:00.444	1.347253	1.312821	1.300366
00:00:00.444	1.339194	1.334066	1.317949
00:00:00.444	1.350916	1.323077	1.316484
00:00:00.444	1.369963	1.312088	1.320147
00:00:00.444	1.327473	1.320879	1.322344
00:00:00.444	1.228571	1.318681	1.309158
00:00:00.444	1.388278	1.314286	1.332601
00:00:00.444	1.361905	1.320879	1.336264
00:00:00.445	1.287179	1.317216	1.339194
00:00:00.445	1.282784	1.313553	1.330403
00:00:00.445	1.293040	1.320879	1.328938
00:00:00.449	1.289377	1.323077	1.322344
00:00:00.449	1.309158	1.319414	1.323810
00:00:00.449	1.325275	1.313553	1.327473
00:00:00.449	1.315018	1.316484	1.312821
00:00:00.449	1.298901	1.321612	1.320879
00:00:00.449	1.307692	1.326740	1.336264
00:00:00.449	1.302564	1.320147	1.319414
00:00:00.480	1.300366	1.317216	1.294505
00:00:00.480	1.312088	1.327473	1.294505
00:00:00.481	1.304762	1.320879	1.286447
00:00:00.481	1.317216	1.326007	1.296703
00:00:00.481	1.299634	1.315018	1.291575
00:00:00.482	1.308425	1.312088	1.303297
00:00:00.482	1.319414	1.319414	1.306227
00:00:00.482	1.316484	1.323810	1.306227
00:00:00.483	1.320147	1.321612	1.356777
00:00:00.483	1.337729	1.320147	1.386813
00:00:00.483	1.340659	1.312821	1.369231
00:00:00.484	1.367766	1.324542	1.389011
00:00:00.484	1.384615	1.312821	1.351648
00:00:00.485	1.358974	1.312088	1.321612
00:00:00.485	1.229304	1.312821	1.285714
00:00:00.485	1.341392	1.317216	1.299634
00:00:00.486	1.366300	1.317216	1.303297
00:00:00.486	1.204396	1.322344	1.295238
00:00:00.486	1.303297	1.323810	1.302564
00:00:00.487	1.292308	1.323077	1.303297
00:00:00.487	1.278388	1.315751	1.312821
00:00:00.487	1.257143	1.310623	1.312088
00:00:00.488	1.267399	1.321612	1.320147
00:00:00.488	1.293040	1.315018	1.307692
00:00:00.488	1.303297	1.324542	1.328205
00:00:00.489	1.308425	1.317949	1.318681
00:00:00.489	1.308425	1.314286	1.318681
00:00:00.490	1.336264	1.320147	1.327473
00:00:00.490	1.349451	1.317949	1.323810
00:00:00.490	1.326740	1.312088	1.314286
00:00:00.491	1.330403	1.325275	1.320147
00:00:00.491	1.326740	1.319414	1.313553
00:00:00.491	1.314286	1.315751	1.312821
00:00:00.492	1.328205	1.309158	1.314286
00:00:00.492	1.338462	1.312088	1.320147
00:00:00.492	1.303297	1.326740	1.326007
00:00:00.493	1.242491	1.320147	1.314286
00:00:00.493	1.203663	1.331136	1.304029
00:00:00.493	1.221978	1.320879	1.304762
00:00:00.494	1.273260	1.320147	1.327473
00:00:00.494	1.342857	1.319414	1.331868
00:00:00.495	1.395604	1.322344	1.336996
00:00:00.495	1.455678	1.321612	1.336264
00:00:00.495	1.500366	1.293040	1.332601
00:00:00.496	1.438828	1.267399	1.333333
00:00:00.496	1.367766	1.277656	1.313553
00:00:00.496	1.276923	1.299634	1.309158
00:00:00.498	1.261538	1.312088	1.320879
00:00:00.498	1.283516	1.334066	1.317949
00:00:00.498	1.273260	1.384615	1.323810
00:00:00.530	1.290110	1.404396	1.316484
00:00:00.530	1.306960	1.401465	1.317216
00:00:00.530	1.200000	1.329670	1.320879
00:00:00.531	1.194139	1.285714	1.308425
00:00:00.531	1.253480	1.296703	1.316484
00:00:00.531	1.359707	1.299634	1.323810
00:00:00.532	1.429304	1.320879	1.331136
00:00:00.532	1.407326	1.315018	1.317949
00:00:00.533	1.358242	1.317949	1.318681
00:00:00.533	1.264469	1.312088	1.312088
00:00:00.533	1.232967	1.318681	1.310623
00:00:00.534	1.183150	1.320879	1.315018
00:00:00.534	1.231502	1.315018	1.323077
00:00:00.534	1.215385	1.314286	1.323077
00:00:00.535	1.328938	1.317216	1.326007
00:00:00.535	1.378755	1.312821	1.328205
00:00:00.535	1.409524	1.315018	1.325275
00:00:00.536	1.397070	1.323077	1.341392
00:00:00.536	1.356777	1.335531	1.334799
00:00:00.536	1.331136	1.328938	1.315751
00:00:00.538	1.454212	1.328205	1.317216
00:00:00.538	1.465201	1.320879	1.313553
00:00:00.538	1.112821	1.311355	1.287912
00:00:00.538	1.225641	1.317949	1.309890
00:00:00.538	1.281319	1.312088	1.318681
00:00:00.541	1.289377	1.318681	1.322344
00:00:00.541	1.315018	1.304029	1.328938
00:00:00.541	1.338462	1.316484	1.340659
00:00:00.541	1.389744	1.317949	1.337729
00:00:00.541	1.367766	1.318681	1.331868
00:00:00.541	1.295971	1.323810	1.317216
00:00:00.541	1.240293	1.320879	1.307692
00:00:00.541	1.266667	1.319414	1.312821
00:00:00.541	1.304029	1.328205	1.325275
00:00:00.545	1.313553	1.323077	1.323077
00:00:00.545	1.316484	1.321612	1.322344
00:00:00.545	1.318681	1.314286	1.317216
00:00:00.545	1.313553	1.312821	1.314286
00:00:00.545	1.320879	1.325275	1.326740
00:00:00.545	1.323077	1.323077	1.323810
00:00:00.545	1.322344	1.320879	1.318681
00:00:00.545	1.317949	1.309890	1.317216
00:00:00.545	1.328938	1.311355	1.317216
00:00:00.545	1.328938	1.323077	1.336264
00:00:00.545	1.339194	1.327473	1.334066
00:00:00.546	1.315751	1.325275	1.336996
00:00:00.546	1.318681	1.320879	1.327473
00:00:00.546	1.276190	1.307692	1.312821
00:00:00.547	1.380220	1.320147	1.314286
00:00:00.547	1.354579	1.320879	1.305495
00:00:00.579	1.235165	1.315018	1.288645
00:00:00.580	1.251282	1.316484	1.308425
00:00:00.580	1.288645	1.326740	1.319414
00:00:00.580	1.298168	1.320879	1.318681
00:00:00.582	1.307692	1.320147	1.327473
00:00:00.582	1.304762	1.317949	1.323077
00:00:00.582	1.339194	1.318681	1.320879
00:00:00.582	1.338462	1.319414	1.313553
00:00:00.582	1.342857	1.313553	1.307692
00:00:00.583	1.318681	1.323077	1.317949
00:00:00.583	1.304029	1.315751	1.319414
00:00:00.583	1.309158	1.321612	1.312821
00:00:00.584	1.302564	1.313553	1.306960
00:00:00.584	1.315751	1.325275	1.316484
00:00:00.584	1.304762	1.318681	1.306960
00:00:00.585	1.308425	1.325275	1.323810
00:00:00.585	1.291575	1.317216	1.320147
00:00:00.585	1.276190	1.319414	1.339194
00:00:00.586	1.304029	1.320147	1.361172
00:00:00.586	1.336264	1.316484	1.341392
00:00:00.587	1.388278	1.318681	1.334799
00:00:00.587	1.335531	1.320147	1.330403
00:00:00.587	1.341392	1.317216	1.309158
00:00:00.588	1.306227	1.317216	1.296703
00:00:00.588	1.272527	1.317216	1.302564
00:00:00.588	1.331136	1.320879	1.295971
00:00:00.589	1.316484	1.323077	1.304029
00:00:00.589	1.264469	1.327473	1.311355
00:00:00.589	1.282051	1.323810	1.320147
00:00:00.590	1.324542	1.324542	1.330403
00:00:00.590	1.356044	1.326740	1.337729
00:00:00.591	1.402198	1.316484	1.326007
00:00:00.591	1.372161	1.309890	1.316484
00:00:00.591	1.316484	1.304029	1.321612
00:00:00.592	1.307692	1.296703	1.317216
00:00:00.592	1.297436	1.313553	1.309158
00:00:00.592	1.239560	1.323810	1.303297
00:00:00.593	1.247619	1.321612	1.327473
00:00:00.593	1.309158	1.314286	1.326007
00:00:00.593	1.302564	1.315018	1.320147
00:00:00.594	1.216850	1.312821	1.300366
00:00:00.594	1.323810	1.306960	1.305495
00:00:00.594	1.347253	1.322344	1.328938
00:00:00.595	1.357509	1.320879	1.334066
00:00:00.595	1.364103	1.333333	1.323810
00:00:00.596	1.331868	1.332601	1.331868
00:00:00.596	1.255678	1.322344	1.313553
00:00:00.596	1.219048	1.320147	1.312088
00:00:00.597	1.290842	1.320879	1.323077
00:00:00.597	1.334066	1.324542	1.307692
00:00:00.629	1.355311	1.317216	1.297436
00:00:00.630	1.378755	1.312821	1.301832
00:00:00.630	1.276923	1.319414	1.306227
00:00:00.630	1.273993	1.326007	1.328205
00:00:00.631	1.286447	1.309158	1.316484
00:00:00.631	1.309890	1.320879	1.328205
00:00:00.631	1.365568	1.309890	1.314286
00:00:00.632	1.341392	1.319414	1.316484
00:00:00.632	1.310623	1.318681	1.315751
00:00:00.632	1.357509	1.265934	1.320879
00:00:00.636	1.342125	1.265201	1.318681
00:00:00.636	1.345055	1.285714	1.328205
00:00:00.636	1.441026	1.318681	1.350916
00:00:00.636	1.334799	1.326007	1.328938
00:00:00.636	1.188278	1.349451	1.315751
00:00:00.636	1.245421	1.376557	1.304762
00:00:00.636	1.263736	1.400000	1.315018
00:00:00.636	1.304029	1.383883	1.306960
00:00:00.636	1.322344	1.321612	1.309158
00:00:00.636	1.315018	1.300366	1.322344
00:00:00.636	1.315018	1.306227	1.323810
00:00:00.640	1.313553	1.305495	1.322344
00:00:00.640	1.307692	1.301832	1.315018
00:00:00.640	1.317216	1.311355	1.327473
00:00:00.640	1.306960	1.309158	1.326007
00:00:00.640	1.309158	1.317949	1.312821
00:00:00.640	1.298901	1.309158	1.287179
00:00:00.640	1.282784	1.309158	1.287912
00:00:00.640	1.296703	1.320147	1.291575
00:00:00.640	1.312821	1.312821	1.281319
00:00:00.640	1.336996	1.317216	1.300366
00:00:00.640	1.332601	1.298168	1.302564
00:00:00.641	1.331136	1.312088	1.370696
00:00:00.641	1.333333	1.325275	1.437363
00:00:00.641	1.347985	1.338462	1.416850
00:00:00.642	1.326007	1.327473	1.320147
00:00:00.642	1.269597	1.320879	1.298168
00:00:00.642	1.304029	1.321612	1.298168
00:00:00.643	1.304029	1.317949	1.300366
00:00:00.643	1.292308	1.309890	1.302564
00:00:00.644	1.321612	1.323077	1.311355
00:00:00.644	1.301832	1.316484	1.300366
00:00:00.644	1.326007	1.323077	1.314286
00:00:00.645	1.297436	1.315018	1.313553
00:00:00.645	1.279121	1.328205	1.326007
00:00:00.645	1.299634	1.326007	1.324542
00:00:00.646	1.331868	1.323077	1.322344
00:00:00.646	1.326007	1.326740	1.326740
00:00:00.646	1.345788	1.315018	1.307692
00:00:00.647	1.351648	1.312088	1.312088
00:00:00.679	1.279121	1.320147	1.311355
00:00:00.679	1.241758	1.325275	1.320879
00:00:00.680	1.247619	1.320879	1.311355
00:00:00.680	1.330403	1.322344	1.321612
00:00:00.680	1.421245	1.319414	1.327473
00:00:00.681	1.392674	1.317949	1.323810
00:00:00.681	1.434432	1.326007	1.321612
00:00:00.681	1.386813	1.323077	1.325275
00:00:00.682	1.298901	1.328205	1.326007
00:00:00.682	1.147985	1.323077	1.314286
00:00:00.683	1.285714	1.317949	1.319414
00:00:00.683	1.345788	1.312088	1.313553
00:00:00.683	1.325275	1.310623	1.320147
00:00:00.684	1.375092	1.319414	1.323810
00:00:00.684	1.265934	1.312821	1.325275
00:00:00.684	1.318681	1.322344	1.339194
00:00:00.685	1.299634	1.319414	1.328205
00:00:00.685	1.323077	1.333333	1.317216
00:00:00.686	1.309890	1.312088	1.294505
00:00:00.686	1.233700	1.324542	1.294505
00:00:00.686	1.227839	1.328938	1.300366
00:00:00.686	1.276923	1.315751	1.307692
00:00:00.687	1.298168	1.323810	1.326007
00:00:00.687	1.317949	1.328938	1.323810
00:00:00.688	1.344322	1.318681	1.319414
00:00:00.688	1.369231	1.329670	1.334799
00:00:00.688	1.374359	1.309890	1.344322
00:00:00.689	1.389011	1.307692	1.345055
00:00:00.689	1.342125	1.303297	1.310623
00:00:00.689	1.288645	1.315751	1.306960
00:00:00.690	1.209524	1.297436	1.300366
00:00:00.690	1.258608	1.316484	1.304029
00:00:00.690	1.309890	1.312821	1.312088
00:00:00.691	1.306227	1.342125	1.308425
00:00:00.691	1.285714	1.361172	1.318681
00:00:00.691	1.260073	1.335531	1.309158
00:00:00.692	1.291575	1.306960	1.322344
00:00:00.692	1.333333	1.308425	1.319414
00:00:00.693	1.348718	1.315751	1.323810
00:00:00.693	1.338462	1.336996	1.326740
00:00:00.693	1.317949	1.309158	1.315018
00:00:00.694	1.312088	1.312088	1.321612
00:00:00.694	1.302564	1.317216	1.319414
00:00:00.694	1.285714	1.313553	1.312821
00:00:00.696	1.295971	1.317949	1.317949
00:00:00.696	1.327473	1.312821	1.314286
00:00:00.696	1.421245	1.326007	1.328205
00:00:00.696	1.401465	1.318681	1.320147
00:00:00.696	1.360440	1.324542	1.328938
00:00:00.699	1.213919	1.315751	1.312821
00:00:00.730	1.243223	1.308425	1.307692
00:00:00.730	1.311355	1.318681	1.309890
00:00:00.730	1.323810	1.310623	1.290842
00:00:00.730	1.317216	1.307692	1.307692
00:00:00.730	1.287179	1.249817	1.314286
00:00:00.732	1.273993	1.268864	1.334066
00:00:00.732	1.297436	1.305495	1.352381
00:00:00.732	1.326007	1.320879	1.335531
00:00:00.732	1.372161	1.336264	1.320879
00:00:00.732	1.452747	1.369963	1.317216
00:00:00.732	1.348718	1.402198	1.322344
00:00:00.733	1.284982	1.402198	1.316484
00:00:00.733	1.273260	1.361172	1.298168
00:00:00.737	1.280586	1.306960	1.310623
00:00:00.737	1.298168	1.309158	1.326007
00:00:00.737	1.301832	1.307692	1.323077
00:00:00.737	1.290842	1.302564	1.305495
00:00:00.737	1.270330	1.304029	1.312088
00:00:00.737	1.286447	1.309890	1.320879
00:00:00.737	1.309158	1.312088	1.326740
00:00:00.737	1.291575	1.307692	1.318681
00:00:00.737	1.326740	1.317949	1.332601
00:00:00.737	1.343590	1.315018	1.329670
00:00:00.737	1.383883	1.317949	1.333333
00:00:00.737	1.405861	1.325275	1.333333
00:00:00.738	1.317949	1.312821	1.318681
00:00:00.738	1.173626	1.307692	1.300366
00:00:00.738	1.380220	1.304029	1.313553
00:00:00.739	1.452015	1.304029	1.311355
00:00:00.739	1.317949	1.295238	1.311355
00:00:00.739	1.252015	1.300366	1.320147
00:00:00.740	1.252747	1.312088	1.321612
00:00:00.740	1.247619	1.321612	1.311355
00:00:00.741	1.252015	1.331136	1.312821
00:00:00.741	1.281319	1.331868	1.300366
00:00:00.741	1.282051	1.338462	1.313553
00:00:00.742	1.323810	1.336264	1.323810
00:00:00.742	1.345788	1.327473	1.313553
00:00:00.742	1.331136	1.338462	1.320879
00:00:00.743	1.317216	1.342857	1.321612
00:00:00.743	1.299634	1.334066	1.315751
00:00:00.743	1.328205	1.302564	1.312821
00:00:00.744	1.365568	1.307692	1.332601
00:00:00.744	1.391209	1.315751	1.326007
00:00:00.744	1.349451	1.311355	1.317949
00:00:00.745	1.290110	1.308425	1.315018
00:00:00.745	1.259341	1.313553	1.327473
00:00:00.746	1.287179	1.323810	1.328938
00:00:00.746	1.369231	1.319414	1.323810
00:00:00.746	1.346520	1.305495	1.317949
00:00:00.778	1.254945	1.321612	1.326740
00:00:00.779	1.312088	1.322344	1.341392
00:00:00.779	1.402930	1.335531	1.333333
00:00:00.780	1.295238	1.334799	1.311355
00:00:00.780	1.258608	1.331868	1.311355
00:00:00.780	1.167766	1.328938	1.303297
00:00:00.781	1.263736	1.322344	1.309158
00:00:00.781	1.291575	1.315018	1.308425
00:00:00.781	1.304762	1.306227	1.326740
00:00:00.782	1.334066	1.292308	1.315751
00:00:00.782	1.350916	1.293040	1.315751
00:00:00.782	1.346520	1.304029	1.313553
00:00:00.783	1.343590	1.313553	1.304762
00:00:00.783	1.295971	1.332601	1.324542
00:00:00.784	1.260073	1.326740	1.313553
00:00:00.784	1.303297	1.315751	1.321612
00:00:00.784	1.281319	1.320147	1.318681
00:00:00.785	1.407326	1.321612	1.329670
00:00:00.785	1.450549	1.326007	1.330403
00:00:00.785	1.343590	1.319414	1.317216
00:00:00.786	1.246154	1.315751	1.319414
00:00:00.786	1.178755	1.324542	1.326740
00:00:00.786	1.241758	1.326007	1.323077
00:00:00.787	1.336264	1.318681	1.315751
00:00:00.787	1.417582	1.315018	1.315751
00:00:00.787	1.435165	1.324542	1.325275
00:00:00.788	1.348718	1.319414	1.320879
00:00:00.788	1.288645	1.323810	1.320879
00:00:00.789	1.336996	1.315751	1.312821
00:00:00.789	1.337729	1.314286	1.322344
00:00:00.789	1.300366	1.318681	1.317949
00:00:00.790	1.272527	1.320147	1.309158
00:00:00.791	1.269597	1.316484	1.310623
00:00:00.791	1.271062	1.311355	1.306960
00:00:00.791	1.304762	1.323077	1.327473
00:00:00.791	1.334066	1.319414	1.315751
00:00:00.791	1.400000	1.316484	1.318681
00:00:00.794	1.290110	1.323810	1.312821
00:00:00.794	1.228571	1.323077	1.330403
00:00:00.794	1.282784	1.320147	1.350183
00:00:00.794	1.305495	1.321612	1.328938
00:00:00.794	1.298901	1.323810	1.330403
00:00:00.794	1.323077	1.323077	1.325275
00:00:00.794	1.379487	1.322344	1.323077
00:00:00.794	1.445421	1.320879	1.326007
00:00:00.796	1.452747	1.323810	1.312821
00:00:00.796	1.397070	1.325275	1.301832
00:00:00.796	1.239560	1.321612	1.276923
00:00:00.797	1.161905	1.323077	1.279121
00:00:00.797	1.297436	1.310623	1.293773
00:00:00.828	1.194872	1.318681	1.320147
00:00:00.829	1.219780	1.320147	1.323810
00:00:00.829	1.253480	1.314286	1.357509
00:00:00.829	1.263736	1.320147	1.340659
00:00:00.833	1.316484	1.324542	1.320879
00:00:00.833	1.338462	1.317949	1.318681
00:00:00.833	1.348718	1.306960	1.328938
00:00:00.833	1.335531	1.321612	1.336996
00:00:00.833	1.358242	1.323077	1.331136
00:00:00.833	1.367033	1.323077	1.327473
00:00:00.833	1.319414	1.316484	1.312088
00:00:00.833	1.254945	1.317949	1.309158
00:00:00.833	1.291575	1.324542	1.320879
00:00:00.833	1.287179	1.324542	1.307692
00:00:00.833	1.282784	1.314286	1.306227
00:00:00.834	1.291575	1.322344	1.331868
00:00:00.834	1.363370	1.317949	1.342125
00:00:00.834	1.344322	1.257875	1.349451
00:00:00.835	1.271062	1.261538	1.320147
00:00:00.835	1.329670	1.299634	1.309890
00:00:00.835	1.344322	1.320879	1.278388
00:00:00.836	1.481319	1.337729	1.303297
00:00:00.836	1.525275	1.364835	1.307692
00:00:00.836	1.293773	1.399267	1.320147
00:00:00.837	1.252015	1.408059	1.323810
00:00:00.837	1.301832	1.373626	1.317949
00:00:00.838	1.233700	1.312088	1.309890
00:00:00.838	1.241758	1.291575	1.316484
00:00:00.838	1.307692	1.295238	1.323810
00:00:00.839	1.304029	1.297436	1.321612
00:00:00.839	1.300366	1.305495	1.320147
00:00:00.839	1.291575	1.312821	1.323810
00:00:00.840	1.298168	1.306960	1.315018
00:00:00.840	1.299634	1.309890	1.318681
00:00:00.840	1.285714	1.321612	1.321612
00:00:00.841	1.293040	1.316484	1.315751
00:00:00.841	1.306960	1.315751	1.315751
00:00:00.842	1.306960	1.312088	1.312821
00:00:00.842	1.306227	1.311355	1.321612
00:00:00.843	1.317216	1.320147	1.328205
00:00:00.843	1.287912	1.315018	1.317949
00:00:00.843	1.290110	1.315018	1.317949
00:00:00.843	1.395604	1.323810	1.326007
00:00:00.844	1.349451	1.321612	1.315751
00:00:00.844	1.362637	1.337729	1.320147
00:00:00.844	1.380220	1.338462	1.328205
00:00:00.845	1.293773	1.328205	1.320147
00:00:00.845	1.244689	1.323077	1.323077
00:00:00.845	1.377289	1.292308	1.321612
00:00:00.846	1.445421	1.269597	1.323810
00:00:00.878	1.416117	1.281319	1.321612
00:00:00.878	1.376557	1.312821	1.319414
00:00:00.879	1.208791	1.324542	1.312821
00:00:00.879	1.119414	1.320147	1.309890
00:00:00.879	1.167766	1.339927	1.318681
00:00:00.880	1.254945	1.355311	1.311355
00:00:00.880	1.321612	1.359707	1.328205
00:00:00.881	1.326007	1.345055	1.325275
00:00:00.881	1.328205	1.326007	1.320147
00:00:00.881	1.328938	1.323810	1.323810
00:00:00.882	1.304029	1.310623	1.325275
00:00:00.882	1.310623	1.310623	1.320147
00:00:00.882	1.376557	1.317949	1.323810
00:00:00.883	1.368498	1.317949	1.327473
00:00:00.883	1.326740	1.323810	1.323810
00:00:00.883	1.313553	1.325275	1.323077
00:00:00.884	1.290842	1.312088	1.312821
00:00:00.884	1.285714	1.306227	1.300366
00:00:00.884	1.300366	1.321612	1.317216
00:00:00.885	1.318681	1.318681	1.303297
00:00:00.885	1.334066	1.322344	1.317949
00:00:00.886	1.330403	1.323810	1.326740
00:00:00.886	1.328205	1.321612	1.328938
00:00:00.886	1.326007	1.323077	1.326007
00:00:00.887	1.300366	1.309890	1.315018
00:00:00.887	1.305495	1.318681	1.322344
00:00:00.887	1.304762	1.312821	1.314286
00:00:00.888	1.291575	1.315018	1.321612
00:00:00.888	1.304762	1.317949	1.320147
00:00:00.888	1.319414	1.317949	1.318681
00:00:00.889	1.284249	1.319414	1.315751
00:00:00.889	1.264469	1.312088	1.307692
00:00:00.889	1.351648	1.313553	1.316484
00:00:00.890	1.385348	1.328938	1.323810
00:00:00.890	1.364835	1.322344	1.306960
00:00:00.892	1.353114	1.313553	1.311355
00:00:00.892	1.356044	1.324542	1.335531
00:00:00.892	1.284982	1.313553	1.306960
00:00:00.893	1.293773	1.326007	1.323077
00:00:00.893	1.273260	1.326740	1.331868
00:00:00.893	1.253480	1.322344	1.328205
00:00:00.893	1.232967	1.313553	1.313553
00:00:00.893	1.280586	1.306227	1.303297
00:00:00.893	1.371429	1.321612	1.321612
00:00:00.898	1.367766	1.314286	1.313553
00:00:00.898	1.392674	1.318681	1.304029
