timestamp	ch1	ch2	ch3
00:00:00.000	1.300366	1.315018	1.315751
00:00:00.000	1.312088	1.329670	1.329670
00:00:00.000	1.315751	1.323077	1.323077
00:00:00.001	1.306960	1.318681	1.322344
00:00:00.001	1.319414	1.324542	1.317949
00:00:00.001	1.322344	1.321612	1.318681
00:00:00.002	1.310623	1.308425	1.307692
00:00:00.002	1.309890	1.317216	1.320879
00:00:00.002	1.320147	1.326740	1.327473
00:00:00.003	1.311355	1.323810	1.315018
00:00:00.003	1.312088	1.320147	1.312088
00:00:00.004	1.300366	1.313553	1.316484
00:00:00.004	1.299634	1.321612	1.320147
00:00:00.004	1.309158	1.326007	1.322344
00:00:00.005	1.297436	1.312088	1.317949
00:00:00.005	1.312088	1.323810	1.329670
00:00:00.005	1.299634	1.319414	1.323810
00:00:00.006	1.312088	1.320147	1.323077
00:00:00.006	1.306227	1.304762	1.300366
00:00:00.006	1.328938	1.323810	1.323810
00:00:00.007	1.333333	1.330403	1.328938
00:00:00.007	1.330403	1.321612	1.332601
00:00:00.008	1.330403	1.321612	1.328938
00:00:00.008	1.312088	1.315018	1.318681
00:00:00.008	1.304029	1.320879	1.323810
00:00:00.009	1.320879	1.325275	1.326007
00:00:00.009	1.311355	1.318681	1.311355
00:00:00.009	1.306227	1.317216	1.316484
00:00:00.010	1.311355	1.322344	1.325275
00:00:00.010	1.320879	1.325275	1.320879
00:00:00.010	1.320879	1.316484	1.315751
00:00:00.011	1.302564	1.308425	1.308425
00:00:00.011	1.308425	1.308425	1.307692
00:00:00.011	1.307692	1.320147	1.321612
00:00:00.012	1.314286	1.319414	1.316484
00:00:00.012	1.306227	1.315018	1.312088
00:00:00.013	1.315018	1.320147	1.322344
00:00:00.013	1.312821	1.323077	1.323810
00:00:00.014	1.317216	1.323077	1.318681
00:00:00.014	1.308425	1.317216	1.319414
00:00:00.014	1.294505	1.316484	1.326740
00:00:00.014	1.309158	1.321612	1.321612
00:00:00.015	1.317949	1.320879	1.306227
00:00:00.015	1.309158	1.315751	1.300366
00:00:00.015	1.307692	1.309890	1.315751
00:00:00.017	1.319414	1.323810	1.321612
00:00:00.017	1.317216	1.321612	1.317949
00:00:00.017	1.314286	1.314286	1.305495
00:00:00.017	1.310623	1.312821	1.323810
00:00:00.017	1.325275	1.325275	1.334066
00:00:00.049	1.323810	1.324542	1.336996
00:00:00.050	1.311355	1.309158	1.318681
00:00:00.050	1.321612	1.327473	1.328938
00:00:00.050	1.311355	1.320879	1.317949
00:00:00.051	1.305495	1.312821	1.323077
00:00:00.051	1.312821	1.318681	1.330403
00:00:00.054	1.312821	1.316484	1.314286
00:00:00.054	1.307692	1.320879	1.295238
00:00:00.054	1.302564	1.320147	1.302564
00:00:00.054	1.306227	1.320879	1.308425
00:00:00.054	1.304029	1.318681	1.304029
00:00:00.054	1.309890	1.320147	1.306227
00:00:00.056	1.312088	1.317949	1.319414
00:00:00.056	1.320147	1.317216	1.340659
00:00:00.056	1.317949	1.303297	1.338462
00:00:00.056	1.329670	1.319414	1.335531
00:00:00.056	1.330403	1.321612	1.331868
00:00:00.056	1.330403	1.318681	1.320879
00:00:00.056	1.312088	1.322344	1.321612
00:00:00.056	1.309158	1.316484	1.314286
00:00:00.057	1.308425	1.323810	1.313553
00:00:00.061	1.304029	1.321612	1.310623
00:00:00.061	1.297436	1.316484	1.304029
00:00:00.061	1.298168	1.308425	1.308425
00:00:00.061	1.333333	1.325275	1.338462
00:00:00.061	1.313553	1.320147	1.311355
00:00:00.061	1.312088	1.326007	1.310623
00:00:00.061	1.309890	1.320879	1.315018
00:00:00.061	1.295238	1.306960	1.300366
00:00:00.061	1.306227	1.320879	1.320147
00:00:00.061	1.296703	1.313553	1.314286
00:00:00.061	1.317949	1.326007	1.320147
00:00:00.061	1.318681	1.311355	1.321612
00:00:00.061	1.319414	1.313553	1.342857
00:00:00.063	1.322344	1.320147	1.328938
00:00:00.063	1.323077	1.325275	1.326740
00:00:00.063	1.320147	1.317216	1.325275
00:00:00.063	1.301832	1.308425	1.316484
00:00:00.063	1.315751	1.323810	1.320879
00:00:00.063	1.318681	1.323810	1.315018
00:00:00.064	1.295238	1.316484	1.312821
00:00:00.064	1.304762	1.312088	1.306227
00:00:00.064	1.317949	1.326007	1.320879
00:00:00.065	1.310623	1.315018	1.311355
00:00:00.065	1.323077	1.319414	1.323810
00:00:00.066	1.326740	1.325275	1.341392
00:00:00.066	1.315018	1.323810	1.330403
00:00:00.066	1.295971	1.313553	1.313553
00:00:00.067	1.312088	1.311355	1.312088
00:00:00.067	1.310623	1.312088	1.306960
00:00:00.099	1.300366	1.318681	1.318681
00:00:00.100	1.312088	1.325275	1.321612
00:00:00.100	1.315751	1.321612	1.321612
00:00:00.100	1.302564	1.314286	1.315751
00:00:00.101	1.299634	1.313553	1.313553
00:00:00.101	1.310623	1.321612	1.320879
00:00:00.101	1.312821	1.317949	1.317949
00:00:00.102	1.311355	1.322344	1.316484
00:00:00.102	1.307692	1.316484	1.312821
00:00:00.102	1.309158	1.314286	1.311355
00:00:00.103	1.317949	1.325275	1.323810
00:00:00.103	1.318681	1.321612	1.320147
00:00:00.103	1.317949	1.320879	1.319414
00:00:00.104	1.312088	1.312088	1.316484
00:00:00.104	1.319414	1.320147	1.323810
00:00:00.105	1.320147	1.324542	1.316484
00:00:00.105	1.313553	1.326007	1.315018
00:00:00.105	1.304762	1.309890	1.315018
00:00:00.106	1.310623	1.323810	1.326740
00:00:00.106	1.312821	1.319414	1.323810
00:00:00.106	1.304029	1.312821	1.312821
00:00:00.107	1.304762	1.312821	1.318681
00:00:00.107	1.314286	1.323810	1.336996
00:00:00.107	1.309158	1.320147	1.328205
00:00:00.108	1.315018	1.321612	1.317216
00:00:00.108	1.307692	1.313553	1.308425
00:00:00.108	1.307692	1.311355	1.309890
00:00:00.109	1.312821	1.324542	1.323077
00:00:00.109	1.318681	1.323077	1.321612
00:00:00.110	1.311355	1.317216	1.319414
00:00:00.110	1.309158	1.317949	1.320147
00:00:00.110	1.306960	1.315751	1.317949
00:00:00.111	1.313553	1.322344	1.328938
00:00:00.111	1.299634	1.311355	1.317949
00:00:00.111	1.301832	1.315018	1.310623
00:00:00.112	1.298901	1.319414	1.309158
00:00:00.112	1.313553	1.326007	1.314286
00:00:00.112	1.306960	1.314286	1.308425
00:00:00.113	1.309890	1.314286	1.314286
00:00:00.113	1.316484	1.326007	1.334066
00:00:00.113	1.317949	1.325275	1.323810
00:00:00.114	1.315751	1.323810	1.322344
00:00:00.114	1.319414	1.325275	1.328205
00:00:00.115	1.306227	1.324542	1.329670
00:00:00.115	1.310623	1.317949	1.319414
00:00:00.115	1.326740	1.320147	1.320879
00:00:00.116	1.317949	1.318681	1.305495
00:00:00.116	1.321612	1.321612	1.309890
00:00:00.117	1.320879	1.325275	1.307692
00:00:00.117	1.316484	1.320879	1.298168
00:00:00.151	1.315751	1.312821	1.305495
00:00:00.151	1.310623	1.311355	1.317949
00:00:00.151	1.315751	1.318681	1.317216
00:00:00.151	1.312088	1.311355	1.312821
00:00:00.151	1.304029	1.313553	1.318681
00:00:00.151	1.309158	1.319414	1.314286
00:00:00.151	1.297436	1.320147	1.323810
00:00:00.151	1.316484	1.317949	1.317949
00:00:00.152	1.315751	1.312821	1.318681
00:00:00.152	1.315018	1.321612	1.323077
00:00:00.153	1.300366	1.315751	1.317949
00:00:00.153	1.309158	1.312821	1.311355
00:00:00.153	1.307692	1.312821	1.319414
00:00:00.157	1.312821	1.315751	1.325275
00:00:00.157	1.309890	1.320147	1.315751
00:00:00.157	1.309158	1.314286	1.315751
00:00:00.157	1.303297	1.319414	1.326740
00:00:00.157	1.312088	1.325275	1.326007
00:00:00.157	1.298901	1.313553	1.316484
00:00:00.157	1.312088	1.320147	1.317216
00:00:00.157	1.296703	1.309158	1.315751
00:00:00.157	1.322344	1.325275	1.326740
00:00:00.157	1.331136	1.327473	1.326007
00:00:00.157	1.319414	1.325275	1.323810
00:00:00.158	1.315018	1.321612	1.318681
00:00:00.158	1.294505	1.308425	1.302564
00:00:00.158	1.320147	1.324542	1.323810
00:00:00.159	1.315018	1.316484	1.313553
00:00:00.159	1.315018	1.325275	1.323077
00:00:00.159	1.317949	1.326007	1.328205
00:00:00.160	1.308425	1.317216	1.321612
00:00:00.160	1.306960	1.312821	1.313553
00:00:00.160	1.303297	1.315018	1.318681
00:00:00.161	1.314286	1.326007	1.326007
00:00:00.161	1.304762	1.320879	1.328205
00:00:00.161	1.290110	1.309158	1.312821
00:00:00.162	1.315018	1.327473	1.317949
00:00:00.162	1.314286	1.317216	1.307692
00:00:00.163	1.333333	1.321612	1.322344
00:00:00.163	1.316484	1.313553	1.317216
00:00:00.163	1.301099	1.310623	1.321612
00:00:00.164	1.306227	1.320147	1.327473
00:00:00.164	1.279853	1.316484	1.318681
00:00:00.164	1.295238	1.322344	1.326007
00:00:00.165	1.310623	1.321612	1.323077
00:00:00.165	1.327473	1.315018	1.312821
00:00:00.165	1.346520	1.319414	1.320147
00:00:00.166	1.327473	1.321612	1.317216
00:00:00.166	1.346520	1.324542	1.328938
00:00:00.166	1.365568	1.316484	1.321612
00:00:00.199	1.344322	1.323077	1.312088
00:00:00.199	1.290842	1.312821	1.298901
00:00:00.199	1.280586	1.308425	1.299634
00:00:00.200	1.305495	1.320147	1.315018
00:00:00.200	1.305495	1.313553	1.312821
00:00:00.200	1.310623	1.315018	1.313553
00:00:00.201	1.299634	1.315751	1.315018
00:00:00.201	1.320879	1.319414	1.323810
00:00:00.202	1.316484	1.324542	1.323810
00:00:00.203	1.309158	1.322344	1.317216
00:00:00.203	1.306227	1.321612	1.323810
00:00:00.203	1.310623	1.327473	1.315018
00:00:00.203	1.290110	1.323810	1.315751
00:00:00.203	1.281319	1.312088	1.315018
00:00:00.204	1.288645	1.296703	1.312088
00:00:00.204	1.298168	1.258608	1.330403
00:00:00.204	1.310623	1.278388	1.333333
00:00:00.205	1.328938	1.293773	1.327473
00:00:00.205	1.349451	1.314286	1.325275
00:00:00.206	1.406593	1.327473	1.326007
00:00:00.206	1.420513	1.351648	1.331136
00:00:00.206	1.378755	1.386081	1.323077
00:00:00.207	1.348718	1.385348	1.308425
00:00:00.207	1.315018	1.373626	1.299634
00:00:00.207	1.212454	1.350916	1.316484
00:00:00.208	1.205861	1.312821	1.320147
00:00:00.208	1.205128	1.287912	1.304029
00:00:00.208	1.257875	1.286447	1.308425
00:00:00.209	1.304762	1.308425	1.326007
00:00:00.209	1.306227	1.307692	1.317216
00:00:00.209	1.311355	1.307692	1.308425
00:00:00.210	1.336264	1.317216	1.331868
00:00:00.210	1.332601	1.313553	1.323810
00:00:00.211	1.329670	1.315018	1.323810
00:00:00.211	1.329670	1.315751	1.321612
00:00:00.211	1.315751	1.315751	1.320147
00:00:00.212	1.300366	1.309890	1.317216
00:00:00.212	1.300366	1.309890	1.314286
00:00:00.212	1.323810	1.324542	1.323810
00:00:00.214	1.315018	1.312821	1.309158
00:00:00.214	1.296703	1.316484	1.311355
00:00:00.214	1.293040	1.315751	1.309158
00:00:00.217	1.315751	1.320879	1.317949
00:00:00.217	1.322344	1.328205	1.326740
00:00:00.217	1.312088	1.317216	1.318681
00:00:00.217	1.339194	1.319414	1.338462
00:00:00.217	1.370696	1.323810	1.345055
00:00:00.217	1.344322	1.320879	1.337729
00:00:00.217	1.312088	1.311355	1.314286
00:00:00.217	1.289377	1.320147	1.305495
00:00:00.248	1.303297	1.319414	1.332601
00:00:00.249	1.320879	1.323077	1.328938
00:00:00.249	1.319414	1.321612	1.323810
00:00:00.253	1.331868	1.316484	1.306227
00:00:00.253	1.332601	1.318681	1.304029
00:00:00.253	1.320879	1.324542	1.311355
00:00:00.253	1.270330	1.321612	1.317216
00:00:00.253	1.268864	1.323077	1.317216
00:00:00.253	1.287912	1.315018	1.302564
00:00:00.253	1.310623	1.323077	1.295238
00:00:00.253	1.303297	1.320879	1.293773
00:00:00.253	1.312088	1.323077	1.329670
00:00:00.253	1.310623	1.314286	1.331136
00:00:00.253	1.304762	1.316484	1.328205
00:00:00.253	1.314286	1.318681	1.307692
00:00:00.254	1.328938	1.318681	1.353114
00:00:00.255	1.344322	1.318681	1.373626
00:00:00.255	1.335531	1.320147	1.358974
00:00:00.255	1.328205	1.321612	1.334799
00:00:00.255	1.317216	1.317216	1.318681
00:00:00.256	1.316484	1.323077	1.317949
00:00:00.256	1.307692	1.312821	1.303297
00:00:00.256	1.303297	1.313553	1.306227
00:00:00.257	1.307692	1.324542	1.313553
00:00:00.257	1.307692	1.324542	1.311355
00:00:00.257	1.309158	1.315751	1.304029
00:00:00.258	1.295971	1.312088	1.309158
00:00:00.258	1.306227	1.320147	1.318681
00:00:00.258	1.282784	1.327473	1.317949
00:00:00.259	1.257875	1.320147	1.316484
00:00:00.259	1.250549	1.313553	1.309890
00:00:00.260	1.286447	1.320147	1.319414
00:00:00.260	1.314286	1.319414	1.318681
00:00:00.260	1.340659	1.318681	1.320147
00:00:00.261	1.382418	1.318681	1.319414
00:00:00.261	1.449817	1.318681	1.316484
00:00:00.261	1.439560	1.320147	1.320879
00:00:00.262	1.331868	1.321612	1.315018
00:00:00.262	1.271062	1.319414	1.319414
00:00:00.262	1.260806	1.315751	1.323810
00:00:00.263	1.275458	1.318681	1.317949
00:00:00.263	1.279853	1.318681	1.315018
00:00:00.264	1.298901	1.334066	1.336996
00:00:00.264	1.308425	1.323077	1.319414
00:00:00.264	1.350183	1.326740	1.323810
00:00:00.265	1.328205	1.316484	1.315751
00:00:00.265	1.328205	1.330403	1.323810
00:00:00.265	1.310623	1.326007	1.323810
00:00:00.266	1.306227	1.321612	1.319414
00:00:00.266	1.306227	1.322344	1.322344
00:00:00.298	1.311355	1.317949	1.318681
00:00:00.299	1.319414	1.323077	1.326740
00:00:00.299	1.311355	1.319414	1.319414
00:00:00.299	1.312821	1.323077	1.322344
00:00:00.300	1.315018	1.320879	1.323077
00:00:00.300	1.300366	1.314286	1.316484
00:00:00.300	1.316484	1.324542	1.323810
00:00:00.301	1.313553	1.325275	1.323810
00:00:00.301	1.299634	1.311355	1.315751
00:00:00.301	1.300366	1.317216	1.317216
00:00:00.302	1.312088	1.320147	1.314286
00:00:00.302	1.320147	1.323810	1.323077
00:00:00.303	1.317949	1.323810	1.323810
00:00:00.303	1.297436	1.326740	1.323810
00:00:00.303	1.260806	1.319414	1.317949
00:00:00.304	1.249084	1.326007	1.332601
00:00:00.304	1.287912	1.327473	1.334066
00:00:00.304	1.340659	1.306227	1.332601
00:00:00.305	1.393407	1.254212	1.321612
00:00:00.305	1.511355	1.266667	1.318681
00:00:00.305	1.482784	1.292308	1.323810
00:00:00.306	1.257875	1.317949	1.298901
00:00:00.306	1.172894	1.336264	1.301832
00:00:00.307	1.175824	1.367766	1.308425
00:00:00.307	1.294505	1.399267	1.310623
00:00:00.307	1.337729	1.416850	1.320879
00:00:00.308	1.305495	1.373626	1.315751
00:00:00.308	1.312088	1.326740	1.323077
00:00:00.308	1.387546	1.304762	1.328205
00:00:00.309	1.379487	1.312088	1.328205
00:00:00.309	1.289377	1.312821	1.317949
00:00:00.309	1.332601	1.309158	1.323810
00:00:00.310	1.346520	1.302564	1.329670
00:00:00.310	1.309158	1.312088	1.328205
00:00:00.310	1.296703	1.313553	1.323077
00:00:00.313	1.273260	1.312821	1.310623
00:00:00.313	1.292308	1.308425	1.302564
00:00:00.313	1.312821	1.312821	1.317216
00:00:00.313	1.320879	1.318681	1.323810
00:00:00.313	1.317216	1.321612	1.330403
00:00:00.313	1.315751	1.323810	1.330403
00:00:00.313	1.308425	1.314286	1.313553
00:00:00.313	1.304762	1.322344	1.323810
00:00:00.318	1.273993	1.317216	1.320147
00:00:00.318	1.293040	1.326007	1.326007
00:00:00.318	1.318681	1.322344	1.323810
00:00:00.318	1.331868	1.321612	1.321612
00:00:00.318	1.321612	1.312821	1.306227
00:00:00.318	1.342125	1.323077	1.319414
00:00:00.318	1.333333	1.311355	1.312088
00:00:00.349	1.339194	1.323077	1.318681
00:00:00.349	1.311355	1.323077	1.316484
00:00:00.349	1.288645	1.313553	1.314286
00:00:00.349	1.314286	1.318681	1.317949
00:00:00.349	1.323810	1.311355	1.320147
00:00:00.350	1.317949	1.323077	1.319414
00:00:00.351	1.296703	1.317216	1.315751
00:00:00.351	1.316484	1.323810	1.319414
00:00:00.351	1.321612	1.315751	1.304029
00:00:00.351	1.332601	1.324542	1.323810
00:00:00.352	1.305495	1.315018	1.326007
00:00:00.352	1.306227	1.317949	1.312821
00:00:00.352	1.299634	1.322344	1.321612
00:00:00.353	1.302564	1.320879	1.322344
00:00:00.353	1.306960	1.320879	1.333333
00:00:00.353	1.305495	1.322344	1.330403
00:00:00.354	1.305495	1.318681	1.326007
00:00:00.354	1.297436	1.324542	1.320147
00:00:00.354	1.292308	1.323077	1.316484
00:00:00.355	1.290842	1.317216	1.317216
00:00:00.355	1.334799	1.325275	1.308425
00:00:00.355	1.351648	1.312088	1.293773
00:00:00.356	1.358242	1.316484	1.308425
00:00:00.356	1.401465	1.323077	1.323810
00:00:00.357	1.372161	1.323810	1.337729
00:00:00.357	1.323810	1.310623	1.335531
00:00:00.357	1.247619	1.326007	1.338462
00:00:00.358	1.185348	1.309158	1.306227
00:00:00.358	1.167033	1.315018	1.323077
00:00:00.358	1.257875	1.312821	1.309158
00:00:00.359	1.273993	1.309890	1.309890
00:00:00.359	1.320147	1.320147	1.319414
00:00:00.359	1.345788	1.326740	1.323810
00:00:00.360	1.383883	1.323810	1.317949
00:00:00.360	1.360440	1.306960	1.308425
00:00:00.361	1.334799	1.317216	1.333333
00:00:00.361	1.372894	1.324542	1.323077
00:00:00.361	1.331136	1.309890	1.310623
00:00:00.362	1.304029	1.306227	1.304029
00:00:00.362	1.326007	1.324542	1.326740
00:00:00.362	1.296703	1.320879	1.326007
00:00:00.363	1.291575	1.320879	1.322344
00:00:00.363	1.280586	1.328205	1.320147
00:00:00.363	1.270330	1.312088	1.312088
00:00:00.364	1.273260	1.314286	1.313553
00:00:00.364	1.265934	1.323810	1.319414
00:00:00.364	1.294505	1.328205	1.323810
00:00:00.365	1.322344	1.328205	1.328205
00:00:00.365	1.307692	1.323810	1.330403
00:00:00.366	1.276190	1.317949	1.319414
00:00:00.398	1.411722	1.323077	1.323077
00:00:00.398	1.521612	1.331868	1.336264
00:00:00.398	1.474725	1.319414	1.317949
00:00:00.399	1.338462	1.320147	1.304762
00:00:00.399	1.345788	1.322344	1.313553
00:00:00.400	1.200733	1.321612	1.312088
00:00:00.400	1.175092	1.320879	1.307692
00:00:00.400	1.115751	1.323077	1.329670
00:00:00.401	1.259341	1.312821	1.319414
00:00:00.401	1.360440	1.317949	1.307692
00:00:00.401	1.446154	1.318681	1.312088
00:00:00.402	1.424176	1.311355	1.320879
00:00:00.402	1.360440	1.322344	1.334066
00:00:00.402	1.328938	1.324542	1.326740
00:00:00.403	1.258608	1.317949	1.322344
00:00:00.403	1.264469	1.326007	1.326007
00:00:00.403	1.271795	1.313553	1.317949
00:00:00.404	1.276923	1.317949	1.323810
00:00:00.404	1.309158	1.317949	1.326007
00:00:00.406	1.352381	1.321612	1.317949
00:00:00.406	1.347253	1.312821	1.307692
00:00:00.406	1.271795	1.316484	1.323810
00:00:00.407	1.290842	1.323810	1.315018
00:00:00.407	1.318681	1.323077	1.309158
00:00:00.407	1.337729	1.321612	1.312821
00:00:00.408	1.319414	1.323077	1.322344
00:00:00.408	1.295238	1.312821	1.315751
00:00:00.408	1.305495	1.321612	1.323810
00:00:00.408	1.314286	1.324542	1.328205
00:00:00.408	1.332601	1.327473	1.333333
00:00:00.408	1.349451	1.314286	1.331868
00:00:00.409	1.334799	1.260806	1.320879
00:00:00.409	1.309890	1.248352	1.309158
00:00:00.414	1.294505	1.297436	1.316484
00:00:00.414	1.245421	1.326007	1.312821
00:00:00.414	1.235897	1.336264	1.309158
00:00:00.414	1.225641	1.329670	1.308425
00:00:00.414	1.319414	1.364103	1.323810
00:00:00.414	1.361172	1.404396	1.318681
00:00:00.414	1.353846	1.378755	1.312088
00:00:00.414	1.342857	1.323810	1.326007
00:00:00.414	1.334799	1.317949	1.317949
00:00:00.414	1.339927	1.311355	1.311355
00:00:00.414	1.332601	1.337729	1.317949
00:00:00.414	1.327473	1.347253	1.313553
00:00:00.414	1.299634	1.350183	1.323810
00:00:00.414	1.300366	1.318681	1.327473
00:00:00.415	1.300366	1.296703	1.320879
00:00:00.415	1.301099	1.298168	1.317216
00:00:00.415	1.298901	1.299634	1.321612
00:00:00.447	1.306960	1.307692	1.326007
00:00:00.448	1.332601	1.313553	1.332601
00:00:00.448	1.329670	1.315751	1.328938
00:00:00.449	1.329670	1.306227	1.328938
00:00:00.449	1.325275	1.316484	1.334066
00:00:00.449	1.327473	1.319414	1.327473
00:00:00.450	1.275458	1.312821	1.314286
00:00:00.450	1.233700	1.306960	1.304029
00:00:00.450	1.249084	1.318681	1.309890
00:00:00.451	1.276923	1.331136	1.318681
00:00:00.451	1.320147	1.329670	1.317216
00:00:00.451	1.324542	1.312821	1.300366
00:00:00.452	1.323810	1.309158	1.318681
00:00:00.452	1.426374	1.316484	1.323810
00:00:00.453	1.468132	1.312088	1.318681
00:00:00.453	1.469597	1.300366	1.323077
00:00:00.453	1.304762	1.316484	1.333333
00:00:00.454	1.149451	1.301832	1.296703
00:00:00.454	1.273260	1.311355	1.308425
00:00:00.454	1.332601	1.323810	1.330403
00:00:00.455	1.328205	1.332601	1.328938
00:00:00.455	1.312088	1.326007	1.318681
00:00:00.455	1.329670	1.320879	1.326740
00:00:00.456	1.312088	1.325275	1.329670
00:00:00.456	1.305495	1.326007	1.320879
00:00:00.456	1.315018	1.319414	1.317216
00:00:00.457	1.282051	1.312821	1.304029
00:00:00.457	1.218315	1.313553	1.312088
00:00:00.458	1.316484	1.312821	1.309890
00:00:00.458	1.389744	1.331868	1.333333
00:00:00.458	1.388278	1.326007	1.331136
00:00:00.459	1.312088	1.318681	1.303297
00:00:00.459	1.258608	1.316484	1.306227
00:00:00.459	1.249084	1.317949	1.323810
00:00:00.460	1.198535	1.323810	1.330403
00:00:00.460	1.268864	1.320879	1.318681
00:00:00.460	1.315018	1.315751	1.318681
00:00:00.461	1.333333	1.317949	1.323810
00:00:00.461	1.334066	1.315018	1.320879
00:00:00.461	1.315018	1.323077	1.332601
00:00:00.462	1.276923	1.320147	1.322344
00:00:00.462	1.329670	1.317216	1.317949
00:00:00.463	1.331136	1.319414	1.310623
00:00:00.464	1.293040	1.321612	1.300366
00:00:00.464	1.277656	1.320879	1.294505
00:00:00.464	1.295971	1.323077	1.290842
00:00:00.464	1.318681	1.312821	1.291575
00:00:00.464	1.322344	1.307692	1.284249
00:00:00.465	1.343590	1.318681	1.307692
00:00:00.465	1.387546	1.315018	1.347253
00:00:00.497	1.364835	1.312088	1.353846
00:00:00.498	1.332601	1.323077	1.375824
00:00:00.498	1.300366	1.312088	1.355311
00:00:00.498	1.392674	1.320147	1.377289
00:00:00.499	1.297436	1.320147	1.328205
00:00:00.499	1.268864	1.319414	1.293040
00:00:00.499	1.271062	1.317949	1.285714
00:00:00.500	1.260806	1.321612	1.304762
00:00:00.500	1.261538	1.320879	1.306227
00:00:00.500	1.292308	1.323810	1.323810
00:00:00.501	1.305495	1.314286	1.309890
00:00:00.501	1.338462	1.318681	1.312821
00:00:00.503	1.378755	1.310623	1.306227
00:00:00.503	1.320147	1.318681	1.306227
00:00:00.503	1.318681	1.317216	1.304762
00:00:00.505	1.326007	1.322344	1.332601
00:00:00.505	1.333333	1.319414	1.328205
00:00:00.505	1.347985	1.315751	1.300366
00:00:00.505	1.380952	1.317216	1.323810
00:00:00.505	1.369963	1.318681	1.363370
00:00:00.505	1.282051	1.309890	1.328205
00:00:00.505	1.256410	1.312821	1.298168
00:00:00.505	1.231502	1.319414	1.304762
00:00:00.505	1.293040	1.323810	1.309158
00:00:00.510	1.309158	1.313553	1.305495
00:00:00.510	1.313553	1.319414	1.320879
00:00:00.510	1.323810	1.318681	1.331868
00:00:00.510	1.351648	1.328205	1.331136
00:00:00.510	1.351648	1.326740	1.328205
00:00:00.510	1.305495	1.323077	1.313553
00:00:00.510	1.333333	1.320147	1.311355
00:00:00.510	1.266667	1.306960	1.307692
00:00:00.510	1.301099	1.317949	1.317216
00:00:00.510	1.309158	1.323077	1.323810
00:00:00.510	1.424176	1.318681	1.327473
00:00:00.510	1.394139	1.304029	1.317216
00:00:00.510	1.283516	1.318681	1.326740
00:00:00.511	1.158242	1.316484	1.322344
00:00:00.512	1.257875	1.317949	1.323077
00:00:00.512	1.271795	1.323077	1.319414
00:00:00.512	1.270330	1.320879	1.316484
00:00:00.512	1.285714	1.309890	1.312088
00:00:00.512	1.345055	1.330403	1.323810
00:00:00.513	1.381685	1.330403	1.327473
00:00:00.513	1.389011	1.320879	1.318681
00:00:00.513	1.372161	1.319414	1.321612
00:00:00.514	1.260073	1.307692	1.305495
00:00:00.514	1.310623	1.306960	1.311355
00:00:00.514	1.330403	1.251282	1.330403
00:00:00.515	1.274725	1.258608	1.332601
00:00:00.548	1.238095	1.281319	1.312088
00:00:00.548	1.278388	1.312821	1.312821
00:00:00.548	1.376557	1.330403	1.319414
00:00:00.548	1.293040	1.378755	1.315751
00:00:00.548	1.257875	1.400733	1.300366
00:00:00.549	1.285714	1.422711	1.311355
00:00:00.549	1.310623	1.358974	1.313553
00:00:00.550	1.298168	1.308425	1.318681
00:00:00.550	1.338462	1.312088	1.326007
00:00:00.550	1.347253	1.315018	1.326007
00:00:00.551	1.348718	1.299634	1.323077
00:00:00.551	1.360440	1.310623	1.325275
00:00:00.551	1.314286	1.306227	1.308425
00:00:00.552	1.238828	1.309158	1.310623
00:00:00.552	1.289377	1.311355	1.307692
00:00:00.552	1.320879	1.304762	1.312088
00:00:00.553	1.333333	1.317216	1.334799
00:00:00.553	1.300366	1.310623	1.329670
00:00:00.553	1.292308	1.306960	1.328205
00:00:00.554	1.383150	1.317949	1.335531
00:00:00.554	1.379487	1.320879	1.326007
00:00:00.555	1.275458	1.321612	1.309890
00:00:00.555	1.243956	1.321612	1.317949
00:00:00.555	1.252747	1.315751	1.319414
00:00:00.556	1.308425	1.318681	1.323810
00:00:00.556	1.361172	1.318681	1.311355
00:00:00.556	1.345788	1.311355	1.310623
00:00:00.557	1.340659	1.323810	1.315018
00:00:00.557	1.349451	1.320879	1.316484
00:00:00.557	1.325275	1.320879	1.323810
00:00:00.558	1.317949	1.310623	1.311355
00:00:00.558	1.317949	1.320879	1.309890
00:00:00.558	1.317949	1.320879	1.317949
00:00:00.559	1.312088	1.315751	1.321612
00:00:00.559	1.314286	1.313553	1.320879
00:00:00.560	1.300366	1.315018	1.320147
00:00:00.560	1.313553	1.324542	1.330403
00:00:00.560	1.306227	1.326740	1.326007
00:00:00.561	1.315751	1.324542	1.326740
00:00:00.561	1.316484	1.328205	1.330403
00:00:00.561	1.311355	1.324542	1.323810
00:00:00.562	1.314286	1.320147	1.329670
00:00:00.562	1.309890	1.313553	1.313553
00:00:00.562	1.304762	1.323810	1.320147
00:00:00.563	1.296703	1.315751	1.315018
00:00:00.563	1.300366	1.310623	1.311355
00:00:00.563	1.298168	1.322344	1.323810
00:00:00.565	1.289377	1.312821	1.306960
00:00:00.565	1.301832	1.317949	1.316484
00:00:00.565	1.319414	1.315018	1.298901
00:00:00.597	1.329670	1.309158	1.298901
00:00:00.597	1.375824	1.321612	1.326740
00:00:00.597	1.396337	1.325275	1.343590
00:00:00.599	1.384615	1.323077	1.332601
00:00:00.599	1.397802	1.312821	1.323077
00:00:00.600	1.331868	1.323077	1.327473
00:00:00.600	1.216117	1.318681	1.310623
00:00:00.600	1.137729	1.323810	1.312088
00:00:00.600	1.235165	1.320147	1.305495
00:00:00.600	1.279853	1.318681	1.314286
00:00:00.600	1.242491	1.311355	1.311355
00:00:00.604	1.267399	1.320879	1.312088
00:00:00.604	1.290842	1.320879	1.309158
00:00:00.604	1.293040	1.317216	1.316484
00:00:00.604	1.285714	1.311355	1.323810
00:00:00.604	1.347253	1.328205	1.342125
00:00:00.604	1.436630	1.327473	1.339194
00:00:00.604	1.394139	1.311355	1.318681
00:00:00.604	1.301099	1.309158	1.312088
00:00:00.604	1.430769	1.318681	1.319414
00:00:00.604	1.382418	1.312821	1.306960
00:00:00.604	1.294505	1.320147	1.319414
00:00:00.605	1.272527	1.319414	1.323810
00:00:00.605	1.273260	1.321612	1.317216
00:00:00.605	1.286447	1.316484	1.317216
00:00:00.606	1.334799	1.312821	1.328205
00:00:00.606	1.441026	1.323077	1.320879
00:00:00.606	1.347985	1.308425	1.297436
00:00:00.607	1.252747	1.307692	1.285714
00:00:00.607	1.240293	1.318681	1.306227
00:00:00.608	1.284982	1.320879	1.314286
00:00:00.608	1.315018	1.323077	1.330403
00:00:00.608	1.318681	1.318681	1.328938
00:00:00.609	1.326007	1.323077	1.330403
00:00:00.609	1.309158	1.325275	1.323810
00:00:00.609	1.256410	1.323077	1.310623
00:00:00.610	1.313553	1.328205	1.323077
00:00:00.610	1.296703	1.324542	1.323810
00:00:00.610	1.305495	1.325275	1.326740
00:00:00.611	1.315018	1.327473	1.329670
00:00:00.611	1.303297	1.320147	1.330403
00:00:00.611	1.330403	1.313553	1.326740
00:00:00.612	1.375824	1.311355	1.316484
00:00:00.612	1.339194	1.326007	1.314286
00:00:00.613	1.356777	1.322344	1.308425
00:00:00.613	1.245421	1.318681	1.290110
00:00:00.613	1.230769	1.315751	1.290842
00:00:00.614	1.273993	1.319414	1.321612
00:00:00.614	1.300366	1.317216	1.339194
00:00:00.614	1.322344	1.317216	1.330403
00:00:00.647	1.282784	1.317949	1.320879
00:00:00.647	1.313553	1.319414	1.320879
00:00:00.647	1.320879	1.323810	1.336264
00:00:00.648	1.295238	1.323077	1.323077
00:00:00.648	1.262271	1.313553	1.303297
00:00:00.648	1.295238	1.323810	1.319414
00:00:00.649	1.339194	1.317216	1.313553
00:00:00.649	1.375824	1.326007	1.313553
00:00:00.649	1.389744	1.324542	1.313553
00:00:00.650	1.410256	1.316484	1.312088
00:00:00.650	1.409524	1.312821	1.311355
00:00:00.650	1.348718	1.320879	1.315018
00:00:00.651	1.319414	1.326740	1.321612
00:00:00.651	1.276190	1.319414	1.318681
00:00:00.652	1.240293	1.318681	1.319414
00:00:00.652	1.230769	1.307692	1.311355
00:00:00.652	1.291575	1.314286	1.317949
00:00:00.653	1.326007	1.323810	1.326007
00:00:00.653	1.323810	1.321612	1.317949
00:00:00.653	1.314286	1.316484	1.307692
00:00:00.654	1.309158	1.324542	1.316484
00:00:00.654	1.294505	1.315751	1.306960
00:00:00.654	1.304762	1.323810	1.340659
00:00:00.655	1.328205	1.327473	1.359707
00:00:00.655	1.326007	1.320147	1.340659
00:00:00.655	1.323810	1.317216	1.311355
00:00:00.656	1.312088	1.318681	1.315751
00:00:00.656	1.308425	1.319414	1.323077
00:00:00.657	1.330403	1.326007	1.320147
00:00:00.657	1.326007	1.325275	1.312088
00:00:00.657	1.310623	1.311355	1.300366
00:00:00.658	1.300366	1.319414	1.312821
00:00:00.658	1.307692	1.326740	1.300366
00:00:00.658	1.313553	1.320147	1.321612
00:00:00.659	1.315751	1.320879	1.331136
00:00:00.659	1.300366	1.315018	1.320879
00:00:00.659	1.293773	1.320879	1.322344
00:00:00.660	1.309158	1.326740	1.323077
00:00:00.661	1.313553	1.326740	1.322344
00:00:00.661	1.308425	1.321612	1.320879
00:00:00.661	1.342125	1.313553	1.307692
00:00:00.661	1.382418	1.312088	1.319414
00:00:00.662	1.334066	1.328938	1.334066
00:00:00.662	1.281319	1.323810	1.332601
00:00:00.662	1.293773	1.318681	1.311355
00:00:00.665	1.345788	1.312821	1.315751
00:00:00.665	1.338462	1.320147	1.317216
00:00:00.665	1.268864	1.317216	1.304762
00:00:00.665	1.235897	1.318681	1.300366
00:00:00.665	1.358242	1.323077	1.309890
00:00:00.697	1.350183	1.320879	1.312821
00:00:00.697	1.313553	1.317949	1.319414
00:00:00.697	1.242491	1.318681	1.317216
00:00:00.697	1.147985	1.316484	1.312088
00:00:00.701	1.312821	1.320879	1.319414
00:00:00.701	1.397070	1.323810	1.325275
00:00:00.701	1.449817	1.316484	1.318681
00:00:00.701	1.378755	1.320879	1.314286
00:00:00.701	1.353114	1.310623	1.300366
00:00:00.701	1.393407	1.305495	1.366300
00:00:00.701	1.405861	1.285714	1.347253
00:00:00.701	1.331868	1.246154	1.332601
00:00:00.701	1.386081	1.265934	1.318681
00:00:00.701	1.241026	1.298901	1.293040
00:00:00.701	0.945788	1.306960	1.276923
00:00:00.702	1.004396	1.341392	1.289377
00:00:00.702	1.320147	1.391209	1.315751
00:00:00.702	1.449817	1.421245	1.323077
00:00:00.703	1.449817	1.429304	1.331868
00:00:00.703	1.411722	1.341392	1.318681
00:00:00.703	1.226374	1.296703	1.303297
00:00:00.705	1.147985	1.286447	1.296703
00:00:00.705	1.249817	1.296703	1.315751
00:00:00.705	1.347985	1.291575	1.315018
00:00:00.705	1.386813	1.304762	1.326007
00:00:00.705	1.374359	1.322344	1.329670
00:00:00.706	1.366300	1.318681	1.331136
00:00:00.706	1.365568	1.316484	1.328938
00:00:00.706	1.375824	1.309890	1.317216
00:00:00.707	1.328938	1.306960	1.314286
00:00:00.707	1.303297	1.321612	1.329670
00:00:00.707	1.262271	1.326740	1.337729
00:00:00.708	1.232967	1.320879	1.331136
00:00:00.708	1.244689	1.316484	1.309158
00:00:00.708	1.338462	1.313553	1.311355
00:00:00.709	1.354579	1.323077	1.312088
00:00:00.709	1.356044	1.306960	1.306227
00:00:00.710	1.371429	1.320147	1.319414
00:00:00.710	1.325275	1.310623	1.311355
00:00:00.710	1.312088	1.317949	1.323810
00:00:00.711	1.298168	1.307692	1.311355
00:00:00.711	1.307692	1.318681	1.315018
00:00:00.711	1.300366	1.311355	1.317216
00:00:00.712	1.284249	1.317216	1.331868
00:00:00.712	1.316484	1.324542	1.338462
00:00:00.712	1.343590	1.322344	1.331868
00:00:00.713	1.316484	1.322344	1.318681
00:00:00.713	1.295238	1.317216	1.317949
00:00:00.713	1.309890	1.321612	1.323810
00:00:00.714	1.323077	1.324542	1.321612
00:00:00.746	1.317216	1.321612	1.316484
00:00:00.746	1.300366	1.314286	1.317949
00:00:00.747	1.310623	1.319414	1.317216
00:00:00.747	1.315018	1.321612	1.317216
00:00:00.748	1.315018	1.325275	1.323810
00:00:00.748	1.303297	1.315018	1.314286
00:00:00.748	1.310623	1.317949	1.320879
00:00:00.749	1.308425	1.320147	1.318681
00:00:00.749	1.306227	1.321612	1.317949
00:00:00.749	1.312088	1.322344	1.316484
00:00:00.750	1.304762	1.312088	1.302564
00:00:00.750	1.304029	1.307692	1.304029
00:00:00.750	1.313553	1.321612	1.315018
00:00:00.751	1.320147	1.322344	1.317949
00:00:00.751	1.298168	1.313553	1.313553
00:00:00.751	1.306227	1.324542	1.342857
00:00:00.752	1.296703	1.313553	1.323810
00:00:00.753	1.303297	1.316484	1.315751
00:00:00.753	1.309890	1.313553	1.327473
00:00:00.753	1.334799	1.325275	1.337729
00:00:00.753	1.310623	1.314286	1.318681
00:00:00.754	1.313553	1.315018	1.310623
00:00:00.754	1.315751	1.312088	1.306227
00:00:00.754	1.320147	1.322344	1.323810
00:00:00.755	1.327473	1.323810	1.316484
00:00:00.755	1.316484	1.324542	1.317949
00:00:00.755	1.315751	1.314286	1.309890
00:00:00.757	1.351648	1.325275	1.319414
00:00:00.757	1.327473	1.325275	1.329670
00:00:00.757	1.307692	1.325275	1.336264
00:00:00.757	1.309158	1.325275	1.333333
00:00:00.757	1.341392	1.322344	1.319414
00:00:00.758	1.322344	1.313553	1.310623
00:00:00.758	1.232967	1.317216	1.312821
00:00:00.758	1.136264	1.312088	1.299634
00:00:00.761	1.235897	1.325275	1.316484
00:00:00.761	1.329670	1.326740	1.321612
00:00:00.761	1.392674	1.322344	1.323810
00:00:00.761	1.424908	1.320879	1.327473
00:00:00.761	1.353114	1.313553	1.329670
00:00:00.761	1.320147	1.323810	1.339194
00:00:00.761	1.338462	1.318681	1.326740
00:00:00.761	1.379487	1.316484	1.328205
00:00:00.761	1.385348	1.320147	1.311355
00:00:00.766	1.331136	1.322344	1.309890
00:00:00.766	1.288645	1.326740	1.315751
00:00:00.766	1.258608	1.334066	1.327473
00:00:00.766	1.201465	1.324542	1.317216
00:00:00.766	1.171429	1.306227	1.297436
00:00:00.766	1.268864	1.311355	1.290110
00:00:00.798	1.288645	1.308425	1.296703
00:00:00.798	1.333333	1.315751	1.327473
00:00:00.798	1.391209	1.323810	1.327473
00:00:00.798	1.425641	1.323810	1.336264
00:00:00.798	1.446886	1.328205	1.331136
00:00:00.798	1.351648	1.325275	1.322344
00:00:00.798	1.349451	1.320879	1.323810
00:00:00.799	1.289377	1.321612	1.326740
00:00:00.799	1.246154	1.323810	1.329670
00:00:00.799	1.279121	1.319414	1.315751
00:00:00.799	1.290110	1.320879	1.309158
00:00:00.800	1.300366	1.324542	1.320879
00:00:00.800	1.317216	1.331136	1.326007
00:00:00.800	1.224176	1.325275	1.323810
00:00:00.801	1.315018	1.323810	1.336264
00:00:00.801	1.331136	1.323077	1.333333
00:00:00.802	1.397802	1.317949	1.308425
00:00:00.802	1.287912	1.309890	1.293040
00:00:00.802	1.324542	1.314286	1.302564
00:00:00.803	1.328205	1.312088	1.309890
00:00:00.803	1.319414	1.320147	1.310623
00:00:00.803	1.317949	1.320147	1.315018
00:00:00.804	1.323077	1.326740	1.326007
00:00:00.804	1.314286	1.326740	1.298901
00:00:00.804	1.304762	1.320879	1.347253
00:00:00.805	1.309158	1.327473	1.409524
00:00:00.805	1.326740	1.312821	1.355311
00:00:00.806	1.326007	1.326007	1.315751
00:00:00.806	1.315751	1.320147	1.295971
00:00:00.806	1.316484	1.319414	1.301832
00:00:00.807	1.310623	1.317216	1.299634
00:00:00.807	1.310623	1.323077	1.322344
00:00:00.807	1.319414	1.324542	1.320879
00:00:00.808	1.312088	1.322344	1.312088
00:00:00.808	1.310623	1.314286	1.309158
00:00:00.809	1.297436	1.311355	1.317216
00:00:00.809	1.312088	1.326740	1.323810
00:00:00.809	1.311355	1.323077	1.312088
00:00:00.809	1.303297	1.310623	1.310623
00:00:00.810	1.312088	1.323077	1.315018
00:00:00.810	1.318681	1.321612	1.326007
00:00:00.811	1.311355	1.309158	1.314286
00:00:00.811	1.330403	1.324542	1.323077
00:00:00.811	1.338462	1.323077	1.315018
00:00:00.812	1.368498	1.316484	1.312821
00:00:00.812	1.369963	1.312821	1.342857
00:00:00.812	1.230037	1.317949	1.326007
00:00:00.813	1.179487	1.313553	1.312821
00:00:00.813	1.276190	1.318681	1.314286
00:00:00.813	1.321612	1.311355	1.332601
00:00:00.846	1.315751	1.313553	1.317949
00:00:00.846	1.320147	1.322344	1.320147
00:00:00.846	1.311355	1.310623	1.305495
00:00:00.847	1.315018	1.307692	1.300366
00:00:00.847	1.331136	1.320147	1.321612
00:00:00.847	1.338462	1.322344	1.322344
00:00:00.848	1.337729	1.286447	1.318681
00:00:00.848	1.327473	1.253480	1.316484
00:00:00.849	1.305495	1.264469	1.307692
00:00:00.849	1.284982	1.306227	1.319414
00:00:00.849	1.272527	1.328938	1.321612
00:00:00.850	1.306227	1.358242	1.312088
00:00:00.850	1.309158	1.394139	1.297436
00:00:00.850	1.301832	1.412454	1.315018
00:00:00.851	1.295238	1.401465	1.317949
00:00:00.851	1.301832	1.334799	1.317216
00:00:00.851	1.290110	1.295238	1.300366
00:00:00.852	1.312088	1.295238	1.311355
00:00:00.852	1.367033	1.293040	1.318681
00:00:00.852	1.384615	1.296703	1.335531
00:00:00.854	1.342857	1.308425	1.328205
00:00:00.854	1.312088	1.314286	1.331868
00:00:00.854	1.309890	1.312821	1.323810
00:00:00.854	1.312088	1.305495	1.323810
00:00:00.854	1.274725	1.310623	1.320879
00:00:00.857	1.314286	1.315018	1.316484
00:00:00.857	1.360440	1.317216	1.309890
00:00:00.857	1.345055	1.311355	1.306960
00:00:00.857	1.313553	1.305495	1.312088
00:00:00.857	1.291575	1.323077	1.325275
00:00:00.857	1.252015	1.323810	1.322344
00:00:00.857	1.210256	1.320879	1.321612
00:00:00.857	1.305495	1.309890	1.312821
00:00:00.857	1.315751	1.317216	1.321612
00:00:00.862	1.361905	1.322344	1.323810
00:00:00.862	1.350916	1.321612	1.322344
00:00:00.862	1.254945	1.324542	1.315751
00:00:00.862	1.206593	1.322344	1.312088
00:00:00.862	1.311355	1.319414	1.305495
00:00:00.862	1.354579	1.309158	1.312821
00:00:00.862	1.300366	1.318681	1.317949
00:00:00.862	1.331136	1.328205	1.321612
00:00:00.862	1.403663	1.324542	1.322344
00:00:00.862	1.366300	1.322344	1.323810
00:00:00.862	1.350183	1.313553	1.315018
00:00:00.862	1.336264	1.311355	1.323810
00:00:00.862	1.304762	1.320879	1.326740
00:00:00.862	1.276923	1.328205	1.323810
00:00:00.863	1.340659	1.326007	1.322344
00:00:00.863	1.320879	1.318681	1.317949
